9000
4237 4239
4236 4238
4236 4239
1396 1398
1395 1397
1395 1398
7555 7557
7554 7556
7554 7557
4714 4716
4713 4715
4713 4716
1873 1875
1872 1874
1872 1875
8032 8034
8031 8033
8031 8034
5191 5193
5190 5192
5190 5193
2350 2352
2349 2351
2349 2352
8509 8511
8508 8510
8508 8511
5668 5670
5667 5669
5667 5670
2827 2829
2826 2828
2826 2829
8986 8988
8985 8987
8985 8988
6145 6147
6144 6146
6144 6147
3304 3306
3303 3305
3303 3306
463 465
462 464
462 465
6622 6624
6621 6623
6621 6624
3781 3783
3780 3782
3780 3783
940 942
939 941
939 942
7099 7101
7098 7100
7098 7101
4258 4260
4257 4259
4257 4260
1417 1419
1416 1418
1416 1419
7576 7578
7575 7577
7575 7578
4735 4737
4734 4736
4734 4737
1894 1896
1893 1895
1893 1896
8053 8055
8052 8054
8052 8055
5212 5214
5211 5213
5211 5214
2371 2373
2370 2372
2370 2373
8530 8532
8529 8531
8529 8532
5689 5691
5688 5690
5688 5691
2848 2850
2847 2849
2847 2850
7 9
6 8
6 9
6166 6168
6165 6167
6165 6168
3325 3327
3324 3326
3324 3327
484 486
483 485
483 486
6643 6645
6642 6644
6642 6645
3802 3804
3801 3803
3801 3804
961 963
960 962
960 963
7120 7122
7119 7121
7119 7122
4279 4281
4278 4280
4278 4281
1438 1440
1437 1439
1437 1440
7597 7599
7596 7598
7596 7599
4756 4758
4755 4757
4755 4758
1915 1917
1914 1916
1914 1917
8074 8076
8073 8075
8073 8076
5233 5235
5232 5234
5232 5235
2392 2394
2391 2393
2391 2394
8551 8553
8550 8552
8550 8553
5710 5712
5709 5711
5709 5712
2869 2871
2868 2870
2868 2871
28 30
27 29
27 30
6187 6189
6186 6188
6186 6189
3346 3348
3345 3347
3345 3348
505 507
504 506
504 507
6664 6666
6663 6665
6663 6666
3823 3825
3822 3824
3822 3825
982 984
981 983
981 984
7141 7143
7140 7142
7140 7143
4300 4302
4299 4301
4299 4302
1459 1461
1458 1460
1458 1461
7618 7620
7617 7619
7617 7620
4777 4779
4776 4778
4776 4779
1936 1938
1935 1937
1935 1938
8095 8097
8094 8096
8094 8097
5254 5256
5253 5255
5253 5256
2413 2415
2412 2414
2412 2415
8572 8574
8571 8573
8571 8574
5731 5733
5730 5732
5730 5733
2890 2892
2889 2891
2889 2892
49 51
48 50
48 51
6208 6210
6207 6209
6207 6210
3367 3369
3366 3368
3366 3369
526 528
525 527
525 528
6685 6687
6684 6686
6684 6687
3844 3846
3843 3845
3843 3846
1003 1005
1002 1004
1002 1005
7162 7164
7161 7163
7161 7164
4321 4323
4320 4322
4320 4323
1480 1482
1479 1481
1479 1482
7639 7641
7638 7640
7638 7641
4798 4800
4797 4799
4797 4800
1957 1959
1956 1958
1956 1959
8116 8118
8115 8117
8115 8118
5275 5277
5274 5276
5274 5277
2434 2436
2433 2435
2433 2436
8593 8595
8592 8594
8592 8595
5752 5754
5751 5753
5751 5754
2911 2913
2910 2912
2910 2913
70 72
69 71
69 72
6229 6231
6228 6230
6228 6231
3388 3390
3387 3389
3387 3390
547 549
546 548
546 549
6706 6708
6705 6707
6705 6708
3865 3867
3864 3866
3864 3867
1024 1026
1023 1025
1023 1026
7183 7185
7182 7184
7182 7185
4342 4344
4341 4343
4341 4344
1501 1503
1500 1502
1500 1503
7660 7662
7659 7661
7659 7662
4819 4821
4818 4820
4818 4821
1978 1980
1977 1979
1977 1980
8137 8139
8136 8138
8136 8139
5296 5298
5295 5297
5295 5298
2455 2457
2454 2456
2454 2457
8614 8616
8613 8615
8613 8616
5773 5775
5772 5774
5772 5775
2932 2934
2931 2933
2931 2934
91 93
90 92
90 93
6250 6252
6249 6251
6249 6252
3409 3411
3408 3410
3408 3411
568 570
567 569
567 570
6727 6729
6726 6728
6726 6729
3886 3888
3885 3887
3885 3888
1045 1047
1044 1046
1044 1047
7204 7206
7203 7205
7203 7206
4363 4365
4362 4364
4362 4365
1522 1524
1521 1523
1521 1524
7681 7683
7680 7682
7680 7683
4840 4842
4839 4841
4839 4842
1999 2001
1998 2000
1998 2001
8158 8160
8157 8159
8157 8160
5317 5319
5316 5318
5316 5319
2476 2478
2475 2477
2475 2478
8635 8637
8634 8636
8634 8637
5794 5796
5793 5795
5793 5796
2953 2955
2952 2954
2952 2955
112 114
111 113
111 114
6271 6273
6270 6272
6270 6273
3430 3432
3429 3431
3429 3432
589 591
588 590
588 591
6748 6750
6747 6749
6747 6750
3907 3909
3906 3908
3906 3909
1066 1068
1065 1067
1065 1068
7225 7227
7224 7226
7224 7227
4384 4386
4383 4385
4383 4386
1543 1545
1542 1544
1542 1545
7702 7704
7701 7703
7701 7704
4861 4863
4860 4862
4860 4863
2020 2022
2019 2021
2019 2022
8179 8181
8178 8180
8178 8181
5338 5340
5337 5339
5337 5340
2497 2499
2496 2498
2496 2499
8656 8658
8655 8657
8655 8658
5815 5817
5814 5816
5814 5817
2974 2976
2973 2975
2973 2976
133 135
132 134
132 135
6292 6294
6291 6293
6291 6294
3451 3453
3450 3452
3450 3453
610 612
609 611
609 612
6769 6771
6768 6770
6768 6771
3928 3930
3927 3929
3927 3930
1087 1089
1086 1088
1086 1089
7246 7248
7245 7247
7245 7248
4405 4407
4404 4406
4404 4407
1564 1566
1563 1565
1563 1566
7723 7725
7722 7724
7722 7725
4882 4884
4881 4883
4881 4884
2041 2043
2040 2042
2040 2043
8200 8202
8199 8201
8199 8202
5359 5361
5358 5360
5358 5361
2518 2520
2517 2519
2517 2520
8677 8679
8676 8678
8676 8679
5836 5838
5835 5837
5835 5838
2995 2997
2994 2996
2994 2997
154 156
153 155
153 156
6313 6315
6312 6314
6312 6315
3472 3474
3471 3473
3471 3474
631 633
630 632
630 633
6790 6792
6789 6791
6789 6792
3949 3951
3948 3950
3948 3951
1108 1110
1107 1109
1107 1110
7267 7269
7266 7268
7266 7269
4426 4428
4425 4427
4425 4428
1585 1587
1584 1586
1584 1587
7744 7746
7743 7745
7743 7746
4903 4905
4902 4904
4902 4905
2062 2064
2061 2063
2061 2064
8221 8223
8220 8222
8220 8223
5380 5382
5379 5381
5379 5382
2539 2541
2538 2540
2538 2541
8698 8700
8697 8699
8697 8700
5857 5859
5856 5858
5856 5859
3016 3018
3015 3017
3015 3018
175 177
174 176
174 177
6334 6336
6333 6335
6333 6336
3493 3495
3492 3494
3492 3495
652 654
651 653
651 654
6811 6813
6810 6812
6810 6813
3970 3972
3969 3971
3969 3972
1129 1131
1128 1130
1128 1131
7288 7290
7287 7289
7287 7290
4447 4449
4446 4448
4446 4449
1606 1608
1605 1607
1605 1608
7765 7767
7764 7766
7764 7767
4924 4926
4923 4925
4923 4926
2083 2085
2082 2084
2082 2085
8242 8244
8241 8243
8241 8244
5401 5403
5400 5402
5400 5403
2560 2562
2559 2561
2559 2562
8719 8721
8718 8720
8718 8721
5878 5880
5877 5879
5877 5880
3037 3039
3036 3038
3036 3039
196 198
195 197
195 198
6355 6357
6354 6356
6354 6357
3514 3516
3513 3515
3513 3516
673 675
672 674
672 675
6832 6834
6831 6833
6831 6834
3991 3993
3990 3992
3990 3993
1150 1152
1149 1151
1149 1152
7309 7311
7308 7310
7308 7311
4468 4470
4467 4469
4467 4470
1627 1629
1626 1628
1626 1629
7786 7788
7785 7787
7785 7788
4945 4947
4944 4946
4944 4947
2104 2106
2103 2105
2103 2106
8263 8265
8262 8264
8262 8265
5422 5424
5421 5423
5421 5424
2581 2583
2580 2582
2580 2583
8740 8742
8739 8741
8739 8742
5899 5901
5898 5900
5898 5901
3058 3060
3057 3059
3057 3060
217 219
216 218
216 219
6376 6378
6375 6377
6375 6378
3535 3537
3534 3536
3534 3537
694 696
693 695
693 696
6853 6855
6852 6854
6852 6855
4012 4014
4011 4013
4011 4014
1171 1173
1170 1172
1170 1173
7330 7332
7329 7331
7329 7332
4489 4491
4488 4490
4488 4491
1648 1650
1647 1649
1647 1650
7807 7809
7806 7808
7806 7809
4966 4968
4965 4967
4965 4968
2125 2127
2124 2126
2124 2127
8284 8286
8283 8285
8283 8286
5443 5445
5442 5444
5442 5445
2602 2604
2601 2603
2601 2604
8761 8763
8760 8762
8760 8763
5920 5922
5919 5921
5919 5922
3079 3081
3078 3080
3078 3081
238 240
237 239
237 240
6397 6399
6396 6398
6396 6399
3556 3558
3555 3557
3555 3558
715 717
714 716
714 717
6874 6876
6873 6875
6873 6876
4033 4035
4032 4034
4032 4035
1192 1194
1191 1193
1191 1194
7351 7353
7350 7352
7350 7353
4510 4512
4509 4511
4509 4512
1669 1671
1668 1670
1668 1671
7828 7830
7827 7829
7827 7830
4987 4989
4986 4988
4986 4989
2146 2148
2145 2147
2145 2148
8305 8307
8304 8306
8304 8307
5464 5466
5463 5465
5463 5466
2623 2625
2622 2624
2622 2625
8782 8784
8781 8783
8781 8784
5941 5943
5940 5942
5940 5943
3100 3102
3099 3101
3099 3102
259 261
258 260
258 261
6418 6420
6417 6419
6417 6420
3577 3579
3576 3578
3576 3579
736 738
735 737
735 738
6895 6897
6894 6896
6894 6897
4054 4056
4053 4055
4053 4056
1213 1215
1212 1214
1212 1215
7372 7374
7371 7373
7371 7374
4531 4533
4530 4532
4530 4533
1690 1692
1689 1691
1689 1692
7849 7851
7848 7850
7848 7851
5008 5010
5007 5009
5007 5010
2167 2169
2166 2168
2166 2169
8326 8328
8325 8327
8325 8328
5485 5487
5484 5486
5484 5487
2644 2646
2643 2645
2643 2646
8803 8805
8802 8804
8802 8805
5962 5964
5961 5963
5961 5964
3121 3123
3120 3122
3120 3123
280 282
279 281
279 282
6439 6441
6438 6440
6438 6441
3598 3600
3597 3599
3597 3600
757 759
756 758
756 759
6916 6918
6915 6917
6915 6918
4075 4077
4074 4076
4074 4077
1234 1236
1233 1235
1233 1236
7393 7395
7392 7394
7392 7395
4552 4554
4551 4553
4551 4554
1711 1713
1710 1712
1710 1713
7870 7872
7869 7871
7869 7872
5029 5031
5028 5030
5028 5031
2188 2190
2187 2189
2187 2190
8347 8349
8346 8348
8346 8349
5506 5508
5505 5507
5505 5508
2665 2667
2664 2666
2664 2667
8824 8826
8823 8825
8823 8826
5983 5985
5982 5984
5982 5985
3142 3144
3141 3143
3141 3144
301 303
300 302
300 303
6460 6462
6459 6461
6459 6462
3619 3621
3618 3620
3618 3621
778 780
777 779
777 780
6937 6939
6936 6938
6936 6939
4096 4098
4095 4097
4095 4098
1255 1257
1254 1256
1254 1257
7414 7416
7413 7415
7413 7416
4573 4575
4572 4574
4572 4575
1732 1734
1731 1733
1731 1734
7891 7893
7890 7892
7890 7893
5050 5052
5049 5051
5049 5052
2209 2211
2208 2210
2208 2211
8368 8370
8367 8369
8367 8370
5527 5529
5526 5528
5526 5529
2686 2688
2685 2687
2685 2688
8845 8847
8844 8846
8844 8847
6004 6006
6003 6005
6003 6006
3163 3165
3162 3164
3162 3165
322 324
321 323
321 324
6481 6483
6480 6482
6480 6483
3640 3642
3639 3641
3639 3642
799 801
798 800
798 801
6958 6960
6957 6959
6957 6960
4117 4119
4116 4118
4116 4119
1276 1278
1275 1277
1275 1278
7435 7437
7434 7436
7434 7437
4594 4596
4593 4595
4593 4596
1753 1755
1752 1754
1752 1755
7912 7914
7911 7913
7911 7914
5071 5073
5070 5072
5070 5073
2230 2232
2229 2231
2229 2232
8389 8391
8388 8390
8388 8391
5548 5550
5547 5549
5547 5550
2707 2709
2706 2708
2706 2709
8866 8868
8865 8867
8865 8868
6025 6027
6024 6026
6024 6027
3184 3186
3183 3185
3183 3186
343 345
342 344
342 345
6502 6504
6501 6503
6501 6504
3661 3663
3660 3662
3660 3663
820 822
819 821
819 822
6979 6981
6978 6980
6978 6981
4138 4140
4137 4139
4137 4140
1297 1299
1296 1298
1296 1299
7456 7458
7455 7457
7455 7458
4615 4617
4614 4616
4614 4617
1774 1776
1773 1775
1773 1776
7933 7935
7932 7934
7932 7935
5092 5094
5091 5093
5091 5094
2251 2253
2250 2252
2250 2253
8410 8412
8409 8411
8409 8412
5569 5571
5568 5570
5568 5571
2728 2730
2727 2729
2727 2730
8887 8889
8886 8888
8886 8889
6046 6048
6045 6047
6045 6048
3205 3207
3204 3206
3204 3207
364 366
363 365
363 366
6523 6525
6522 6524
6522 6525
3682 3684
3681 3683
3681 3684
841 843
840 842
840 843
7000 7002
6999 7001
6999 7002
4159 4161
4158 4160
4158 4161
1318 1320
1317 1319
1317 1320
7477 7479
7476 7478
7476 7479
4636 4638
4635 4637
4635 4638
1795 1797
1794 1796
1794 1797
7954 7956
7953 7955
7953 7956
5113 5115
5112 5114
5112 5115
2272 2274
2271 2273
2271 2274
8431 8433
8430 8432
8430 8433
5590 5592
5589 5591
5589 5592
2749 2751
2748 2750
2748 2751
8908 8910
8907 8909
8907 8910
6067 6069
6066 6068
6066 6069
3226 3228
3225 3227
3225 3228
385 387
384 386
384 387
6544 6546
6543 6545
6543 6546
3703 3705
3702 3704
3702 3705
862 864
861 863
861 864
7021 7023
7020 7022
7020 7023
4180 4182
4179 4181
4179 4182
1339 1341
1338 1340
1338 1341
7498 7500
7497 7499
7497 7500
4657 4659
4656 4658
4656 4659
1816 1818
1815 1817
1815 1818
7975 7977
7974 7976
7974 7977
5134 5136
5133 5135
5133 5136
2293 2295
2292 2294
2292 2295
8452 8454
8451 8453
8451 8454
5611 5613
5610 5612
5610 5613
2770 2772
2769 2771
2769 2772
8929 8931
8928 8930
8928 8931
6088 6090
6087 6089
6087 6090
3247 3249
3246 3248
3246 3249
406 408
405 407
405 408
6565 6567
6564 6566
6564 6567
3724 3726
3723 3725
3723 3726
883 885
882 884
882 885
7042 7044
7041 7043
7041 7044
4201 4203
4200 4202
4200 4203
1360 1362
1359 1361
1359 1362
7519 7521
7518 7520
7518 7521
4678 4680
4677 4679
4677 4680
1837 1839
1836 1838
1836 1839
7996 7998
7995 7997
7995 7998
5155 5157
5154 5156
5154 5157
2314 2316
2313 2315
2313 2316
8473 8475
8472 8474
8472 8475
5632 5634
5631 5633
5631 5634
2791 2793
2790 2792
2790 2793
8950 8952
8949 8951
8949 8952
6109 6111
6108 6110
6108 6111
3268 3270
3267 3269
3267 3270
427 429
426 428
426 429
6586 6588
6585 6587
6585 6588
3745 3747
3744 3746
3744 3747
904 906
903 905
903 906
7063 7065
7062 7064
7062 7065
4222 4224
4221 4223
4221 4224
1381 1383
1380 1382
1380 1383
7540 7542
7539 7541
7539 7542
4699 4701
4698 4700
4698 4701
1858 1860
1857 1859
1857 1860
8017 8019
8016 8018
8016 8019
5176 5178
5175 5177
5175 5178
2335 2337
2334 2336
2334 2337
8494 8496
8493 8495
8493 8496
5653 5655
5652 5654
5652 5655
2812 2814
2811 2813
2811 2814
8971 8973
8970 8972
8970 8973
6130 6132
6129 6131
6129 6132
3289 3291
3288 3290
3288 3291
448 450
447 449
447 450
6607 6609
6606 6608
6606 6609
3766 3768
3765 3767
3765 3768
925 927
924 926
924 927
7084 7086
7083 7085
7083 7086
4243 4245
4242 4244
4242 4245
1402 1404
1401 1403
1401 1404
7561 7563
7560 7562
7560 7563
4720 4722
4719 4721
4719 4722
1879 1881
1878 1880
1878 1881
8038 8040
8037 8039
8037 8040
5197 5199
5196 5198
5196 5199
2356 2358
2355 2357
2355 2358
8515 8517
8514 8516
8514 8517
5674 5676
5673 5675
5673 5676
2833 2835
2832 2834
2832 2835
8992 8994
8991 8993
8991 8994
6151 6153
6150 6152
6150 6153
3310 3312
3309 3311
3309 3312
469 471
468 470
468 471
6628 6630
6627 6629
6627 6630
3787 3789
3786 3788
3786 3789
946 948
945 947
945 948
7105 7107
7104 7106
7104 7107
4264 4266
4263 4265
4263 4266
1423 1425
1422 1424
1422 1425
7582 7584
7581 7583
7581 7584
4741 4743
4740 4742
4740 4743
1900 1902
1899 1901
1899 1902
8059 8061
8058 8060
8058 8061
5218 5220
5217 5219
5217 5220
2377 2379
2376 2378
2376 2379
8536 8538
8535 8537
8535 8538
5695 5697
5694 5696
5694 5697
2854 2856
2853 2855
2853 2856
13 15
12 14
12 15
6172 6174
6171 6173
6171 6174
3331 3333
3330 3332
3330 3333
490 492
489 491
489 492
6649 6651
6648 6650
6648 6651
3808 3810
3807 3809
3807 3810
967 969
966 968
966 969
7126 7128
7125 7127
7125 7128
4285 4287
4284 4286
4284 4287
1444 1446
1443 1445
1443 1446
7603 7605
7602 7604
7602 7605
4762 4764
4761 4763
4761 4764
1921 1923
1920 1922
1920 1923
8080 8082
8079 8081
8079 8082
5239 5241
5238 5240
5238 5241
2398 2400
2397 2399
2397 2400
8557 8559
8556 8558
8556 8559
5716 5718
5715 5717
5715 5718
2875 2877
2874 2876
2874 2877
34 36
33 35
33 36
6193 6195
6192 6194
6192 6195
3352 3354
3351 3353
3351 3354
511 513
510 512
510 513
6670 6672
6669 6671
6669 6672
3829 3831
3828 3830
3828 3831
988 990
987 989
987 990
7147 7149
7146 7148
7146 7149
4306 4308
4305 4307
4305 4308
1465 1467
1464 1466
1464 1467
7624 7626
7623 7625
7623 7626
4783 4785
4782 4784
4782 4785
1942 1944
1941 1943
1941 1944
8101 8103
8100 8102
8100 8103
5260 5262
5259 5261
5259 5262
2419 2421
2418 2420
2418 2421
8578 8580
8577 8579
8577 8580
5737 5739
5736 5738
5736 5739
2896 2898
2895 2897
2895 2898
55 57
54 56
54 57
6214 6216
6213 6215
6213 6216
3373 3375
3372 3374
3372 3375
532 534
531 533
531 534
6691 6693
6690 6692
6690 6693
3850 3852
3849 3851
3849 3852
1009 1011
1008 1010
1008 1011
7168 7170
7167 7169
7167 7170
4327 4329
4326 4328
4326 4329
1486 1488
1485 1487
1485 1488
7645 7647
7644 7646
7644 7647
4804 4806
4803 4805
4803 4806
1963 1965
1962 1964
1962 1965
8122 8124
8121 8123
8121 8124
5281 5283
5280 5282
5280 5283
2440 2442
2439 2441
2439 2442
8599 8601
8598 8600
8598 8601
5758 5760
5757 5759
5757 5760
2917 2919
2916 2918
2916 2919
76 78
75 77
75 78
6235 6237
6234 6236
6234 6237
3394 3396
3393 3395
3393 3396
553 555
552 554
552 555
6712 6714
6711 6713
6711 6714
3871 3873
3870 3872
3870 3873
1030 1032
1029 1031
1029 1032
7189 7191
7188 7190
7188 7191
4348 4350
4347 4349
4347 4350
1507 1509
1506 1508
1506 1509
7666 7668
7665 7667
7665 7668
4825 4827
4824 4826
4824 4827
1984 1986
1983 1985
1983 1986
8143 8145
8142 8144
8142 8145
5302 5304
5301 5303
5301 5304
2461 2463
2460 2462
2460 2463
8620 8622
8619 8621
8619 8622
5779 5781
5778 5780
5778 5781
2938 2940
2937 2939
2937 2940
97 99
96 98
96 99
6256 6258
6255 6257
6255 6258
3415 3417
3414 3416
3414 3417
574 576
573 575
573 576
6733 6735
6732 6734
6732 6735
3892 3894
3891 3893
3891 3894
1051 1053
1050 1052
1050 1053
7210 7212
7209 7211
7209 7212
4369 4371
4368 4370
4368 4371
1528 1530
1527 1529
1527 1530
7687 7689
7686 7688
7686 7689
4846 4848
4845 4847
4845 4848
2005 2007
2004 2006
2004 2007
8164 8166
8163 8165
8163 8166
5323 5325
5322 5324
5322 5325
2482 2484
2481 2483
2481 2484
8641 8643
8640 8642
8640 8643
5800 5802
5799 5801
5799 5802
2959 2961
2958 2960
2958 2961
118 120
117 119
117 120
6277 6279
6276 6278
6276 6279
3436 3438
3435 3437
3435 3438
595 597
594 596
594 597
6754 6756
6753 6755
6753 6756
3913 3915
3912 3914
3912 3915
1072 1074
1071 1073
1071 1074
7231 7233
7230 7232
7230 7233
4390 4392
4389 4391
4389 4392
1549 1551
1548 1550
1548 1551
7708 7710
7707 7709
7707 7710
4867 4869
4866 4868
4866 4869
2026 2028
2025 2027
2025 2028
8185 8187
8184 8186
8184 8187
5344 5346
5343 5345
5343 5346
2503 2505
2502 2504
2502 2505
8662 8664
8661 8663
8661 8664
5821 5823
5820 5822
5820 5823
2980 2982
2979 2981
2979 2982
139 141
138 140
138 141
6298 6300
6297 6299
6297 6300
3457 3459
3456 3458
3456 3459
616 618
615 617
615 618
6775 6777
6774 6776
6774 6777
3934 3936
3933 3935
3933 3936
1093 1095
1092 1094
1092 1095
7252 7254
7251 7253
7251 7254
4411 4413
4410 4412
4410 4413
1570 1572
1569 1571
1569 1572
7729 7731
7728 7730
7728 7731
4888 4890
4887 4889
4887 4890
2047 2049
2046 2048
2046 2049
8206 8208
8205 8207
8205 8208
5365 5367
5364 5366
5364 5367
2524 2526
2523 2525
2523 2526
8683 8685
8682 8684
8682 8685
5842 5844
5841 5843
5841 5844
3001 3003
3000 3002
3000 3003
160 162
159 161
159 162
6319 6321
6318 6320
6318 6321
3478 3480
3477 3479
3477 3480
637 639
636 638
636 639
6796 6798
6795 6797
6795 6798
3955 3957
3954 3956
3954 3957
1114 1116
1113 1115
1113 1116
7273 7275
7272 7274
7272 7275
4432 4434
4431 4433
4431 4434
1591 1593
1590 1592
1590 1593
7750 7752
7749 7751
7749 7752
4909 4911
4908 4910
4908 4911
2068 2070
2067 2069
2067 2070
8227 8229
8226 8228
8226 8229
5386 5388
5385 5387
5385 5388
2545 2547
2544 2546
2544 2547
8704 8706
8703 8705
8703 8706
5863 5865
5862 5864
5862 5865
3022 3024
3021 3023
3021 3024
181 183
180 182
180 183
6340 6342
6339 6341
6339 6342
3499 3501
3498 3500
3498 3501
658 660
657 659
657 660
6817 6819
6816 6818
6816 6819
3976 3978
3975 3977
3975 3978
1135 1137
1134 1136
1134 1137
7294 7296
7293 7295
7293 7296
4453 4455
4452 4454
4452 4455
1612 1614
1611 1613
1611 1614
7771 7773
7770 7772
7770 7773
4930 4932
4929 4931
4929 4932
2089 2091
2088 2090
2088 2091
8248 8250
8247 8249
8247 8250
5407 5409
5406 5408
5406 5409
2566 2568
2565 2567
2565 2568
8725 8727
8724 8726
8724 8727
5884 5886
5883 5885
5883 5886
3043 3045
3042 3044
3042 3045
202 204
201 203
201 204
6361 6363
6360 6362
6360 6363
3520 3522
3519 3521
3519 3522
679 681
678 680
678 681
6838 6840
6837 6839
6837 6840
3997 3999
3996 3998
3996 3999
1156 1158
1155 1157
1155 1158
7315 7317
7314 7316
7314 7317
4474 4476
4473 4475
4473 4476
1633 1635
1632 1634
1632 1635
7792 7794
7791 7793
7791 7794
4951 4953
4950 4952
4950 4953
2110 2112
2109 2111
2109 2112
8269 8271
8268 8270
8268 8271
5428 5430
5427 5429
5427 5430
2587 2589
2586 2588
2586 2589
8746 8748
8745 8747
8745 8748
5905 5907
5904 5906
5904 5907
3064 3066
3063 3065
3063 3066
223 225
222 224
222 225
6382 6384
6381 6383
6381 6384
3541 3543
3540 3542
3540 3543
700 702
699 701
699 702
6859 6861
6858 6860
6858 6861
4018 4020
4017 4019
4017 4020
1177 1179
1176 1178
1176 1179
7336 7338
7335 7337
7335 7338
4495 4497
4494 4496
4494 4497
1654 1656
1653 1655
1653 1656
7813 7815
7812 7814
7812 7815
4972 4974
4971 4973
4971 4974
2131 2133
2130 2132
2130 2133
8290 8292
8289 8291
8289 8292
5449 5451
5448 5450
5448 5451
2608 2610
2607 2609
2607 2610
8767 8769
8766 8768
8766 8769
5926 5928
5925 5927
5925 5928
3085 3087
3084 3086
3084 3087
244 246
243 245
243 246
6403 6405
6402 6404
6402 6405
3562 3564
3561 3563
3561 3564
721 723
720 722
720 723
6880 6882
6879 6881
6879 6882
4039 4041
4038 4040
4038 4041
1198 1200
1197 1199
1197 1200
7357 7359
7356 7358
7356 7359
4516 4518
4515 4517
4515 4518
1675 1677
1674 1676
1674 1677
7834 7836
7833 7835
7833 7836
4993 4995
4992 4994
4992 4995
2152 2154
2151 2153
2151 2154
8311 8313
8310 8312
8310 8313
5470 5472
5469 5471
5469 5472
2629 2631
2628 2630
2628 2631
8788 8790
8787 8789
8787 8790
5947 5949
5946 5948
5946 5949
3106 3108
3105 3107
3105 3108
265 267
264 266
264 267
6424 6426
6423 6425
6423 6426
3583 3585
3582 3584
3582 3585
742 744
741 743
741 744
6901 6903
6900 6902
6900 6903
4060 4062
4059 4061
4059 4062
1219 1221
1218 1220
1218 1221
7378 7380
7377 7379
7377 7380
4537 4539
4536 4538
4536 4539
1696 1698
1695 1697
1695 1698
7855 7857
7854 7856
7854 7857
5014 5016
5013 5015
5013 5016
2173 2175
2172 2174
2172 2175
8332 8334
8331 8333
8331 8334
5491 5493
5490 5492
5490 5493
2650 2652
2649 2651
2649 2652
8809 8811
8808 8810
8808 8811
5968 5970
5967 5969
5967 5970
3127 3129
3126 3128
3126 3129
286 288
285 287
285 288
6445 6447
6444 6446
6444 6447
3604 3606
3603 3605
3603 3606
763 765
762 764
762 765
6922 6924
6921 6923
6921 6924
4081 4083
4080 4082
4080 4083
1240 1242
1239 1241
1239 1242
7399 7401
7398 7400
7398 7401
4558 4560
4557 4559
4557 4560
1717 1719
1716 1718
1716 1719
7876 7878
7875 7877
7875 7878
5035 5037
5034 5036
5034 5037
2194 2196
2193 2195
2193 2196
8353 8355
8352 8354
8352 8355
5512 5514
5511 5513
5511 5514
2671 2673
2670 2672
2670 2673
8830 8832
8829 8831
8829 8832
5989 5991
5988 5990
5988 5991
3148 3150
3147 3149
3147 3150
307 309
306 308
306 309
6466 6468
6465 6467
6465 6468
3625 3627
3624 3626
3624 3627
784 786
783 785
783 786
6943 6945
6942 6944
6942 6945
4102 4104
4101 4103
4101 4104
1261 1263
1260 1262
1260 1263
7420 7422
7419 7421
7419 7422
4579 4581
4578 4580
4578 4581
1738 1740
1737 1739
1737 1740
7897 7899
7896 7898
7896 7899
5056 5058
5055 5057
5055 5058
2215 2217
2214 2216
2214 2217
8374 8376
8373 8375
8373 8376
5533 5535
5532 5534
5532 5535
2692 2694
2691 2693
2691 2694
8851 8853
8850 8852
8850 8853
6010 6012
6009 6011
6009 6012
3169 3171
3168 3170
3168 3171
328 330
327 329
327 330
6487 6489
6486 6488
6486 6489
3646 3648
3645 3647
3645 3648
805 807
804 806
804 807
6964 6966
6963 6965
6963 6966
4123 4125
4122 4124
4122 4125
1282 1284
1281 1283
1281 1284
7441 7443
7440 7442
7440 7443
4600 4602
4599 4601
4599 4602
1759 1761
1758 1760
1758 1761
7918 7920
7917 7919
7917 7920
5077 5079
5076 5078
5076 5079
2236 2238
2235 2237
2235 2238
8395 8397
8394 8396
8394 8397
5554 5556
5553 5555
5553 5556
2713 2715
2712 2714
2712 2715
8872 8874
8871 8873
8871 8874
6031 6033
6030 6032
6030 6033
3190 3192
3189 3191
3189 3192
349 351
348 350
348 351
6508 6510
6507 6509
6507 6510
3667 3669
3666 3668
3666 3669
826 828
825 827
825 828
6985 6987
6984 6986
6984 6987
4144 4146
4143 4145
4143 4146
1303 1305
1302 1304
1302 1305
7462 7464
7461 7463
7461 7464
4621 4623
4620 4622
4620 4623
1780 1782
1779 1781
1779 1782
7939 7941
7938 7940
7938 7941
5098 5100
5097 5099
5097 5100
2257 2259
2256 2258
2256 2259
8416 8418
8415 8417
8415 8418
5575 5577
5574 5576
5574 5577
2734 2736
2733 2735
2733 2736
8893 8895
8892 8894
8892 8895
6052 6054
6051 6053
6051 6054
3211 3213
3210 3212
3210 3213
370 372
369 371
369 372
6529 6531
6528 6530
6528 6531
3688 3690
3687 3689
3687 3690
847 849
846 848
846 849
7006 7008
7005 7007
7005 7008
4165 4167
4164 4166
4164 4167
1324 1326
1323 1325
1323 1326
7483 7485
7482 7484
7482 7485
4642 4644
4641 4643
4641 4644
1801 1803
1800 1802
1800 1803
7960 7962
7959 7961
7959 7962
5119 5121
5118 5120
5118 5121
2278 2280
2277 2279
2277 2280
8437 8439
8436 8438
8436 8439
5596 5598
5595 5597
5595 5598
2755 2757
2754 2756
2754 2757
8914 8916
8913 8915
8913 8916
6073 6075
6072 6074
6072 6075
3232 3234
3231 3233
3231 3234
391 393
390 392
390 393
6550 6552
6549 6551
6549 6552
3709 3711
3708 3710
3708 3711
868 870
867 869
867 870
7027 7029
7026 7028
7026 7029
4186 4188
4185 4187
4185 4188
1345 1347
1344 1346
1344 1347
7504 7506
7503 7505
7503 7506
4663 4665
4662 4664
4662 4665
1822 1824
1821 1823
1821 1824
7981 7983
7980 7982
7980 7983
5140 5142
5139 5141
5139 5142
2299 2301
2298 2300
2298 2301
8458 8460
8457 8459
8457 8460
5617 5619
5616 5618
5616 5619
2776 2778
2775 2777
2775 2778
8935 8937
8934 8936
8934 8937
6094 6096
6093 6095
6093 6096
3253 3255
3252 3254
3252 3255
412 414
411 413
411 414
6571 6573
6570 6572
6570 6573
3730 3732
3729 3731
3729 3732
889 891
888 890
888 891
7048 7050
7047 7049
7047 7050
4207 4209
4206 4208
4206 4209
1366 1368
1365 1367
1365 1368
7525 7527
7524 7526
7524 7527
4684 4686
4683 4685
4683 4686
1843 1845
1842 1844
1842 1845
8002 8004
8001 8003
8001 8004
5161 5163
5160 5162
5160 5163
2320 2322
2319 2321
2319 2322
8479 8481
8478 8480
8478 8481
5638 5640
5637 5639
5637 5640
2797 2799
2796 2798
2796 2799
8956 8958
8955 8957
8955 8958
6115 6117
6114 6116
6114 6117
3274 3276
3273 3275
3273 3276
433 435
432 434
432 435
6592 6594
6591 6593
6591 6594
3751 3753
3750 3752
3750 3753
910 912
909 911
909 912
7069 7071
7068 7070
7068 7071
4228 4230
4227 4229
4227 4230
1387 1389
1386 1388
1386 1389
7546 7548
7545 7547
7545 7548
4705 4707
4704 4706
4704 4707
1864 1866
1863 1865
1863 1866
8023 8025
8022 8024
8022 8025
5182 5184
5181 5183
5181 5184
2341 2343
2340 2342
2340 2343
8500 8502
8499 8501
8499 8502
5659 5661
5658 5660
5658 5661
2818 2820
2817 2819
2817 2820
8977 8979
8976 8978
8976 8979
6136 6138
6135 6137
6135 6138
3295 3297
3294 3296
3294 3297
454 456
453 455
453 456
6613 6615
6612 6614
6612 6615
3772 3774
3771 3773
3771 3774
931 933
930 932
930 933
7090 7092
7089 7091
7089 7092
4249 4251
4248 4250
4248 4251
1408 1410
1407 1409
1407 1410
7567 7569
7566 7568
7566 7569
4726 4728
4725 4727
4725 4728
1885 1887
1884 1886
1884 1887
8044 8046
8043 8045
8043 8046
5203 5205
5202 5204
5202 5205
2362 2364
2361 2363
2361 2364
8521 8523
8520 8522
8520 8523
5680 5682
5679 5681
5679 5682
2839 2841
2838 2840
2838 2841
8998 9000
8997 8999
8997 9000
6157 6159
6156 6158
6156 6159
3316 3318
3315 3317
3315 3318
475 477
474 476
474 477
6634 6636
6633 6635
6633 6636
3793 3795
3792 3794
3792 3795
952 954
951 953
951 954
7111 7113
7110 7112
7110 7113
4270 4272
4269 4271
4269 4272
1429 1431
1428 1430
1428 1431
7588 7590
7587 7589
7587 7590
4747 4749
4746 4748
4746 4749
1906 1908
1905 1907
1905 1908
8065 8067
8064 8066
8064 8067
5224 5226
5223 5225
5223 5226
2383 2385
2382 2384
2382 2385
8542 8544
8541 8543
8541 8544
5701 5703
5700 5702
5700 5703
2860 2862
2859 2861
2859 2862
19 21
18 20
18 21
6178 6180
6177 6179
6177 6180
3337 3339
3336 3338
3336 3339
496 498
495 497
495 498
6655 6657
6654 6656
6654 6657
3814 3816
3813 3815
3813 3816
973 975
972 974
972 975
7132 7134
7131 7133
7131 7134
4291 4293
4290 4292
4290 4293
1450 1452
1449 1451
1449 1452
7609 7611
7608 7610
7608 7611
4768 4770
4767 4769
4767 4770
1927 1929
1926 1928
1926 1929
8086 8088
8085 8087
8085 8088
5245 5247
5244 5246
5244 5247
2404 2406
2403 2405
2403 2406
8563 8565
8562 8564
8562 8565
5722 5724
5721 5723
5721 5724
2881 2883
2880 2882
2880 2883
40 42
39 41
39 42
6199 6201
6198 6200
6198 6201
3358 3360
3357 3359
3357 3360
517 519
516 518
516 519
6676 6678
6675 6677
6675 6678
3835 3837
3834 3836
3834 3837
994 996
993 995
993 996
7153 7155
7152 7154
7152 7155
4312 4314
4311 4313
4311 4314
1471 1473
1470 1472
1470 1473
7630 7632
7629 7631
7629 7632
4789 4791
4788 4790
4788 4791
1948 1950
1947 1949
1947 1950
8107 8109
8106 8108
8106 8109
5266 5268
5265 5267
5265 5268
2425 2427
2424 2426
2424 2427
8584 8586
8583 8585
8583 8586
5743 5745
5742 5744
5742 5745
2902 2904
2901 2903
2901 2904
61 63
60 62
60 63
6220 6222
6219 6221
6219 6222
3379 3381
3378 3380
3378 3381
538 540
537 539
537 540
6697 6699
6696 6698
6696 6699
3856 3858
3855 3857
3855 3858
1015 1017
1014 1016
1014 1017
7174 7176
7173 7175
7173 7176
4333 4335
4332 4334
4332 4335
1492 1494
1491 1493
1491 1494
7651 7653
7650 7652
7650 7653
4810 4812
4809 4811
4809 4812
1969 1971
1968 1970
1968 1971
8128 8130
8127 8129
8127 8130
5287 5289
5286 5288
5286 5289
2446 2448
2445 2447
2445 2448
8605 8607
8604 8606
8604 8607
5764 5766
5763 5765
5763 5766
2923 2925
2922 2924
2922 2925
82 84
81 83
81 84
6241 6243
6240 6242
6240 6243
3400 3402
3399 3401
3399 3402
559 561
558 560
558 561
6718 6720
6717 6719
6717 6720
3877 3879
3876 3878
3876 3879
1036 1038
1035 1037
1035 1038
7195 7197
7194 7196
7194 7197
4354 4356
4353 4355
4353 4356
1513 1515
1512 1514
1512 1515
7672 7674
7671 7673
7671 7674
4831 4833
4830 4832
4830 4833
1990 1992
1989 1991
1989 1992
8149 8151
8148 8150
8148 8151
5308 5310
5307 5309
5307 5310
2467 2469
2466 2468
2466 2469
8626 8628
8625 8627
8625 8628
5785 5787
5784 5786
5784 5787
2944 2946
2943 2945
2943 2946
103 105
102 104
102 105
6262 6264
6261 6263
6261 6264
3421 3423
3420 3422
3420 3423
580 582
579 581
579 582
6739 6741
6738 6740
6738 6741
3898 3900
3897 3899
3897 3900
1057 1059
1056 1058
1056 1059
7216 7218
7215 7217
7215 7218
4375 4377
4374 4376
4374 4377
1534 1536
1533 1535
1533 1536
7693 7695
7692 7694
7692 7695
4852 4854
4851 4853
4851 4854
2011 2013
2010 2012
2010 2013
8170 8172
8169 8171
8169 8172
5329 5331
5328 5330
5328 5331
2488 2490
2487 2489
2487 2490
8647 8649
8646 8648
8646 8649
5806 5808
5805 5807
5805 5808
2965 2967
2964 2966
2964 2967
124 126
123 125
123 126
6283 6285
6282 6284
6282 6285
3442 3444
3441 3443
3441 3444
601 603
600 602
600 603
6760 6762
6759 6761
6759 6762
3919 3921
3918 3920
3918 3921
1078 1080
1077 1079
1077 1080
7237 7239
7236 7238
7236 7239
4396 4398
4395 4397
4395 4398
1555 1557
1554 1556
1554 1557
7714 7716
7713 7715
7713 7716
4873 4875
4872 4874
4872 4875
2032 2034
2031 2033
2031 2034
8191 8193
8190 8192
8190 8193
5350 5352
5349 5351
5349 5352
2509 2511
2508 2510
2508 2511
8668 8670
8667 8669
8667 8670
5827 5829
5826 5828
5826 5829
2986 2988
2985 2987
2985 2988
145 147
144 146
144 147
6304 6306
6303 6305
6303 6306
3463 3465
3462 3464
3462 3465
622 624
621 623
621 624
6781 6783
6780 6782
6780 6783
3940 3942
3939 3941
3939 3942
1099 1101
1098 1100
1098 1101
7258 7260
7257 7259
7257 7260
4417 4419
4416 4418
4416 4419
1576 1578
1575 1577
1575 1578
7735 7737
7734 7736
7734 7737
4894 4896
4893 4895
4893 4896
2053 2055
2052 2054
2052 2055
8212 8214
8211 8213
8211 8214
5371 5373
5370 5372
5370 5373
2530 2532
2529 2531
2529 2532
8689 8691
8688 8690
8688 8691
5848 5850
5847 5849
5847 5850
3007 3009
3006 3008
3006 3009
166 168
165 167
165 168
6325 6327
6324 6326
6324 6327
3484 3486
3483 3485
3483 3486
643 645
642 644
642 645
6802 6804
6801 6803
6801 6804
3961 3963
3960 3962
3960 3963
1120 1122
1119 1121
1119 1122
7279 7281
7278 7280
7278 7281
4438 4440
4437 4439
4437 4440
1597 1599
1596 1598
1596 1599
7756 7758
7755 7757
7755 7758
4915 4917
4914 4916
4914 4917
2074 2076
2073 2075
2073 2076
8233 8235
8232 8234
8232 8235
5392 5394
5391 5393
5391 5394
2551 2553
2550 2552
2550 2553
8710 8712
8709 8711
8709 8712
5869 5871
5868 5870
5868 5871
3028 3030
3027 3029
3027 3030
187 189
186 188
186 189
6346 6348
6345 6347
6345 6348
3505 3507
3504 3506
3504 3507
664 666
663 665
663 666
6823 6825
6822 6824
6822 6825
3982 3984
3981 3983
3981 3984
1141 1143
1140 1142
1140 1143
7300 7302
7299 7301
7299 7302
4459 4461
4458 4460
4458 4461
1618 1620
1617 1619
1617 1620
7777 7779
7776 7778
7776 7779
4936 4938
4935 4937
4935 4938
2095 2097
2094 2096
2094 2097
8254 8256
8253 8255
8253 8256
5413 5415
5412 5414
5412 5415
2572 2574
2571 2573
2571 2574
8731 8733
8730 8732
8730 8733
5890 5892
5889 5891
5889 5892
3049 3051
3048 3050
3048 3051
208 210
207 209
207 210
6367 6369
6366 6368
6366 6369
3526 3528
3525 3527
3525 3528
685 687
684 686
684 687
6844 6846
6843 6845
6843 6846
4003 4005
4002 4004
4002 4005
1162 1164
1161 1163
1161 1164
7321 7323
7320 7322
7320 7323
4480 4482
4479 4481
4479 4482
1639 1641
1638 1640
1638 1641
7798 7800
7797 7799
7797 7800
4957 4959
4956 4958
4956 4959
2116 2118
2115 2117
2115 2118
8275 8277
8274 8276
8274 8277
5434 5436
5433 5435
5433 5436
2593 2595
2592 2594
2592 2595
8752 8754
8751 8753
8751 8754
5911 5913
5910 5912
5910 5913
3070 3072
3069 3071
3069 3072
229 231
228 230
228 231
6388 6390
6387 6389
6387 6390
3547 3549
3546 3548
3546 3549
706 708
705 707
705 708
6865 6867
6864 6866
6864 6867
4024 4026
4023 4025
4023 4026
1183 1185
1182 1184
1182 1185
7342 7344
7341 7343
7341 7344
4501 4503
4500 4502
4500 4503
1660 1662
1659 1661
1659 1662
7819 7821
7818 7820
7818 7821
4978 4980
4977 4979
4977 4980
2137 2139
2136 2138
2136 2139
8296 8298
8295 8297
8295 8298
5455 5457
5454 5456
5454 5457
2614 2616
2613 2615
2613 2616
8773 8775
8772 8774
8772 8775
5932 5934
5931 5933
5931 5934
3091 3093
3090 3092
3090 3093
250 252
249 251
249 252
6409 6411
6408 6410
6408 6411
3568 3570
3567 3569
3567 3570
727 729
726 728
726 729
6886 6888
6885 6887
6885 6888
4045 4047
4044 4046
4044 4047
1204 1206
1203 1205
1203 1206
7363 7365
7362 7364
7362 7365
4522 4524
4521 4523
4521 4524
1681 1683
1680 1682
1680 1683
7840 7842
7839 7841
7839 7842
4999 5001
4998 5000
4998 5001
2158 2160
2157 2159
2157 2160
8317 8319
8316 8318
8316 8319
5476 5478
5475 5477
5475 5478
2635 2637
2634 2636
2634 2637
8794 8796
8793 8795
8793 8796
5953 5955
5952 5954
5952 5955
3112 3114
3111 3113
3111 3114
271 273
270 272
270 273
6430 6432
6429 6431
6429 6432
3589 3591
3588 3590
3588 3591
748 750
747 749
747 750
6907 6909
6906 6908
6906 6909
4066 4068
4065 4067
4065 4068
1225 1227
1224 1226
1224 1227
7384 7386
7383 7385
7383 7386
4543 4545
4542 4544
4542 4545
1702 1704
1701 1703
1701 1704
7861 7863
7860 7862
7860 7863
5020 5022
5019 5021
5019 5022
2179 2181
2178 2180
2178 2181
8338 8340
8337 8339
8337 8340
5497 5499
5496 5498
5496 5499
2656 2658
2655 2657
2655 2658
8815 8817
8814 8816
8814 8817
5974 5976
5973 5975
5973 5976
3133 3135
3132 3134
3132 3135
292 294
291 293
291 294
6451 6453
6450 6452
6450 6453
3610 3612
3609 3611
3609 3612
769 771
768 770
768 771
6928 6930
6927 6929
6927 6930
4087 4089
4086 4088
4086 4089
1246 1248
1245 1247
1245 1248
7405 7407
7404 7406
7404 7407
4564 4566
4563 4565
4563 4566
1723 1725
1722 1724
1722 1725
7882 7884
7881 7883
7881 7884
5041 5043
5040 5042
5040 5043
2200 2202
2199 2201
2199 2202
8359 8361
8358 8360
8358 8361
5518 5520
5517 5519
5517 5520
2677 2679
2676 2678
2676 2679
8836 8838
8835 8837
8835 8838
5995 5997
5994 5996
5994 5997
3154 3156
3153 3155
3153 3156
313 315
312 314
312 315
6472 6474
6471 6473
6471 6474
3631 3633
3630 3632
3630 3633
790 792
789 791
789 792
6949 6951
6948 6950
6948 6951
4108 4110
4107 4109
4107 4110
1267 1269
1266 1268
1266 1269
7426 7428
7425 7427
7425 7428
4585 4587
4584 4586
4584 4587
1744 1746
1743 1745
1743 1746
7903 7905
7902 7904
7902 7905
5062 5064
5061 5063
5061 5064
2221 2223
2220 2222
2220 2223
8380 8382
8379 8381
8379 8382
5539 5541
5538 5540
5538 5541
2698 2700
2697 2699
2697 2700
8857 8859
8856 8858
8856 8859
6016 6018
6015 6017
6015 6018
3175 3177
3174 3176
3174 3177
334 336
333 335
333 336
6493 6495
6492 6494
6492 6495
3652 3654
3651 3653
3651 3654
811 813
810 812
810 813
6970 6972
6969 6971
6969 6972
4129 4131
4128 4130
4128 4131
1288 1290
1287 1289
1287 1290
7447 7449
7446 7448
7446 7449
4606 4608
4605 4607
4605 4608
1765 1767
1764 1766
1764 1767
7924 7926
7923 7925
7923 7926
5083 5085
5082 5084
5082 5085
2242 2244
2241 2243
2241 2244
8401 8403
8400 8402
8400 8403
5560 5562
5559 5561
5559 5562
2719 2721
2718 2720
2718 2721
8878 8880
8877 8879
8877 8880
6037 6039
6036 6038
6036 6039
3196 3198
3195 3197
3195 3198
355 357
354 356
354 357
6514 6516
6513 6515
6513 6516
3673 3675
3672 3674
3672 3675
832 834
831 833
831 834
6991 6993
6990 6992
6990 6993
4150 4152
4149 4151
4149 4152
1309 1311
1308 1310
1308 1311
7468 7470
7467 7469
7467 7470
4627 4629
4626 4628
4626 4629
1786 1788
1785 1787
1785 1788
7945 7947
7944 7946
7944 7947
5104 5106
5103 5105
5103 5106
2263 2265
2262 2264
2262 2265
8422 8424
8421 8423
8421 8424
5581 5583
5580 5582
5580 5583
2740 2742
2739 2741
2739 2742
8899 8901
8898 8900
8898 8901
6058 6060
6057 6059
6057 6060
3217 3219
3216 3218
3216 3219
376 378
375 377
375 378
6535 6537
6534 6536
6534 6537
3694 3696
3693 3695
3693 3696
853 855
852 854
852 855
7012 7014
7011 7013
7011 7014
4171 4173
4170 4172
4170 4173
1330 1332
1329 1331
1329 1332
7489 7491
7488 7490
7488 7491
4648 4650
4647 4649
4647 4650
1807 1809
1806 1808
1806 1809
7966 7968
7965 7967
7965 7968
5125 5127
5124 5126
5124 5127
2284 2286
2283 2285
2283 2286
8443 8445
8442 8444
8442 8445
5602 5604
5601 5603
5601 5604
2761 2763
2760 2762
2760 2763
8920 8922
8919 8921
8919 8922
6079 6081
6078 6080
6078 6081
3238 3240
3237 3239
3237 3240
397 399
396 398
396 399
6556 6558
6555 6557
6555 6558
3715 3717
3714 3716
3714 3717
874 876
873 875
873 876
7033 7035
7032 7034
7032 7035
4192 4194
4191 4193
4191 4194
1351 1353
1350 1352
1350 1353
7510 7512
7509 7511
7509 7512
4669 4671
4668 4670
4668 4671
1828 1830
1827 1829
1827 1830
7987 7989
7986 7988
7986 7989
5146 5148
5145 5147
5145 5148
2305 2307
2304 2306
2304 2307
8464 8466
8463 8465
8463 8466
5623 5625
5622 5624
5622 5625
2782 2784
2781 2783
2781 2784
8941 8943
8940 8942
8940 8943
6100 6102
6099 6101
6099 6102
3259 3261
3258 3260
3258 3261
418 420
417 419
417 420
6577 6579
6576 6578
6576 6579
3736 3738
3735 3737
3735 3738
895 897
894 896
894 897
7054 7056
7053 7055
7053 7056
4213 4215
4212 4214
4212 4215
1372 1374
1371 1373
1371 1374
7531 7533
7530 7532
7530 7533
4690 4692
4689 4691
4689 4692
1849 1851
1848 1850
1848 1851
8008 8010
8007 8009
8007 8010
5167 5169
5166 5168
5166 5169
2326 2328
2325 2327
2325 2328
8485 8487
8484 8486
8484 8487
5644 5646
5643 5645
5643 5646
2803 2805
2802 2804
2802 2805
8962 8964
8961 8963
8961 8964
6121 6123
6120 6122
6120 6123
3280 3282
3279 3281
3279 3282
439 441
438 440
438 441
6598 6600
6597 6599
6597 6600
3757 3759
3756 3758
3756 3759
916 918
915 917
915 918
7075 7077
7074 7076
7074 7077
4234 4236
4233 4235
4233 4236
1393 1395
1392 1394
1392 1395
7552 7554
7551 7553
7551 7554
4711 4713
4710 4712
4710 4713
1870 1872
1869 1871
1869 1872
8029 8031
8028 8030
8028 8031
5188 5190
5187 5189
5187 5190
2347 2349
2346 2348
2346 2349
8506 8508
8505 8507
8505 8508
5665 5667
5664 5666
5664 5667
2824 2826
2823 2825
2823 2826
8983 8985
8982 8984
8982 8985
6142 6144
6141 6143
6141 6144
3301 3303
3300 3302
3300 3303
460 462
459 461
459 462
6619 6621
6618 6620
6618 6621
3778 3780
3777 3779
3777 3780
937 939
936 938
936 939
7096 7098
7095 7097
7095 7098
4255 4257
4254 4256
4254 4257
1414 1416
1413 1415
1413 1416
7573 7575
7572 7574
7572 7575
4732 4734
4731 4733
4731 4734
1891 1893
1890 1892
1890 1893
8050 8052
8049 8051
8049 8052
5209 5211
5208 5210
5208 5211
2368 2370
2367 2369
2367 2370
8527 8529
8526 8528
8526 8529
5686 5688
5685 5687
5685 5688
2845 2847
2844 2846
2844 2847
4 6
3 5
3 6
6163 6165
6162 6164
6162 6165
3322 3324
3321 3323
3321 3324
481 483
480 482
480 483
6640 6642
6639 6641
6639 6642
3799 3801
3798 3800
3798 3801
958 960
957 959
957 960
7117 7119
7116 7118
7116 7119
4276 4278
4275 4277
4275 4278
1435 1437
1434 1436
1434 1437
7594 7596
7593 7595
7593 7596
4753 4755
4752 4754
4752 4755
1912 1914
1911 1913
1911 1914
8071 8073
8070 8072
8070 8073
5230 5232
5229 5231
5229 5232
2389 2391
2388 2390
2388 2391
8548 8550
8547 8549
8547 8550
5707 5709
5706 5708
5706 5709
2866 2868
2865 2867
2865 2868
25 27
24 26
24 27
6184 6186
6183 6185
6183 6186
3343 3345
3342 3344
3342 3345
502 504
501 503
501 504
6661 6663
6660 6662
6660 6663
3820 3822
3819 3821
3819 3822
979 981
978 980
978 981
7138 7140
7137 7139
7137 7140
4297 4299
4296 4298
4296 4299
1456 1458
1455 1457
1455 1458
7615 7617
7614 7616
7614 7617
4774 4776
4773 4775
4773 4776
1933 1935
1932 1934
1932 1935
8092 8094
8091 8093
8091 8094
5251 5253
5250 5252
5250 5253
2410 2412
2409 2411
2409 2412
8569 8571
8568 8570
8568 8571
5728 5730
5727 5729
5727 5730
2887 2889
2886 2888
2886 2889
46 48
45 47
45 48
6205 6207
6204 6206
6204 6207
3364 3366
3363 3365
3363 3366
523 525
522 524
522 525
6682 6684
6681 6683
6681 6684
3841 3843
3840 3842
3840 3843
1000 1002
999 1001
999 1002
7159 7161
7158 7160
7158 7161
4318 4320
4317 4319
4317 4320
1477 1479
1476 1478
1476 1479
7636 7638
7635 7637
7635 7638
4795 4797
4794 4796
4794 4797
1954 1956
1953 1955
1953 1956
8113 8115
8112 8114
8112 8115
5272 5274
5271 5273
5271 5274
2431 2433
2430 2432
2430 2433
8590 8592
8589 8591
8589 8592
5749 5751
5748 5750
5748 5751
2908 2910
2907 2909
2907 2910
67 69
66 68
66 69
6226 6228
6225 6227
6225 6228
3385 3387
3384 3386
3384 3387
544 546
543 545
543 546
6703 6705
6702 6704
6702 6705
3862 3864
3861 3863
3861 3864
1021 1023
1020 1022
1020 1023
7180 7182
7179 7181
7179 7182
4339 4341
4338 4340
4338 4341
1498 1500
1497 1499
1497 1500
7657 7659
7656 7658
7656 7659
4816 4818
4815 4817
4815 4818
1975 1977
1974 1976
1974 1977
8134 8136
8133 8135
8133 8136
5293 5295
5292 5294
5292 5295
2452 2454
2451 2453
2451 2454
8611 8613
8610 8612
8610 8613
5770 5772
5769 5771
5769 5772
2929 2931
2928 2930
2928 2931
88 90
87 89
87 90
6247 6249
6246 6248
6246 6249
3406 3408
3405 3407
3405 3408
565 567
564 566
564 567
6724 6726
6723 6725
6723 6726
3883 3885
3882 3884
3882 3885
1042 1044
1041 1043
1041 1044
7201 7203
7200 7202
7200 7203
4360 4362
4359 4361
4359 4362
1519 1521
1518 1520
1518 1521
7678 7680
7677 7679
7677 7680
4837 4839
4836 4838
4836 4839
1996 1998
1995 1997
1995 1998
8155 8157
8154 8156
8154 8157
5314 5316
5313 5315
5313 5316
2473 2475
2472 2474
2472 2475
8632 8634
8631 8633
8631 8634
5791 5793
5790 5792
5790 5793
2950 2952
2949 2951
2949 2952
109 111
108 110
108 111
6268 6270
6267 6269
6267 6270
3427 3429
3426 3428
3426 3429
586 588
585 587
585 588
6745 6747
6744 6746
6744 6747
3904 3906
3903 3905
3903 3906
1063 1065
1062 1064
1062 1065
7222 7224
7221 7223
7221 7224
4381 4383
4380 4382
4380 4383
1540 1542
1539 1541
1539 1542
7699 7701
7698 7700
7698 7701
4858 4860
4857 4859
4857 4860
2017 2019
2016 2018
2016 2019
8176 8178
8175 8177
8175 8178
5335 5337
5334 5336
5334 5337
2494 2496
2493 2495
2493 2496
8653 8655
8652 8654
8652 8655
5812 5814
5811 5813
5811 5814
2971 2973
2970 2972
2970 2973
130 132
129 131
129 132
6289 6291
6288 6290
6288 6291
3448 3450
3447 3449
3447 3450
607 609
606 608
606 609
6766 6768
6765 6767
6765 6768
3925 3927
3924 3926
3924 3927
1084 1086
1083 1085
1083 1086
7243 7245
7242 7244
7242 7245
4402 4404
4401 4403
4401 4404
1561 1563
1560 1562
1560 1563
7720 7722
7719 7721
7719 7722
4879 4881
4878 4880
4878 4881
2038 2040
2037 2039
2037 2040
8197 8199
8196 8198
8196 8199
5356 5358
5355 5357
5355 5358
2515 2517
2514 2516
2514 2517
8674 8676
8673 8675
8673 8676
5833 5835
5832 5834
5832 5835
2992 2994
2991 2993
2991 2994
151 153
150 152
150 153
6310 6312
6309 6311
6309 6312
3469 3471
3468 3470
3468 3471
628 630
627 629
627 630
6787 6789
6786 6788
6786 6789
3946 3948
3945 3947
3945 3948
1105 1107
1104 1106
1104 1107
7264 7266
7263 7265
7263 7266
4423 4425
4422 4424
4422 4425
1582 1584
1581 1583
1581 1584
7741 7743
7740 7742
7740 7743
4900 4902
4899 4901
4899 4902
2059 2061
2058 2060
2058 2061
8218 8220
8217 8219
8217 8220
5377 5379
5376 5378
5376 5379
2536 2538
2535 2537
2535 2538
8695 8697
8694 8696
8694 8697
5854 5856
5853 5855
5853 5856
3013 3015
3012 3014
3012 3015
172 174
171 173
171 174
6331 6333
6330 6332
6330 6333
3490 3492
3489 3491
3489 3492
649 651
648 650
648 651
6808 6810
6807 6809
6807 6810
3967 3969
3966 3968
3966 3969
1126 1128
1125 1127
1125 1128
7285 7287
7284 7286
7284 7287
4444 4446
4443 4445
4443 4446
1603 1605
1602 1604
1602 1605
7762 7764
7761 7763
7761 7764
4921 4923
4920 4922
4920 4923
2080 2082
2079 2081
2079 2082
8239 8241
8238 8240
8238 8241
5398 5400
5397 5399
5397 5400
2557 2559
2556 2558
2556 2559
8716 8718
8715 8717
8715 8718
5875 5877
5874 5876
5874 5877
3034 3036
3033 3035
3033 3036
193 195
192 194
192 195
6352 6354
6351 6353
6351 6354
3511 3513
3510 3512
3510 3513
670 672
669 671
669 672
6829 6831
6828 6830
6828 6831
3988 3990
3987 3989
3987 3990
1147 1149
1146 1148
1146 1149
7306 7308
7305 7307
7305 7308
4465 4467
4464 4466
4464 4467
1624 1626
1623 1625
1623 1626
7783 7785
7782 7784
7782 7785
4942 4944
4941 4943
4941 4944
2101 2103
2100 2102
2100 2103
8260 8262
8259 8261
8259 8262
5419 5421
5418 5420
5418 5421
2578 2580
2577 2579
2577 2580
8737 8739
8736 8738
8736 8739
5896 5898
5895 5897
5895 5898
3055 3057
3054 3056
3054 3057
214 216
213 215
213 216
6373 6375
6372 6374
6372 6375
3532 3534
3531 3533
3531 3534
691 693
690 692
690 693
6850 6852
6849 6851
6849 6852
4009 4011
4008 4010
4008 4011
1168 1170
1167 1169
1167 1170
7327 7329
7326 7328
7326 7329
4486 4488
4485 4487
4485 4488
1645 1647
1644 1646
1644 1647
7804 7806
7803 7805
7803 7806
4963 4965
4962 4964
4962 4965
2122 2124
2121 2123
2121 2124
8281 8283
8280 8282
8280 8283
5440 5442
5439 5441
5439 5442
2599 2601
2598 2600
2598 2601
8758 8760
8757 8759
8757 8760
5917 5919
5916 5918
5916 5919
3076 3078
3075 3077
3075 3078
235 237
234 236
234 237
6394 6396
6393 6395
6393 6396
3553 3555
3552 3554
3552 3555
712 714
711 713
711 714
6871 6873
6870 6872
6870 6873
4030 4032
4029 4031
4029 4032
1189 1191
1188 1190
1188 1191
7348 7350
7347 7349
7347 7350
4507 4509
4506 4508
4506 4509
1666 1668
1665 1667
1665 1668
7825 7827
7824 7826
7824 7827
4984 4986
4983 4985
4983 4986
2143 2145
2142 2144
2142 2145
8302 8304
8301 8303
8301 8304
5461 5463
5460 5462
5460 5463
2620 2622
2619 2621
2619 2622
8779 8781
8778 8780
8778 8781
5938 5940
5937 5939
5937 5940
3097 3099
3096 3098
3096 3099
256 258
255 257
255 258
6415 6417
6414 6416
6414 6417
3574 3576
3573 3575
3573 3576
733 735
732 734
732 735
6892 6894
6891 6893
6891 6894
4051 4053
4050 4052
4050 4053
1210 1212
1209 1211
1209 1212
7369 7371
7368 7370
7368 7371
4528 4530
4527 4529
4527 4530
1687 1689
1686 1688
1686 1689
7846 7848
7845 7847
7845 7848
5005 5007
5004 5006
5004 5007
2164 2166
2163 2165
2163 2166
8323 8325
8322 8324
8322 8325
5482 5484
5481 5483
5481 5484
2641 2643
2640 2642
2640 2643
8800 8802
8799 8801
8799 8802
5959 5961
5958 5960
5958 5961
3118 3120
3117 3119
3117 3120
277 279
276 278
276 279
6436 6438
6435 6437
6435 6438
3595 3597
3594 3596
3594 3597
754 756
753 755
753 756
6913 6915
6912 6914
6912 6915
4072 4074
4071 4073
4071 4074
1231 1233
1230 1232
1230 1233
7390 7392
7389 7391
7389 7392
4549 4551
4548 4550
4548 4551
1708 1710
1707 1709
1707 1710
7867 7869
7866 7868
7866 7869
5026 5028
5025 5027
5025 5028
2185 2187
2184 2186
2184 2187
8344 8346
8343 8345
8343 8346
5503 5505
5502 5504
5502 5505
2662 2664
2661 2663
2661 2664
8821 8823
8820 8822
8820 8823
5980 5982
5979 5981
5979 5982
3139 3141
3138 3140
3138 3141
298 300
297 299
297 300
6457 6459
6456 6458
6456 6459
3616 3618
3615 3617
3615 3618
775 777
774 776
774 777
6934 6936
6933 6935
6933 6936
4093 4095
4092 4094
4092 4095
1252 1254
1251 1253
1251 1254
7411 7413
7410 7412
7410 7413
4570 4572
4569 4571
4569 4572
1729 1731
1728 1730
1728 1731
7888 7890
7887 7889
7887 7890
5047 5049
5046 5048
5046 5049
2206 2208
2205 2207
2205 2208
8365 8367
8364 8366
8364 8367
5524 5526
5523 5525
5523 5526
2683 2685
2682 2684
2682 2685
8842 8844
8841 8843
8841 8844
6001 6003
6000 6002
6000 6003
3160 3162
3159 3161
3159 3162
319 321
318 320
318 321
6478 6480
6477 6479
6477 6480
3637 3639
3636 3638
3636 3639
796 798
795 797
795 798
6955 6957
6954 6956
6954 6957
4114 4116
4113 4115
4113 4116
1273 1275
1272 1274
1272 1275
7432 7434
7431 7433
7431 7434
4591 4593
4590 4592
4590 4593
1750 1752
1749 1751
1749 1752
7909 7911
7908 7910
7908 7911
5068 5070
5067 5069
5067 5070
2227 2229
2226 2228
2226 2229
8386 8388
8385 8387
8385 8388
5545 5547
5544 5546
5544 5547
2704 2706
2703 2705
2703 2706
8863 8865
8862 8864
8862 8865
6022 6024
6021 6023
6021 6024
3181 3183
3180 3182
3180 3183
340 342
339 341
339 342
6499 6501
6498 6500
6498 6501
3658 3660
3657 3659
3657 3660
817 819
816 818
816 819
6976 6978
6975 6977
6975 6978
4135 4137
4134 4136
4134 4137
1294 1296
1293 1295
1293 1296
7453 7455
7452 7454
7452 7455
4612 4614
4611 4613
4611 4614
1771 1773
1770 1772
1770 1773
7930 7932
7929 7931
7929 7932
5089 5091
5088 5090
5088 5091
2248 2250
2247 2249
2247 2250
8407 8409
8406 8408
8406 8409
5566 5568
5565 5567
5565 5568
2725 2727
2724 2726
2724 2727
8884 8886
8883 8885
8883 8886
6043 6045
6042 6044
6042 6045
3202 3204
3201 3203
3201 3204
361 363
360 362
360 363
6520 6522
6519 6521
6519 6522
3679 3681
3678 3680
3678 3681
838 840
837 839
837 840
6997 6999
6996 6998
6996 6999
4156 4158
4155 4157
4155 4158
1315 1317
1314 1316
1314 1317
7474 7476
7473 7475
7473 7476
4633 4635
4632 4634
4632 4635
1792 1794
1791 1793
1791 1794
7951 7953
7950 7952
7950 7953
5110 5112
5109 5111
5109 5112
2269 2271
2268 2270
2268 2271
8428 8430
8427 8429
8427 8430
5587 5589
5586 5588
5586 5589
2746 2748
2745 2747
2745 2748
8905 8907
8904 8906
8904 8907
6064 6066
6063 6065
6063 6066
3223 3225
3222 3224
3222 3225
382 384
381 383
381 384
6541 6543
6540 6542
6540 6543
3700 3702
3699 3701
3699 3702
859 861
858 860
858 861
7018 7020
7017 7019
7017 7020
4177 4179
4176 4178
4176 4179
1336 1338
1335 1337
1335 1338
7495 7497
7494 7496
7494 7497
4654 4656
4653 4655
4653 4656
1813 1815
1812 1814
1812 1815
7972 7974
7971 7973
7971 7974
5131 5133
5130 5132
5130 5133
2290 2292
2289 2291
2289 2292
8449 8451
8448 8450
8448 8451
5608 5610
5607 5609
5607 5610
2767 2769
2766 2768
2766 2769
8926 8928
8925 8927
8925 8928
6085 6087
6084 6086
6084 6087
3244 3246
3243 3245
3243 3246
403 405
402 404
402 405
6562 6564
6561 6563
6561 6564
3721 3723
3720 3722
3720 3723
880 882
879 881
879 882
7039 7041
7038 7040
7038 7041
4198 4200
4197 4199
4197 4200
1357 1359
1356 1358
1356 1359
7516 7518
7515 7517
7515 7518
4675 4677
4674 4676
4674 4677
1834 1836
1833 1835
1833 1836
7993 7995
7992 7994
7992 7995
5152 5154
5151 5153
5151 5154
2311 2313
2310 2312
2310 2313
8470 8472
8469 8471
8469 8472
5629 5631
5628 5630
5628 5631
2788 2790
2787 2789
2787 2790
8947 8949
8946 8948
8946 8949
6106 6108
6105 6107
6105 6108
3265 3267
3264 3266
3264 3267
424 426
423 425
423 426
6583 6585
6582 6584
6582 6585
3742 3744
3741 3743
3741 3744
901 903
900 902
900 903
7060 7062
7059 7061
7059 7062
4219 4221
4218 4220
4218 4221
1378 1380
1377 1379
1377 1380
7537 7539
7536 7538
7536 7539
4696 4698
4695 4697
4695 4698
1855 1857
1854 1856
1854 1857
8014 8016
8013 8015
8013 8016
5173 5175
5172 5174
5172 5175
2332 2334
2331 2333
2331 2334
8491 8493
8490 8492
8490 8493
5650 5652
5649 5651
5649 5652
2809 2811
2808 2810
2808 2811
8968 8970
8967 8969
8967 8970
6127 6129
6126 6128
6126 6129
3286 3288
3285 3287
3285 3288
445 447
444 446
444 447
6604 6606
6603 6605
6603 6606
3763 3765
3762 3764
3762 3765
922 924
921 923
921 924
7081 7083
7080 7082
7080 7083
4240 4242
4239 4241
4239 4242
1399 1401
1398 1400
1398 1401
7558 7560
7557 7559
7557 7560
4717 4719
4716 4718
4716 4719
1876 1878
1875 1877
1875 1878
8035 8037
8034 8036
8034 8037
5194 5196
5193 5195
5193 5196
2353 2355
2352 2354
2352 2355
8512 8514
8511 8513
8511 8514
5671 5673
5670 5672
5670 5673
2830 2832
2829 2831
2829 2832
8989 8991
8988 8990
8988 8991
6148 6150
6147 6149
6147 6150
3307 3309
3306 3308
3306 3309
466 468
465 467
465 468
6625 6627
6624 6626
6624 6627
3784 3786
3783 3785
3783 3786
943 945
942 944
942 945
7102 7104
7101 7103
7101 7104
4261 4263
4260 4262
4260 4263
1420 1422
1419 1421
1419 1422
7579 7581
7578 7580
7578 7581
4738 4740
4737 4739
4737 4740
1897 1899
1896 1898
1896 1899
8056 8058
8055 8057
8055 8058
5215 5217
5214 5216
5214 5217
2374 2376
2373 2375
2373 2376
8533 8535
8532 8534
8532 8535
5692 5694
5691 5693
5691 5694
2851 2853
2850 2852
2850 2853
10 12
9 11
9 12
6169 6171
6168 6170
6168 6171
3328 3330
3327 3329
3327 3330
487 489
486 488
486 489
6646 6648
6645 6647
6645 6648
3805 3807
3804 3806
3804 3807
964 966
963 965
963 966
7123 7125
7122 7124
7122 7125
4282 4284
4281 4283
4281 4284
1441 1443
1440 1442
1440 1443
7600 7602
7599 7601
7599 7602
4759 4761
4758 4760
4758 4761
1918 1920
1917 1919
1917 1920
8077 8079
8076 8078
8076 8079
5236 5238
5235 5237
5235 5238
2395 2397
2394 2396
2394 2397
8554 8556
8553 8555
8553 8556
5713 5715
5712 5714
5712 5715
2872 2874
2871 2873
2871 2874
31 33
30 32
30 33
6190 6192
6189 6191
6189 6192
3349 3351
3348 3350
3348 3351
508 510
507 509
507 510
6667 6669
6666 6668
6666 6669
3826 3828
3825 3827
3825 3828
985 987
984 986
984 987
7144 7146
7143 7145
7143 7146
4303 4305
4302 4304
4302 4305
1462 1464
1461 1463
1461 1464
7621 7623
7620 7622
7620 7623
4780 4782
4779 4781
4779 4782
1939 1941
1938 1940
1938 1941
8098 8100
8097 8099
8097 8100
5257 5259
5256 5258
5256 5259
2416 2418
2415 2417
2415 2418
8575 8577
8574 8576
8574 8577
5734 5736
5733 5735
5733 5736
2893 2895
2892 2894
2892 2895
52 54
51 53
51 54
6211 6213
6210 6212
6210 6213
3370 3372
3369 3371
3369 3372
529 531
528 530
528 531
6688 6690
6687 6689
6687 6690
3847 3849
3846 3848
3846 3849
1006 1008
1005 1007
1005 1008
7165 7167
7164 7166
7164 7167
4324 4326
4323 4325
4323 4326
1483 1485
1482 1484
1482 1485
7642 7644
7641 7643
7641 7644
4801 4803
4800 4802
4800 4803
1960 1962
1959 1961
1959 1962
8119 8121
8118 8120
8118 8121
5278 5280
5277 5279
5277 5280
2437 2439
2436 2438
2436 2439
8596 8598
8595 8597
8595 8598
5755 5757
5754 5756
5754 5757
2914 2916
2913 2915
2913 2916
73 75
72 74
72 75
6232 6234
6231 6233
6231 6234
3391 3393
3390 3392
3390 3393
550 552
549 551
549 552
6709 6711
6708 6710
6708 6711
3868 3870
3867 3869
3867 3870
1027 1029
1026 1028
1026 1029
7186 7188
7185 7187
7185 7188
4345 4347
4344 4346
4344 4347
1504 1506
1503 1505
1503 1506
7663 7665
7662 7664
7662 7665
4822 4824
4821 4823
4821 4824
1981 1983
1980 1982
1980 1983
8140 8142
8139 8141
8139 8142
5299 5301
5298 5300
5298 5301
2458 2460
2457 2459
2457 2460
8617 8619
8616 8618
8616 8619
5776 5778
5775 5777
5775 5778
2935 2937
2934 2936
2934 2937
94 96
93 95
93 96
6253 6255
6252 6254
6252 6255
3412 3414
3411 3413
3411 3414
571 573
570 572
570 573
6730 6732
6729 6731
6729 6732
3889 3891
3888 3890
3888 3891
1048 1050
1047 1049
1047 1050
7207 7209
7206 7208
7206 7209
4366 4368
4365 4367
4365 4368
1525 1527
1524 1526
1524 1527
7684 7686
7683 7685
7683 7686
4843 4845
4842 4844
4842 4845
2002 2004
2001 2003
2001 2004
8161 8163
8160 8162
8160 8163
5320 5322
5319 5321
5319 5322
2479 2481
2478 2480
2478 2481
8638 8640
8637 8639
8637 8640
5797 5799
5796 5798
5796 5799
2956 2958
2955 2957
2955 2958
115 117
114 116
114 117
6274 6276
6273 6275
6273 6276
3433 3435
3432 3434
3432 3435
592 594
591 593
591 594
6751 6753
6750 6752
6750 6753
3910 3912
3909 3911
3909 3912
1069 1071
1068 1070
1068 1071
7228 7230
7227 7229
7227 7230
4387 4389
4386 4388
4386 4389
1546 1548
1545 1547
1545 1548
7705 7707
7704 7706
7704 7707
4864 4866
4863 4865
4863 4866
2023 2025
2022 2024
2022 2025
8182 8184
8181 8183
8181 8184
5341 5343
5340 5342
5340 5343
2500 2502
2499 2501
2499 2502
8659 8661
8658 8660
8658 8661
5818 5820
5817 5819
5817 5820
2977 2979
2976 2978
2976 2979
136 138
135 137
135 138
6295 6297
6294 6296
6294 6297
3454 3456
3453 3455
3453 3456
613 615
612 614
612 615
6772 6774
6771 6773
6771 6774
3931 3933
3930 3932
3930 3933
1090 1092
1089 1091
1089 1092
7249 7251
7248 7250
7248 7251
4408 4410
4407 4409
4407 4410
1567 1569
1566 1568
1566 1569
7726 7728
7725 7727
7725 7728
4885 4887
4884 4886
4884 4887
2044 2046
2043 2045
2043 2046
8203 8205
8202 8204
8202 8205
5362 5364
5361 5363
5361 5364
2521 2523
2520 2522
2520 2523
8680 8682
8679 8681
8679 8682
5839 5841
5838 5840
5838 5841
2998 3000
2997 2999
2997 3000
157 159
156 158
156 159
6316 6318
6315 6317
6315 6318
3475 3477
3474 3476
3474 3477
634 636
633 635
633 636
6793 6795
6792 6794
6792 6795
3952 3954
3951 3953
3951 3954
1111 1113
1110 1112
1110 1113
7270 7272
7269 7271
7269 7272
4429 4431
4428 4430
4428 4431
1588 1590
1587 1589
1587 1590
7747 7749
7746 7748
7746 7749
4906 4908
4905 4907
4905 4908
2065 2067
2064 2066
2064 2067
8224 8226
8223 8225
8223 8226
5383 5385
5382 5384
5382 5385
2542 2544
2541 2543
2541 2544
8701 8703
8700 8702
8700 8703
5860 5862
5859 5861
5859 5862
3019 3021
3018 3020
3018 3021
178 180
177 179
177 180
6337 6339
6336 6338
6336 6339
3496 3498
3495 3497
3495 3498
655 657
654 656
654 657
6814 6816
6813 6815
6813 6816
3973 3975
3972 3974
3972 3975
1132 1134
1131 1133
1131 1134
7291 7293
7290 7292
7290 7293
4450 4452
4449 4451
4449 4452
1609 1611
1608 1610
1608 1611
7768 7770
7767 7769
7767 7770
4927 4929
4926 4928
4926 4929
2086 2088
2085 2087
2085 2088
8245 8247
8244 8246
8244 8247
5404 5406
5403 5405
5403 5406
2563 2565
2562 2564
2562 2565
8722 8724
8721 8723
8721 8724
5881 5883
5880 5882
5880 5883
3040 3042
3039 3041
3039 3042
199 201
198 200
198 201
6358 6360
6357 6359
6357 6360
3517 3519
3516 3518
3516 3519
676 678
675 677
675 678
6835 6837
6834 6836
6834 6837
3994 3996
3993 3995
3993 3996
1153 1155
1152 1154
1152 1155
7312 7314
7311 7313
7311 7314
4471 4473
4470 4472
4470 4473
1630 1632
1629 1631
1629 1632
7789 7791
7788 7790
7788 7791
4948 4950
4947 4949
4947 4950
2107 2109
2106 2108
2106 2109
8266 8268
8265 8267
8265 8268
5425 5427
5424 5426
5424 5427
2584 2586
2583 2585
2583 2586
8743 8745
8742 8744
8742 8745
5902 5904
5901 5903
5901 5904
3061 3063
3060 3062
3060 3063
220 222
219 221
219 222
6379 6381
6378 6380
6378 6381
3538 3540
3537 3539
3537 3540
697 699
696 698
696 699
6856 6858
6855 6857
6855 6858
4015 4017
4014 4016
4014 4017
1174 1176
1173 1175
1173 1176
7333 7335
7332 7334
7332 7335
4492 4494
4491 4493
4491 4494
1651 1653
1650 1652
1650 1653
7810 7812
7809 7811
7809 7812
4969 4971
4968 4970
4968 4971
2128 2130
2127 2129
2127 2130
8287 8289
8286 8288
8286 8289
5446 5448
5445 5447
5445 5448
2605 2607
2604 2606
2604 2607
8764 8766
8763 8765
8763 8766
5923 5925
5922 5924
5922 5925
3082 3084
3081 3083
3081 3084
241 243
240 242
240 243
6400 6402
6399 6401
6399 6402
3559 3561
3558 3560
3558 3561
718 720
717 719
717 720
6877 6879
6876 6878
6876 6879
4036 4038
4035 4037
4035 4038
1195 1197
1194 1196
1194 1197
7354 7356
7353 7355
7353 7356
4513 4515
4512 4514
4512 4515
1672 1674
1671 1673
1671 1674
7831 7833
7830 7832
7830 7833
4990 4992
4989 4991
4989 4992
2149 2151
2148 2150
2148 2151
8308 8310
8307 8309
8307 8310
5467 5469
5466 5468
5466 5469
2626 2628
2625 2627
2625 2628
8785 8787
8784 8786
8784 8787
5944 5946
5943 5945
5943 5946
3103 3105
3102 3104
3102 3105
262 264
261 263
261 264
6421 6423
6420 6422
6420 6423
3580 3582
3579 3581
3579 3582
739 741
738 740
738 741
6898 6900
6897 6899
6897 6900
4057 4059
4056 4058
4056 4059
1216 1218
1215 1217
1215 1218
7375 7377
7374 7376
7374 7377
4534 4536
4533 4535
4533 4536
1693 1695
1692 1694
1692 1695
7852 7854
7851 7853
7851 7854
5011 5013
5010 5012
5010 5013
2170 2172
2169 2171
2169 2172
8329 8331
8328 8330
8328 8331
5488 5490
5487 5489
5487 5490
2647 2649
2646 2648
2646 2649
8806 8808
8805 8807
8805 8808
5965 5967
5964 5966
5964 5967
3124 3126
3123 3125
3123 3126
283 285
282 284
282 285
6442 6444
6441 6443
6441 6444
3601 3603
3600 3602
3600 3603
760 762
759 761
759 762
6919 6921
6918 6920
6918 6921
4078 4080
4077 4079
4077 4080
1237 1239
1236 1238
1236 1239
7396 7398
7395 7397
7395 7398
4555 4557
4554 4556
4554 4557
1714 1716
1713 1715
1713 1716
7873 7875
7872 7874
7872 7875
5032 5034
5031 5033
5031 5034
2191 2193
2190 2192
2190 2193
8350 8352
8349 8351
8349 8352
5509 5511
5508 5510
5508 5511
2668 2670
2667 2669
2667 2670
8827 8829
8826 8828
8826 8829
5986 5988
5985 5987
5985 5988
3145 3147
3144 3146
3144 3147
304 306
303 305
303 306
6463 6465
6462 6464
6462 6465
3622 3624
3621 3623
3621 3624
781 783
780 782
780 783
6940 6942
6939 6941
6939 6942
4099 4101
4098 4100
4098 4101
1258 1260
1257 1259
1257 1260
7417 7419
7416 7418
7416 7419
4576 4578
4575 4577
4575 4578
1735 1737
1734 1736
1734 1737
7894 7896
7893 7895
7893 7896
5053 5055
5052 5054
5052 5055
2212 2214
2211 2213
2211 2214
8371 8373
8370 8372
8370 8373
5530 5532
5529 5531
5529 5532
2689 2691
2688 2690
2688 2691
8848 8850
8847 8849
8847 8850
6007 6009
6006 6008
6006 6009
3166 3168
3165 3167
3165 3168
325 327
324 326
324 327
6484 6486
6483 6485
6483 6486
3643 3645
3642 3644
3642 3645
802 804
801 803
801 804
6961 6963
6960 6962
6960 6963
4120 4122
4119 4121
4119 4122
1279 1281
1278 1280
1278 1281
7438 7440
7437 7439
7437 7440
4597 4599
4596 4598
4596 4599
1756 1758
1755 1757
1755 1758
7915 7917
7914 7916
7914 7917
5074 5076
5073 5075
5073 5076
2233 2235
2232 2234
2232 2235
8392 8394
8391 8393
8391 8394
5551 5553
5550 5552
5550 5553
2710 2712
2709 2711
2709 2712
8869 8871
8868 8870
8868 8871
6028 6030
6027 6029
6027 6030
3187 3189
3186 3188
3186 3189
346 348
345 347
345 348
6505 6507
6504 6506
6504 6507
3664 3666
3663 3665
3663 3666
823 825
822 824
822 825
6982 6984
6981 6983
6981 6984
4141 4143
4140 4142
4140 4143
1300 1302
1299 1301
1299 1302
7459 7461
7458 7460
7458 7461
4618 4620
4617 4619
4617 4620
1777 1779
1776 1778
1776 1779
7936 7938
7935 7937
7935 7938
5095 5097
5094 5096
5094 5097
2254 2256
2253 2255
2253 2256
8413 8415
8412 8414
8412 8415
5572 5574
5571 5573
5571 5574
2731 2733
2730 2732
2730 2733
8890 8892
8889 8891
8889 8892
6049 6051
6048 6050
6048 6051
3208 3210
3207 3209
3207 3210
367 369
366 368
366 369
6526 6528
6525 6527
6525 6528
3685 3687
3684 3686
3684 3687
844 846
843 845
843 846
7003 7005
7002 7004
7002 7005
4162 4164
4161 4163
4161 4164
1321 1323
1320 1322
1320 1323
7480 7482
7479 7481
7479 7482
4639 4641
4638 4640
4638 4641
1798 1800
1797 1799
1797 1800
7957 7959
7956 7958
7956 7959
5116 5118
5115 5117
5115 5118
2275 2277
2274 2276
2274 2277
8434 8436
8433 8435
8433 8436
5593 5595
5592 5594
5592 5595
2752 2754
2751 2753
2751 2754
8911 8913
8910 8912
8910 8913
6070 6072
6069 6071
6069 6072
3229 3231
3228 3230
3228 3231
388 390
387 389
387 390
6547 6549
6546 6548
6546 6549
3706 3708
3705 3707
3705 3708
865 867
864 866
864 867
7024 7026
7023 7025
7023 7026
4183 4185
4182 4184
4182 4185
1342 1344
1341 1343
1341 1344
7501 7503
7500 7502
7500 7503
4660 4662
4659 4661
4659 4662
1819 1821
1818 1820
1818 1821
7978 7980
7977 7979
7977 7980
5137 5139
5136 5138
5136 5139
2296 2298
2295 2297
2295 2298
8455 8457
8454 8456
8454 8457
5614 5616
5613 5615
5613 5616
2773 2775
2772 2774
2772 2775
8932 8934
8931 8933
8931 8934
6091 6093
6090 6092
6090 6093
3250 3252
3249 3251
3249 3252
409 411
408 410
408 411
6568 6570
6567 6569
6567 6570
3727 3729
3726 3728
3726 3729
886 888
885 887
885 888
7045 7047
7044 7046
7044 7047
4204 4206
4203 4205
4203 4206
1363 1365
1362 1364
1362 1365
7522 7524
7521 7523
7521 7524
4681 4683
4680 4682
4680 4683
1840 1842
1839 1841
1839 1842
7999 8001
7998 8000
7998 8001
5158 5160
5157 5159
5157 5160
2317 2319
2316 2318
2316 2319
8476 8478
8475 8477
8475 8478
5635 5637
5634 5636
5634 5637
2794 2796
2793 2795
2793 2796
8953 8955
8952 8954
8952 8955
6112 6114
6111 6113
6111 6114
3271 3273
3270 3272
3270 3273
430 432
429 431
429 432
6589 6591
6588 6590
6588 6591
3748 3750
3747 3749
3747 3750
907 909
906 908
906 909
7066 7068
7065 7067
7065 7068
4225 4227
4224 4226
4224 4227
1384 1386
1383 1385
1383 1386
7543 7545
7542 7544
7542 7545
4702 4704
4701 4703
4701 4704
1861 1863
1860 1862
1860 1863
8020 8022
8019 8021
8019 8022
5179 5181
5178 5180
5178 5181
2338 2340
2337 2339
2337 2340
8497 8499
8496 8498
8496 8499
5656 5658
5655 5657
5655 5658
2815 2817
2814 2816
2814 2817
8974 8976
8973 8975
8973 8976
6133 6135
6132 6134
6132 6135
3292 3294
3291 3293
3291 3294
451 453
450 452
450 453
6610 6612
6609 6611
6609 6612
3769 3771
3768 3770
3768 3771
928 930
927 929
927 930
7087 7089
7086 7088
7086 7089
4246 4248
4245 4247
4245 4248
1405 1407
1404 1406
1404 1407
7564 7566
7563 7565
7563 7566
4723 4725
4722 4724
4722 4725
1882 1884
1881 1883
1881 1884
8041 8043
8040 8042
8040 8043
5200 5202
5199 5201
5199 5202
2359 2361
2358 2360
2358 2361
8518 8520
8517 8519
8517 8520
5677 5679
5676 5678
5676 5679
2836 2838
2835 2837
2835 2838
8995 8997
8994 8996
8994 8997
6154 6156
6153 6155
6153 6156
3313 3315
3312 3314
3312 3315
472 474
471 473
471 474
6631 6633
6630 6632
6630 6633
3790 3792
3789 3791
3789 3792
949 951
948 950
948 951
7108 7110
7107 7109
7107 7110
4267 4269
4266 4268
4266 4269
1426 1428
1425 1427
1425 1428
7585 7587
7584 7586
7584 7587
4744 4746
4743 4745
4743 4746
1903 1905
1902 1904
1902 1905
8062 8064
8061 8063
8061 8064
5221 5223
5220 5222
5220 5223
2380 2382
2379 2381
2379 2382
8539 8541
8538 8540
8538 8541
5698 5700
5697 5699
5697 5700
2857 2859
2856 2858
2856 2859
16 18
15 17
15 18
6175 6177
6174 6176
6174 6177
3334 3336
3333 3335
3333 3336
493 495
492 494
492 495
6652 6654
6651 6653
6651 6654
3811 3813
3810 3812
3810 3813
970 972
969 971
969 972
7129 7131
7128 7130
7128 7131
4288 4290
4287 4289
4287 4290
1447 1449
1446 1448
1446 1449
7606 7608
7605 7607
7605 7608
4765 4767
4764 4766
4764 4767
1924 1926
1923 1925
1923 1926
8083 8085
8082 8084
8082 8085
5242 5244
5241 5243
5241 5244
2401 2403
2400 2402
2400 2403
8560 8562
8559 8561
8559 8562
5719 5721
5718 5720
5718 5721
2878 2880
2877 2879
2877 2880
37 39
36 38
36 39
6196 6198
6195 6197
6195 6198
3355 3357
3354 3356
3354 3357
514 516
513 515
513 516
6673 6675
6672 6674
6672 6675
3832 3834
3831 3833
3831 3834
991 993
990 992
990 993
7150 7152
7149 7151
7149 7152
4309 4311
4308 4310
4308 4311
1468 1470
1467 1469
1467 1470
7627 7629
7626 7628
7626 7629
4786 4788
4785 4787
4785 4788
1945 1947
1944 1946
1944 1947
8104 8106
8103 8105
8103 8106
5263 5265
5262 5264
5262 5265
2422 2424
2421 2423
2421 2424
8581 8583
8580 8582
8580 8583
5740 5742
5739 5741
5739 5742
2899 2901
2898 2900
2898 2901
58 60
57 59
57 60
6217 6219
6216 6218
6216 6219
3376 3378
3375 3377
3375 3378
535 537
534 536
534 537
6694 6696
6693 6695
6693 6696
3853 3855
3852 3854
3852 3855
1012 1014
1011 1013
1011 1014
7171 7173
7170 7172
7170 7173
4330 4332
4329 4331
4329 4332
1489 1491
1488 1490
1488 1491
7648 7650
7647 7649
7647 7650
4807 4809
4806 4808
4806 4809
1966 1968
1965 1967
1965 1968
8125 8127
8124 8126
8124 8127
5284 5286
5283 5285
5283 5286
2443 2445
2442 2444
2442 2445
8602 8604
8601 8603
8601 8604
5761 5763
5760 5762
5760 5763
2920 2922
2919 2921
2919 2922
79 81
78 80
78 81
6238 6240
6237 6239
6237 6240
3397 3399
3396 3398
3396 3399
556 558
555 557
555 558
6715 6717
6714 6716
6714 6717
3874 3876
3873 3875
3873 3876
1033 1035
1032 1034
1032 1035
7192 7194
7191 7193
7191 7194
4351 4353
4350 4352
4350 4353
1510 1512
1509 1511
1509 1512
7669 7671
7668 7670
7668 7671
4828 4830
4827 4829
4827 4830
1987 1989
1986 1988
1986 1989
8146 8148
8145 8147
8145 8148
5305 5307
5304 5306
5304 5307
2464 2466
2463 2465
2463 2466
8623 8625
8622 8624
8622 8625
5782 5784
5781 5783
5781 5784
2941 2943
2940 2942
2940 2943
100 102
99 101
99 102
6259 6261
6258 6260
6258 6261
3418 3420
3417 3419
3417 3420
577 579
576 578
576 579
6736 6738
6735 6737
6735 6738
3895 3897
3894 3896
3894 3897
1054 1056
1053 1055
1053 1056
7213 7215
7212 7214
7212 7215
4372 4374
4371 4373
4371 4374
1531 1533
1530 1532
1530 1533
7690 7692
7689 7691
7689 7692
4849 4851
4848 4850
4848 4851
2008 2010
2007 2009
2007 2010
8167 8169
8166 8168
8166 8169
5326 5328
5325 5327
5325 5328
2485 2487
2484 2486
2484 2487
8644 8646
8643 8645
8643 8646
5803 5805
5802 5804
5802 5805
2962 2964
2961 2963
2961 2964
121 123
120 122
120 123
6280 6282
6279 6281
6279 6282
3439 3441
3438 3440
3438 3441
598 600
597 599
597 600
6757 6759
6756 6758
6756 6759
3916 3918
3915 3917
3915 3918
1075 1077
1074 1076
1074 1077
7234 7236
7233 7235
7233 7236
4393 4395
4392 4394
4392 4395
1552 1554
1551 1553
1551 1554
7711 7713
7710 7712
7710 7713
4870 4872
4869 4871
4869 4872
2029 2031
2028 2030
2028 2031
8188 8190
8187 8189
8187 8190
5347 5349
5346 5348
5346 5349
2506 2508
2505 2507
2505 2508
8665 8667
8664 8666
8664 8667
5824 5826
5823 5825
5823 5826
2983 2985
2982 2984
2982 2985
142 144
141 143
141 144
6301 6303
6300 6302
6300 6303
3460 3462
3459 3461
3459 3462
619 621
618 620
618 621
6778 6780
6777 6779
6777 6780
3937 3939
3936 3938
3936 3939
1096 1098
1095 1097
1095 1098
7255 7257
7254 7256
7254 7257
4414 4416
4413 4415
4413 4416
1573 1575
1572 1574
1572 1575
7732 7734
7731 7733
7731 7734
4891 4893
4890 4892
4890 4893
2050 2052
2049 2051
2049 2052
8209 8211
8208 8210
8208 8211
5368 5370
5367 5369
5367 5370
2527 2529
2526 2528
2526 2529
8686 8688
8685 8687
8685 8688
5845 5847
5844 5846
5844 5847
3004 3006
3003 3005
3003 3006
163 165
162 164
162 165
6322 6324
6321 6323
6321 6324
3481 3483
3480 3482
3480 3483
640 642
639 641
639 642
6799 6801
6798 6800
6798 6801
3958 3960
3957 3959
3957 3960
1117 1119
1116 1118
1116 1119
7276 7278
7275 7277
7275 7278
4435 4437
4434 4436
4434 4437
1594 1596
1593 1595
1593 1596
7753 7755
7752 7754
7752 7755
4912 4914
4911 4913
4911 4914
2071 2073
2070 2072
2070 2073
8230 8232
8229 8231
8229 8232
5389 5391
5388 5390
5388 5391
2548 2550
2547 2549
2547 2550
8707 8709
8706 8708
8706 8709
5866 5868
5865 5867
5865 5868
3025 3027
3024 3026
3024 3027
184 186
183 185
183 186
6343 6345
6342 6344
6342 6345
3502 3504
3501 3503
3501 3504
661 663
660 662
660 663
6820 6822
6819 6821
6819 6822
3979 3981
3978 3980
3978 3981
1138 1140
1137 1139
1137 1140
7297 7299
7296 7298
7296 7299
4456 4458
4455 4457
4455 4458
1615 1617
1614 1616
1614 1617
7774 7776
7773 7775
7773 7776
4933 4935
4932 4934
4932 4935
2092 2094
2091 2093
2091 2094
8251 8253
8250 8252
8250 8253
5410 5412
5409 5411
5409 5412
2569 2571
2568 2570
2568 2571
8728 8730
8727 8729
8727 8730
5887 5889
5886 5888
5886 5889
3046 3048
3045 3047
3045 3048
205 207
204 206
204 207
6364 6366
6363 6365
6363 6366
3523 3525
3522 3524
3522 3525
682 684
681 683
681 684
6841 6843
6840 6842
6840 6843
4000 4002
3999 4001
3999 4002
1159 1161
1158 1160
1158 1161
7318 7320
7317 7319
7317 7320
4477 4479
4476 4478
4476 4479
1636 1638
1635 1637
1635 1638
7795 7797
7794 7796
7794 7797
4954 4956
4953 4955
4953 4956
2113 2115
2112 2114
2112 2115
8272 8274
8271 8273
8271 8274
5431 5433
5430 5432
5430 5433
2590 2592
2589 2591
2589 2592
8749 8751
8748 8750
8748 8751
5908 5910
5907 5909
5907 5910
3067 3069
3066 3068
3066 3069
226 228
225 227
225 228
6385 6387
6384 6386
6384 6387
3544 3546
3543 3545
3543 3546
703 705
702 704
702 705
6862 6864
6861 6863
6861 6864
4021 4023
4020 4022
4020 4023
1180 1182
1179 1181
1179 1182
7339 7341
7338 7340
7338 7341
4498 4500
4497 4499
4497 4500
1657 1659
1656 1658
1656 1659
7816 7818
7815 7817
7815 7818
4975 4977
4974 4976
4974 4977
2134 2136
2133 2135
2133 2136
8293 8295
8292 8294
8292 8295
5452 5454
5451 5453
5451 5454
2611 2613
2610 2612
2610 2613
8770 8772
8769 8771
8769 8772
5929 5931
5928 5930
5928 5931
3088 3090
3087 3089
3087 3090
247 249
246 248
246 249
6406 6408
6405 6407
6405 6408
3565 3567
3564 3566
3564 3567
724 726
723 725
723 726
6883 6885
6882 6884
6882 6885
4042 4044
4041 4043
4041 4044
1201 1203
1200 1202
1200 1203
7360 7362
7359 7361
7359 7362
4519 4521
4518 4520
4518 4521
1678 1680
1677 1679
1677 1680
7837 7839
7836 7838
7836 7839
4996 4998
4995 4997
4995 4998
2155 2157
2154 2156
2154 2157
8314 8316
8313 8315
8313 8316
5473 5475
5472 5474
5472 5475
2632 2634
2631 2633
2631 2634
8791 8793
8790 8792
8790 8793
5950 5952
5949 5951
5949 5952
3109 3111
3108 3110
3108 3111
268 270
267 269
267 270
6427 6429
6426 6428
6426 6429
3586 3588
3585 3587
3585 3588
745 747
744 746
744 747
6904 6906
6903 6905
6903 6906
4063 4065
4062 4064
4062 4065
1222 1224
1221 1223
1221 1224
7381 7383
7380 7382
7380 7383
4540 4542
4539 4541
4539 4542
1699 1701
1698 1700
1698 1701
7858 7860
7857 7859
7857 7860
5017 5019
5016 5018
5016 5019
2176 2178
2175 2177
2175 2178
8335 8337
8334 8336
8334 8337
5494 5496
5493 5495
5493 5496
2653 2655
2652 2654
2652 2655
8812 8814
8811 8813
8811 8814
5971 5973
5970 5972
5970 5973
3130 3132
3129 3131
3129 3132
289 291
288 290
288 291
6448 6450
6447 6449
6447 6450
3607 3609
3606 3608
3606 3609
766 768
765 767
765 768
6925 6927
6924 6926
6924 6927
4084 4086
4083 4085
4083 4086
1243 1245
1242 1244
1242 1245
7402 7404
7401 7403
7401 7404
4561 4563
4560 4562
4560 4563
1720 1722
1719 1721
1719 1722
7879 7881
7878 7880
7878 7881
5038 5040
5037 5039
5037 5040
2197 2199
2196 2198
2196 2199
8356 8358
8355 8357
8355 8358
5515 5517
5514 5516
5514 5517
2674 2676
2673 2675
2673 2676
8833 8835
8832 8834
8832 8835
5992 5994
5991 5993
5991 5994
3151 3153
3150 3152
3150 3153
310 312
309 311
309 312
6469 6471
6468 6470
6468 6471
3628 3630
3627 3629
3627 3630
787 789
786 788
786 789
6946 6948
6945 6947
6945 6948
4105 4107
4104 4106
4104 4107
1264 1266
1263 1265
1263 1266
7423 7425
7422 7424
7422 7425
4582 4584
4581 4583
4581 4584
1741 1743
1740 1742
1740 1743
7900 7902
7899 7901
7899 7902
5059 5061
5058 5060
5058 5061
2218 2220
2217 2219
2217 2220
8377 8379
8376 8378
8376 8379
5536 5538
5535 5537
5535 5538
2695 2697
2694 2696
2694 2697
8854 8856
8853 8855
8853 8856
6013 6015
6012 6014
6012 6015
3172 3174
3171 3173
3171 3174
331 333
330 332
330 333
6490 6492
6489 6491
6489 6492
3649 3651
3648 3650
3648 3651
808 810
807 809
807 810
6967 6969
6966 6968
6966 6969
4126 4128
4125 4127
4125 4128
1285 1287
1284 1286
1284 1287
7444 7446
7443 7445
7443 7446
4603 4605
4602 4604
4602 4605
1762 1764
1761 1763
1761 1764
7921 7923
7920 7922
7920 7923
5080 5082
5079 5081
5079 5082
2239 2241
2238 2240
2238 2241
8398 8400
8397 8399
8397 8400
5557 5559
5556 5558
5556 5559
2716 2718
2715 2717
2715 2718
8875 8877
8874 8876
8874 8877
6034 6036
6033 6035
6033 6036
3193 3195
3192 3194
3192 3195
352 354
351 353
351 354
6511 6513
6510 6512
6510 6513
3670 3672
3669 3671
3669 3672
829 831
828 830
828 831
6988 6990
6987 6989
6987 6990
4147 4149
4146 4148
4146 4149
1306 1308
1305 1307
1305 1308
7465 7467
7464 7466
7464 7467
4624 4626
4623 4625
4623 4626
1783 1785
1782 1784
1782 1785
7942 7944
7941 7943
7941 7944
5101 5103
5100 5102
5100 5103
2260 2262
2259 2261
2259 2262
8419 8421
8418 8420
8418 8421
5578 5580
5577 5579
5577 5580
2737 2739
2736 2738
2736 2739
8896 8898
8895 8897
8895 8898
6055 6057
6054 6056
6054 6057
3214 3216
3213 3215
3213 3216
373 375
372 374
372 375
6532 6534
6531 6533
6531 6534
3691 3693
3690 3692
3690 3693
850 852
849 851
849 852
7009 7011
7008 7010
7008 7011
4168 4170
4167 4169
4167 4170
1327 1329
1326 1328
1326 1329
7486 7488
7485 7487
7485 7488
4645 4647
4644 4646
4644 4647
1804 1806
1803 1805
1803 1806
7963 7965
7962 7964
7962 7965
5122 5124
5121 5123
5121 5124
2281 2283
2280 2282
2280 2283
8440 8442
8439 8441
8439 8442
5599 5601
5598 5600
5598 5601
2758 2760
2757 2759
2757 2760
8917 8919
8916 8918
8916 8919
6076 6078
6075 6077
6075 6078
3235 3237
3234 3236
3234 3237
394 396
393 395
393 396
6553 6555
6552 6554
6552 6555
3712 3714
3711 3713
3711 3714
871 873
870 872
870 873
7030 7032
7029 7031
7029 7032
4189 4191
4188 4190
4188 4191
1348 1350
1347 1349
1347 1350
7507 7509
7506 7508
7506 7509
4666 4668
4665 4667
4665 4668
1825 1827
1824 1826
1824 1827
7984 7986
7983 7985
7983 7986
5143 5145
5142 5144
5142 5145
2302 2304
2301 2303
2301 2304
8461 8463
8460 8462
8460 8463
5620 5622
5619 5621
5619 5622
2779 2781
2778 2780
2778 2781
8938 8940
8937 8939
8937 8940
6097 6099
6096 6098
6096 6099
3256 3258
3255 3257
3255 3258
415 417
414 416
414 417
6574 6576
6573 6575
6573 6576
3733 3735
3732 3734
3732 3735
892 894
891 893
891 894
7051 7053
7050 7052
7050 7053
4210 4212
4209 4211
4209 4212
1369 1371
1368 1370
1368 1371
7528 7530
7527 7529
7527 7530
4687 4689
4686 4688
4686 4689
1846 1848
1845 1847
1845 1848
8005 8007
8004 8006
8004 8007
5164 5166
5163 5165
5163 5166
2323 2325
2322 2324
2322 2325
8482 8484
8481 8483
8481 8484
5641 5643
5640 5642
5640 5643
2800 2802
2799 2801
2799 2802
8959 8961
8958 8960
8958 8961
6118 6120
6117 6119
6117 6120
3277 3279
3276 3278
3276 3279
436 438
435 437
435 438
6595 6597
6594 6596
6594 6597
3754 3756
3753 3755
3753 3756
913 915
912 914
912 915
7072 7074
7071 7073
7071 7074
4231 4233
4230 4232
4230 4233
1390 1392
1389 1391
1389 1392
7549 7551
7548 7550
7548 7551
4708 4710
4707 4709
4707 4710
1867 1869
1866 1868
1866 1869
8026 8028
8025 8027
8025 8028
5185 5187
5184 5186
5184 5187
2344 2346
2343 2345
2343 2346
8503 8505
8502 8504
8502 8505
5662 5664
5661 5663
5661 5664
2821 2823
2820 2822
2820 2823
8980 8982
8979 8981
8979 8982
6139 6141
6138 6140
6138 6141
3298 3300
3297 3299
3297 3300
457 459
456 458
456 459
6616 6618
6615 6617
6615 6618
3775 3777
3774 3776
3774 3777
934 936
933 935
933 936
7093 7095
7092 7094
7092 7095
4252 4254
4251 4253
4251 4254
1411 1413
1410 1412
1410 1413
7570 7572
7569 7571
7569 7572
4729 4731
4728 4730
4728 4731
1888 1890
1887 1889
1887 1890
8047 8049
8046 8048
8046 8049
5206 5208
5205 5207
5205 5208
2365 2367
2364 2366
2364 2367
8524 8526
8523 8525
8523 8526
5683 5685
5682 5684
5682 5685
2842 2844
2841 2843
2841 2844
1 3
0 2
0 3
6160 6162
6159 6161
6159 6162
3319 3321
3318 3320
3318 3321
478 480
477 479
477 480
6637 6639
6636 6638
6636 6639
3796 3798
3795 3797
3795 3798
955 957
954 956
954 957
7114 7116
7113 7115
7113 7116
4273 4275
4272 4274
4272 4275
1432 1434
1431 1433
1431 1434
7591 7593
7590 7592
7590 7593
4750 4752
4749 4751
4749 4752
1909 1911
1908 1910
1908 1911
8068 8070
8067 8069
8067 8070
5227 5229
5226 5228
5226 5229
2386 2388
2385 2387
2385 2388
8545 8547
8544 8546
8544 8547
5704 5706
5703 5705
5703 5706
2863 2865
2862 2864
2862 2865
22 24
21 23
21 24
6181 6183
6180 6182
6180 6183
3340 3342
3339 3341
3339 3342
499 501
498 500
498 501
6658 6660
6657 6659
6657 6660
3817 3819
3816 3818
3816 3819
976 978
975 977
975 978
7135 7137
7134 7136
7134 7137
4294 4296
4293 4295
4293 4296
1453 1455
1452 1454
1452 1455
7612 7614
7611 7613
7611 7614
4771 4773
4770 4772
4770 4773
1930 1932
1929 1931
1929 1932
8089 8091
8088 8090
8088 8091
5248 5250
5247 5249
5247 5250
2407 2409
2406 2408
2406 2409
8566 8568
8565 8567
8565 8568
5725 5727
5724 5726
5724 5727
2884 2886
2883 2885
2883 2886
43 45
42 44
42 45
6202 6204
6201 6203
6201 6204
3361 3363
3360 3362
3360 3363
520 522
519 521
519 522
6679 6681
6678 6680
6678 6681
3838 3840
3837 3839
3837 3840
997 999
996 998
996 999
7156 7158
7155 7157
7155 7158
4315 4317
4314 4316
4314 4317
1474 1476
1473 1475
1473 1476
7633 7635
7632 7634
7632 7635
4792 4794
4791 4793
4791 4794
1951 1953
1950 1952
1950 1953
8110 8112
8109 8111
8109 8112
5269 5271
5268 5270
5268 5271
2428 2430
2427 2429
2427 2430
8587 8589
8586 8588
8586 8589
5746 5748
5745 5747
5745 5748
2905 2907
2904 2906
2904 2907
64 66
63 65
63 66
6223 6225
6222 6224
6222 6225
3382 3384
3381 3383
3381 3384
541 543
540 542
540 543
6700 6702
6699 6701
6699 6702
3859 3861
3858 3860
3858 3861
1018 1020
1017 1019
1017 1020
7177 7179
7176 7178
7176 7179
4336 4338
4335 4337
4335 4338
1495 1497
1494 1496
1494 1497
7654 7656
7653 7655
7653 7656
4813 4815
4812 4814
4812 4815
1972 1974
1971 1973
1971 1974
8131 8133
8130 8132
8130 8133
5290 5292
5289 5291
5289 5292
2449 2451
2448 2450
2448 2451
8608 8610
8607 8609
8607 8610
5767 5769
5766 5768
5766 5769
2926 2928
2925 2927
2925 2928
85 87
84 86
84 87
6244 6246
6243 6245
6243 6246
3403 3405
3402 3404
3402 3405
562 564
561 563
561 564
6721 6723
6720 6722
6720 6723
3880 3882
3879 3881
3879 3882
1039 1041
1038 1040
1038 1041
7198 7200
7197 7199
7197 7200
4357 4359
4356 4358
4356 4359
1516 1518
1515 1517
1515 1518
7675 7677
7674 7676
7674 7677
4834 4836
4833 4835
4833 4836
1993 1995
1992 1994
1992 1995
8152 8154
8151 8153
8151 8154
5311 5313
5310 5312
5310 5313
2470 2472
2469 2471
2469 2472
8629 8631
8628 8630
8628 8631
5788 5790
5787 5789
5787 5790
2947 2949
2946 2948
2946 2949
106 108
105 107
105 108
6265 6267
6264 6266
6264 6267
3424 3426
3423 3425
3423 3426
583 585
582 584
582 585
6742 6744
6741 6743
6741 6744
3901 3903
3900 3902
3900 3903
1060 1062
1059 1061
1059 1062
7219 7221
7218 7220
7218 7221
4378 4380
4377 4379
4377 4380
1537 1539
1536 1538
1536 1539
7696 7698
7695 7697
7695 7698
4855 4857
4854 4856
4854 4857
2014 2016
2013 2015
2013 2016
8173 8175
8172 8174
8172 8175
5332 5334
5331 5333
5331 5334
2491 2493
2490 2492
2490 2493
8650 8652
8649 8651
8649 8652
5809 5811
5808 5810
5808 5811
2968 2970
2967 2969
2967 2970
127 129
126 128
126 129
6286 6288
6285 6287
6285 6288
3445 3447
3444 3446
3444 3447
604 606
603 605
603 606
6763 6765
6762 6764
6762 6765
3922 3924
3921 3923
3921 3924
1081 1083
1080 1082
1080 1083
7240 7242
7239 7241
7239 7242
4399 4401
4398 4400
4398 4401
1558 1560
1557 1559
1557 1560
7717 7719
7716 7718
7716 7719
4876 4878
4875 4877
4875 4878
2035 2037
2034 2036
2034 2037
8194 8196
8193 8195
8193 8196
5353 5355
5352 5354
5352 5355
2512 2514
2511 2513
2511 2514
8671 8673
8670 8672
8670 8673
5830 5832
5829 5831
5829 5832
2989 2991
2988 2990
2988 2991
148 150
147 149
147 150
6307 6309
6306 6308
6306 6309
3466 3468
3465 3467
3465 3468
625 627
624 626
624 627
6784 6786
6783 6785
6783 6786
3943 3945
3942 3944
3942 3945
1102 1104
1101 1103
1101 1104
7261 7263
7260 7262
7260 7263
4420 4422
4419 4421
4419 4422
1579 1581
1578 1580
1578 1581
7738 7740
7737 7739
7737 7740
4897 4899
4896 4898
4896 4899
2056 2058
2055 2057
2055 2058
8215 8217
8214 8216
8214 8217
5374 5376
5373 5375
5373 5376
2533 2535
2532 2534
2532 2535
8692 8694
8691 8693
8691 8694
5851 5853
5850 5852
5850 5853
3010 3012
3009 3011
3009 3012
169 171
168 170
168 171
6328 6330
6327 6329
6327 6330
3487 3489
3486 3488
3486 3489
646 648
645 647
645 648
6805 6807
6804 6806
6804 6807
3964 3966
3963 3965
3963 3966
1123 1125
1122 1124
1122 1125
7282 7284
7281 7283
7281 7284
4441 4443
4440 4442
4440 4443
1600 1602
1599 1601
1599 1602
7759 7761
7758 7760
7758 7761
4918 4920
4917 4919
4917 4920
2077 2079
2076 2078
2076 2079
8236 8238
8235 8237
8235 8238
5395 5397
5394 5396
5394 5397
2554 2556
2553 2555
2553 2556
8713 8715
8712 8714
8712 8715
5872 5874
5871 5873
5871 5874
3031 3033
3030 3032
3030 3033
190 192
189 191
189 192
6349 6351
6348 6350
6348 6351
3508 3510
3507 3509
3507 3510
667 669
666 668
666 669
6826 6828
6825 6827
6825 6828
3985 3987
3984 3986
3984 3987
1144 1146
1143 1145
1143 1146
7303 7305
7302 7304
7302 7305
4462 4464
4461 4463
4461 4464
1621 1623
1620 1622
1620 1623
7780 7782
7779 7781
7779 7782
4939 4941
4938 4940
4938 4941
2098 2100
2097 2099
2097 2100
8257 8259
8256 8258
8256 8259
5416 5418
5415 5417
5415 5418
2575 2577
2574 2576
2574 2577
8734 8736
8733 8735
8733 8736
5893 5895
5892 5894
5892 5895
3052 3054
3051 3053
3051 3054
211 213
210 212
210 213
6370 6372
6369 6371
6369 6372
3529 3531
3528 3530
3528 3531
688 690
687 689
687 690
6847 6849
6846 6848
6846 6849
4006 4008
4005 4007
4005 4008
1165 1167
1164 1166
1164 1167
7324 7326
7323 7325
7323 7326
4483 4485
4482 4484
4482 4485
1642 1644
1641 1643
1641 1644
7801 7803
7800 7802
7800 7803
4960 4962
4959 4961
4959 4962
2119 2121
2118 2120
2118 2121
8278 8280
8277 8279
8277 8280
5437 5439
5436 5438
5436 5439
2596 2598
2595 2597
2595 2598
8755 8757
8754 8756
8754 8757
5914 5916
5913 5915
5913 5916
3073 3075
3072 3074
3072 3075
232 234
231 233
231 234
6391 6393
6390 6392
6390 6393
3550 3552
3549 3551
3549 3552
709 711
708 710
708 711
6868 6870
6867 6869
6867 6870
4027 4029
4026 4028
4026 4029
1186 1188
1185 1187
1185 1188
7345 7347
7344 7346
7344 7347
4504 4506
4503 4505
4503 4506
1663 1665
1662 1664
1662 1665
7822 7824
7821 7823
7821 7824
4981 4983
4980 4982
4980 4983
2140 2142
2139 2141
2139 2142
8299 8301
8298 8300
8298 8301
5458 5460
5457 5459
5457 5460
2617 2619
2616 2618
2616 2619
8776 8778
8775 8777
8775 8778
5935 5937
5934 5936
5934 5937
3094 3096
3093 3095
3093 3096
253 255
252 254
252 255
6412 6414
6411 6413
6411 6414
3571 3573
3570 3572
3570 3573
730 732
729 731
729 732
6889 6891
6888 6890
6888 6891
4048 4050
4047 4049
4047 4050
1207 1209
1206 1208
1206 1209
7366 7368
7365 7367
7365 7368
4525 4527
4524 4526
4524 4527
1684 1686
1683 1685
1683 1686
7843 7845
7842 7844
7842 7845
5002 5004
5001 5003
5001 5004
2161 2163
2160 2162
2160 2163
8320 8322
8319 8321
8319 8322
5479 5481
5478 5480
5478 5481
2638 2640
2637 2639
2637 2640
8797 8799
8796 8798
8796 8799
5956 5958
5955 5957
5955 5958
3115 3117
3114 3116
3114 3117
274 276
273 275
273 276
6433 6435
6432 6434
6432 6435
3592 3594
3591 3593
3591 3594
751 753
750 752
750 753
6910 6912
6909 6911
6909 6912
4069 4071
4068 4070
4068 4071
1228 1230
1227 1229
1227 1230
7387 7389
7386 7388
7386 7389
4546 4548
4545 4547
4545 4548
1705 1707
1704 1706
1704 1707
7864 7866
7863 7865
7863 7866
5023 5025
5022 5024
5022 5025
2182 2184
2181 2183
2181 2184
8341 8343
8340 8342
8340 8343
5500 5502
5499 5501
5499 5502
2659 2661
2658 2660
2658 2661
8818 8820
8817 8819
8817 8820
5977 5979
5976 5978
5976 5979
3136 3138
3135 3137
3135 3138
295 297
294 296
294 297
6454 6456
6453 6455
6453 6456
3613 3615
3612 3614
3612 3615
772 774
771 773
771 774
6931 6933
6930 6932
6930 6933
4090 4092
4089 4091
4089 4092
1249 1251
1248 1250
1248 1251
7408 7410
7407 7409
7407 7410
4567 4569
4566 4568
4566 4569
1726 1728
1725 1727
1725 1728
7885 7887
7884 7886
7884 7887
5044 5046
5043 5045
5043 5046
2203 2205
2202 2204
2202 2205
8362 8364
8361 8363
8361 8364
5521 5523
5520 5522
5520 5523
2680 2682
2679 2681
2679 2682
8839 8841
8838 8840
8838 8841
5998 6000
5997 5999
5997 6000
3157 3159
3156 3158
3156 3159
316 318
315 317
315 318
6475 6477
6474 6476
6474 6477
3634 3636
3633 3635
3633 3636
793 795
792 794
792 795
6952 6954
6951 6953
6951 6954
4111 4113
4110 4112
4110 4113
1270 1272
1269 1271
1269 1272
7429 7431
7428 7430
7428 7431
4588 4590
4587 4589
4587 4590
1747 1749
1746 1748
1746 1749
7906 7908
7905 7907
7905 7908
5065 5067
5064 5066
5064 5067
2224 2226
2223 2225
2223 2226
8383 8385
8382 8384
8382 8385
5542 5544
5541 5543
5541 5544
2701 2703
2700 2702
2700 2703
8860 8862
8859 8861
8859 8862
6019 6021
6018 6020
6018 6021
3178 3180
3177 3179
3177 3180
337 339
336 338
336 339
6496 6498
6495 6497
6495 6498
3655 3657
3654 3656
3654 3657
814 816
813 815
813 816
6973 6975
6972 6974
6972 6975
4132 4134
4131 4133
4131 4134
1291 1293
1290 1292
1290 1293
7450 7452
7449 7451
7449 7452
4609 4611
4608 4610
4608 4611
1768 1770
1767 1769
1767 1770
7927 7929
7926 7928
7926 7929
5086 5088
5085 5087
5085 5088
2245 2247
2244 2246
2244 2247
8404 8406
8403 8405
8403 8406
5563 5565
5562 5564
5562 5565
2722 2724
2721 2723
2721 2724
8881 8883
8880 8882
8880 8883
6040 6042
6039 6041
6039 6042
3199 3201
3198 3200
3198 3201
358 360
357 359
357 360
6517 6519
6516 6518
6516 6519
3676 3678
3675 3677
3675 3678
835 837
834 836
834 837
6994 6996
6993 6995
6993 6996
4153 4155
4152 4154
4152 4155
1312 1314
1311 1313
1311 1314
7471 7473
7470 7472
7470 7473
4630 4632
4629 4631
4629 4632
1789 1791
1788 1790
1788 1791
7948 7950
7947 7949
7947 7950
5107 5109
5106 5108
5106 5109
2266 2268
2265 2267
2265 2268
8425 8427
8424 8426
8424 8427
5584 5586
5583 5585
5583 5586
2743 2745
2742 2744
2742 2745
8902 8904
8901 8903
8901 8904
6061 6063
6060 6062
6060 6063
3220 3222
3219 3221
3219 3222
379 381
378 380
378 381
6538 6540
6537 6539
6537 6540
3697 3699
3696 3698
3696 3699
856 858
855 857
855 858
7015 7017
7014 7016
7014 7017
4174 4176
4173 4175
4173 4176
1333 1335
1332 1334
1332 1335
7492 7494
7491 7493
7491 7494
4651 4653
4650 4652
4650 4653
1810 1812
1809 1811
1809 1812
7969 7971
7968 7970
7968 7971
5128 5130
5127 5129
5127 5130
2287 2289
2286 2288
2286 2289
8446 8448
8445 8447
8445 8448
5605 5607
5604 5606
5604 5607
2764 2766
2763 2765
2763 2766
8923 8925
8922 8924
8922 8925
6082 6084
6081 6083
6081 6084
3241 3243
3240 3242
3240 3243
400 402
399 401
399 402
6559 6561
6558 6560
6558 6561
3718 3720
3717 3719
3717 3720
877 879
876 878
876 879
7036 7038
7035 7037
7035 7038
4195 4197
4194 4196
4194 4197
1354 1356
1353 1355
1353 1356
7513 7515
7512 7514
7512 7515
4672 4674
4671 4673
4671 4674
1831 1833
1830 1832
1830 1833
7990 7992
7989 7991
7989 7992
5149 5151
5148 5150
5148 5151
2308 2310
2307 2309
2307 2310
8467 8469
8466 8468
8466 8469
5626 5628
5625 5627
5625 5628
2785 2787
2784 2786
2784 2787
8944 8946
8943 8945
8943 8946
6103 6105
6102 6104
6102 6105
3262 3264
3261 3263
3261 3264
421 423
420 422
420 423
6580 6582
6579 6581
6579 6582
3739 3741
3738 3740
3738 3741
898 900
897 899
897 900
7057 7059
7056 7058
7056 7059
4216 4218
4215 4217
4215 4218
1375 1377
1374 1376
1374 1377
7534 7536
7533 7535
7533 7536
4693 4695
4692 4694
4692 4695
1852 1854
1851 1853
1851 1854
8011 8013
8010 8012
8010 8013
5170 5172
5169 5171
5169 5172
2329 2331
2328 2330
2328 2331
8488 8490
8487 8489
8487 8490
5647 5649
5646 5648
5646 5649
2806 2808
2805 2807
2805 2808
8965 8967
8964 8966
8964 8967
6124 6126
6123 6125
6123 6126
3283 3285
3282 3284
3282 3285
442 444
441 443
441 444
6601 6603
6600 6602
6600 6603
3760 3762
3759 3761
3759 3762
919 921
918 920
918 921
7078 7080
7077 7079
7077 7080
