32 58
8 9 1394 8457
6 24 3368 8815
29 4 5199 4325
22 16 3930 9803
32 26 6230 7374
27 30 1730 847
26 9 7740 13
24 15 3751 4044
22 23 3059 4023
25 30 28 2363
1 20 7282 6997
19 26 8095 7540
16 23 2400 2755
7 15 6430 2568
14 5 3527 6414
12 5 6653 757
8 32 8587 6227
12 20 9171 6863
6 28 3427 541
8 26 8043 5012
17 16 3136 4068
29 19 1435 379
24 7 5369 5212
25 27 6650 1422
7 28 5435 365
2 6 3927 7764
5 29 98 2903
15 31 1531 5783
32 4 571 796
31 17 5124 2863
10 12 1874 9957
23 9 8168 3070
3 13 6916 2778
19 4 8538 3785
14 4 7468 6602
25 21 337 6506
30 6 3896 6125
2 25 1314 5858
32 19 4920 4422
28 2 9583 546
31 7 1088 6809
1 3 887 9384
8 23 9677 3369
28 24 5737 9173
10 14 3318 493
27 13 7085 6328
14 29 8316 4371
9 22 9933 5061
10 20 281 7302
21 27 493 5387
15 17 7179 7277
21 13 7794 8336
31 16 3585 5789
10 5 6092 8981
21 3 2306 926
18 11 4287 9442
17 22 2652 5404
30 2 60 8691
