42 781
9 36 1893 7526
35 24 6952 5874
33 31 5027 2301
29 37 1492 8575
28 25 4233 3827
20 28 691 1627
25 3 5405 8706
8 19 3997 1153
38 21 9878 1901
9 14 2588 7280
9 37 9369 1299
38 26 400 6218
39 4 4281 7720
19 38 4572 1805
23 32 3460 1101
25 12 9916 1350
34 2 1076 8365
40 29 2232 6140
7 25 5895 8934
27 20 1490 9365
11 8 7754 6249
20 19 6795 5569
5 8 3304 3334
21 41 5995 8005
14 29 4099 5326
37 12 2351 1784
36 41 2423 7270
5 23 4413 9480
1 37 4429 5819
24 17 1124 3769
10 31 6630 9570
37 13 7723 9
14 22 3900 9096
7 42 9302 8207
27 37 1137 1361
15 23 5850 238
16 29 4177 3484
8 2 9798 3789
42 8 2536 2135
27 40 5512 7666
39 9 6425 4563
15 27 3971 5353
34 16 1795 9500
26 13 8284 998
32 17 5495 9820
25 15 2352 1500
14 32 7668 9422
1 42 5569 5747
10 8 4795 7698
31 29 1537 9905
42 25 2735 4820
13 5 4235 2041
4 12 2548 2408
23 9 9848 3174
35 26 4791 8264
16 42 3843 2687
7 29 3466 8523
21 26 4694 9335
31 23 2758 9315
14 36 7488 9416
1 18 1238 6030
26 33 6507 9016
3 15 2590 1387
38 12 2252 4350
41 31 1777 5274
31 17 1932 9054
10 29 4858 9745
22 9 8412 5741
25 4 2451 670
1 12 7744 3325
14 37 6583 6622
8 7 4879 1306
9 1 3312 3811
36 11 4823 6983
20 7 5085 1341
1 16 8140 7506
12 5 7284 73
26 31 8160 8422
27 5 866 7561
26 5 597 3982
9 24 4812 6466
31 12 84 4801
36 25 8826 9297
35 28 9632 8594
7 28 8737 9321
26 39 2529 8955
38 13 520 8861
33 35 6767 340
2 1 8777 2405
1 34 8805 9356
25 16 9644 6774
21 17 8485 7132
42 23 5570 8364
21 19 8500 3371
29 8 8037 8809
31 22 1516 6367
3 21 2554 1198
17 16 8428 529
16 2 5678 141
41 7 5662 3731
24 18 5082 9115
1 29 5408 3276
39 8 6250 6991
17 8 5437 2461
28 26 5796 2293
13 2 4950 9356
42 4 2984 1288
12 20 802 4585
41 24 3206 1994
29 35 7376 3292
34 13 2014 758
10 22 7709 7136
33 27 2327 3887
2 29 538 3741
8 38 682 4501
17 38 7395 1989
9 15 7108 6093
38 7 1660 2010
20 39 1184 2378
22 19 6514 1632
8 15 4893 254
34 38 7837 7058
18 22 5990 1339
23 40 3060 7206
38 39 6981 5394
21 25 5012 5635
29 11 9391 6683
34 23 8158 3682
4 19 4159 5726
18 8 2134 1649
4 5 4155 7336
39 11 544 3075
42 14 2374 31
23 11 91 3513
40 36 6893 552
2 27 8860 8829
3 9 6423 2336
29 20 2686 4978
35 25 4316 436
11 26 1575 3094
17 25 187 3882
17 19 4214 5187
28 32 359 8206
19 24 6203 9940
33 9 937 2026
37 34 4553 5200
27 16 9876 6105
36 39 182 7983
34 29 5237 7561
28 27 3145 744
10 21 4798 6749
40 21 9485 2934
8 23 499 9959
21 8 3415 3922
20 25 4134 4388
15 29 3517 3003
31 34 2834 7396
2 35 4977 1552
33 36 5991 4584
12 40 5995 6355
19 41 525 2591
39 28 1683 5341
4 9 7206 7128
18 14 3960 908
7 27 5551 9380
5 14 6343 9212
17 27 9301 6507
32 4 3294 3942
11 27 6594 127
41 37 4082 1397
31 8 29 8028
34 36 3683 9212
30 6 3879 2729
33 7 6343 7588
40 17 8438 4124
40 26 775 6446
22 41 7622 9568
13 21 3340 3447
36 37 7858 3814
11 3 3074 4790
22 7 6888 9413
41 39 5386 7626
16 23 4472 5730
7 16 5543 3377
21 36 596 10000
31 1 5645 5591
1 14 4539 4614
14 12 2558 939
31 28 4525 6058
37 19 854 3438
23 14 418 6857
14 28 3542 570
7 32 9108 5937
12 10 2764 2940
42 15 6949 4795
21 35 8499 8108
23 22 1234 3075
38 28 5579 3530
21 20 6067 6143
9 7 5322 1256
10 14 7830 2672
15 35 8507 3037
31 37 6652 3150
24 22 2881 5340
13 36 9135 3182
2 5 9037 7956
26 22 1851 1853
4 10 8694 1634
34 11 8572 2662
22 4 9588 2624
26 7 3453 1900
37 3 100 8778
25 29 1082 7517
15 2 4549 4296
19 40 5922 8821
27 4 1791 4394
35 27 6970 1536
40 10 1746 7070
16 3 9854 6909
19 11 5711 6733
18 28 5239 7972
16 37 911 529
9 25 1088 854
27 31 4155 1033
21 28 4678 4235
8 25 2498 5364
15 13 3611 8090
40 3 6572 6653
24 3 5445 6383
19 35 8973 6422
16 20 5326 6785
16 8 8051 6749
33 3 5524 1691
9 20 8586 8776
5 34 5487 1899
15 32 6580 2444
27 12 4113 1352
26 20 7335 2440
32 42 5982 603
16 10 3541 4545
38 2 2043 5625
9 21 50 9155
16 41 8851 7256
36 2 2434 5721
13 7 2960 3774
29 33 8712 1245
24 31 9753 7410
3 10 4164 7467
8 37 1747 7568
9 31 5101 6509
18 34 8068 9427
32 11 7218 6837
32 10 5816 3597
5 35 8325 1724
41 28 9812 5940
13 10 5345 9175
17 10 7582 7544
27 39 7281 872
21 2 961 2934
39 10 6798 3934
3 39 3486 5949
3 7 2337 5211
19 9 635 7227
2 9 20 5384
8 20 6305 461
15 5 2380 7322
3 26 5155 1174
24 11 7091 3859
39 25 2476 5982
40 1 5129 689
28 4 1887 1313
7 31 7685 2091
5 1 8859 4396
22 8 1040 2003
8 13 9189 5976
12 23 6874 8459
38 20 2101 5098
33 15 354 9427
1 38 8612 6349
10 42 6488 2516
22 25 6260 2064
23 10 9439 3619
33 17 4099 4487
40 42 173 1744
36 22 8861 3564
17 34 2439 4644
20 17 9562 4920
4 1 7606 1802
39 24 3419 2497
24 40 2996 7423
13 1 9918 6997
11 21 3944 5154
8 4 5630 505
32 21 2854 6967
7 2 72 7469
25 23 607 2261
10 20 1764 3634
27 10 2539 3413
40 9 3567 6528
13 31 7662 7604
19 23 5218 8519
32 41 1861 8143
38 18 5148 5224
13 42 1991 280
8 33 5152 6160
5 21 348 1064
2 19 3199 6834
11 13 1018 295
11 4 4640 2196
15 24 4448 3379
10 9 5951 2291
3 34 8794 3440
34 20 5186 898
14 33 5711 9970
27 25 8342 6591
39 21 5217 9719
20 41 380 4770
31 14 9614 9392
1 33 7344 9300
3 32 9344 3038
37 23 6356 7642
32 2 3246 2182
21 15 2558 9830
23 38 359 3494
18 32 3379 1
17 22 7640 188
35 8 4340 1693
22 38 8978 2500
33 25 2734 6800
23 28 50 965
19 13 5197 3051
3 17 1321 4681
15 37 889 4226
29 17 9863 3971
24 36 5022 4267
26 42 6365 9852
17 39 3175 9208
36 38 9087 7686
22 15 2701 4046
21 12 4977 2541
28 9 8628 858
41 4 5190 9529
29 5 5792 4293
7 23 8627 9445
41 42 3507 3203
26 18 1172 1777
8 12 3730 9158
9 5 6273 9123
13 27 7362 3084
33 41 8945 8203
27 22 1957 6171
16 19 9343 2640
26 16 2958 4986
22 16 6519 7566
18 5 2950 1121
4 23 6432 7463
20 37 1270 2072
19 29 1797 5405
8 36 9755 2891
24 23 8026 1389
36 31 5777 7484
32 36 1310 2588
24 34 2294 7495
35 9 8722 9541
37 33 8567 658
35 42 7053 5221
42 11 9806 9251
35 1 4341 5423
9 18 6591 2255
32 22 1383 2325
23 29 8356 9215
37 21 9127 3828
18 33 2123 6533
27 1 5929 9530
42 20 5880 2635
17 14 2494 432
26 37 7526 7491
29 38 5106 7819
16 35 6535 8433
33 34 3282 6621
26 29 1948 2952
39 13 6869 903
19 39 193 1730
40 25 7340 7465
19 1 7370 7918
12 41 8820 9337
3 2 2660 3920
32 24 8697 7985
31 25 2723 3288
1 7 6492 3744
17 1 9471 2184
32 37 640 8399
1 32 9787 2955
29 24 9912 3500
41 15 714 3899
27 38 6815 6650
4 17 6506 3180
4 14 95 9650
39 18 4654 9934
26 32 1762 1355
3 41 1327 4260
19 36 298 33
15 31 822 1893
40 38 5677 4802
14 20 7691 5906
17 9 9011 4696
33 10 7812 8501
41 1 2228 8366
29 41 1706 6229
21 27 1639 4668
7 4 4600 4820
21 1 8491 5500
32 25 1520 6743
20 1 9773 6726
13 41 8210 8582
31 35 764 630
11 5 4919 8994
29 4 3769 3590
37 39 929 338
24 38 2855 5214
36 12 416 8507
21 7 2927 6467
34 7 3349 2173
32 31 7893 6617
18 23 9611 8970
2 18 8702 1704
37 25 7956 4311
20 4 4987 2766
4 34 9884 9765
17 5 7399 5831
35 41 6785 2022
9 42 2958 9205
20 11 2574 6329
23 35 8795 2623
15 11 4763 5776
34 25 7419 6354
41 27 1973 9293
42 24 8739 752
34 10 3163 6943
14 34 7089 3025
5 32 6925 4048
15 40 4803 6488
11 40 2920 7089
16 9 9811 9808
27 36 6082 4604
42 21 2036 5952
11 41 1128 9151
23 41 3941 5668
20 15 3404 8817
28 1 1433 2552
12 32 6441 6497
18 35 180 4851
41 25 6043 6641
10 15 5362 1529
16 4 870 8835
20 33 1314 3350
3 27 4466 4315
4 15 5418 9665
16 32 1983 776
33 22 5465 770
2 22 9955 4101
17 23 874 7638
40 18 7085 1309
36 26 9182 1495
3 13 4651 3293
32 35 4089 5361
29 3 50 564
9 12 1080 9592
14 26 309 9594
38 31 4429 7777
3 23 271 700
11 7 6709 3417
13 33 1877 7833
3 18 6788 2232
29 36 6158 1522
2 31 5359 3172
40 5 8271 4985
21 18 8190 1560
20 31 4 2335
36 23 6190 2275
23 1 6438 9229
37 17 9098 8658
10 19 3199 3591
24 10 2925 6629
29 22 3951 128
16 24 8827 3321
27 14 5857 6988
7 40 7982 7200
7 36 5625 2063
20 36 1963 2298
3 20 2409 8330
19 42 7541 496
28 15 6043 2262
18 16 6540 3110
19 26 5001 2326
35 13 3954 636
17 28 8997 6368
14 41 1223 9300
13 28 82 6310
18 42 3876 1282
32 39 5063 6126
40 14 2727 7584
7 17 1096 7191
17 26 8383 5422
15 7 8661 164
14 13 2724 3709
29 12 9022 9219
18 20 4011 2507
42 29 1806 9935
5 37 7678 6764
37 24 8578 2394
24 7 9180 8419
18 41 3921 9225
34 28 4917 6553
25 19 7331 1743
2 28 2830 8391
12 19 2125 3334
28 37 7989 5368
12 2 5156 7794
5 25 5197 2533
13 40 8481 4167
22 5 2955 444
1 10 8083 7670
18 36 7458 5822
27 32 6142 3680
18 17 5172 1053
8 41 7722 9905
7 14 4931 3882
12 33 6705 6340
31 19 5116 6142
16 12 9493 5610
33 40 5341 8926
34 39 1727 5475
35 4 6998 4827
33 21 2933 3004
42 2 3470 1239
12 24 1305 5736
38 16 7135 1547
19 28 8024 6762
26 15 9673 2556
1 8 1937 9860
36 3 931 4286
11 28 5344 6336
3 19 2347 4684
40 41 2299 6191
2 24 51 324
22 39 3142 8154
25 13 7516 2087
26 23 6621 5434
5 7 8283 3259
33 39 2306 31
18 7 2925 7638
7 12 9669 2814
22 28 2727 4995
33 23 3418 1840
22 34 9684 4814
5 10 9436 5083
22 11 8131 4905
32 13 217 2340
1 24 8465 8543
8 32 8903 7557
19 14 8790 4141
4 38 5950 530
31 18 9017 8225
1 15 4819 2905
16 13 5826 7543
36 16 8978 155
39 5 7771 3519
3 14 570 8233
14 21 4221 711
37 18 9366 2748
16 33 4304 3063
26 10 2973 8763
4 3 2141 1969
25 26 7279 2198
2 40 4314 1878
35 37 2642 2736
12 13 357 953
24 27 4970 637
3 28 8947 2291
21 22 1087 517
10 28 6313 7387
20 24 6561 116
12 22 2607 9874
34 40 8570 560
5 41 5985 6659
16 39 4574 8958
37 11 6718 4031
11 17 5692 1138
27 29 9232 5022
34 12 165 4524
39 42 9560 4030
41 26 85 5631
4 21 3862 2907
41 17 1156 7733
27 8 4501 8047
7 35 7373 7714
5 19 4428 4173
27 23 8988 7889
24 25 3125 140
20 13 8112 5884
17 36 7058 9709
32 38 5362 9717
5 42 9849 1042
1 26 1012 6144
1 3 7829 3623
1 25 6841 8607
41 9 869 2843
9 32 3880 8621
34 27 2845 2761
9 29 8956 3615
15 34 3788 4883
12 28 3191 5426
15 39 3667 8012
11 14 4714 7815
38 14 9155 2387
27 26 6777 5806
36 1 8236 3794
42 34 115 8372
2 10 3991 2762
2 11 1487 254
39 31 7473 5488
40 39 8968 6913
10 7 7446 9757
14 25 8903 1642
17 35 4099 6464
38 10 3871 1997
12 26 8413 6128
3 35 2350 7630
23 20 479 6608
14 2 9632 4674
3 22 4536 5015
29 21 5380 4813
12 18 8899 2716
9 27 153 2622
20 32 6798 4429
38 9 2133 7458
4 18 5351 1132
1 11 6122 1475
38 15 4900 5552
4 2 3134 6344
32 19 2438 4264
13 22 9295 6268
22 20 382 1015
19 7 8900 2997
12 17 571 4938
37 4 3196 8185
11 18 6883 2806
31 3 9614 3848
8 28 9909 8873
5 3 263 9160
31 42 3787 1063
19 33 1226 8139
40 37 6816 4571
23 39 7285 7771
18 10 5054 8110
38 33 6068 5801
21 23 4290 484
19 18 5335 2699
5 28 3178 2901
12 35 5626 8303
24 28 5101 4347
13 23 4946 784
2 25 5736 4265
14 16 8271 3639
42 28 9052 9081
22 35 3392 3073
34 8 429 6404
22 37 3891 8977
40 16 5166 6710
13 18 992 6377
26 34 5483 3663
4 36 5529 8840
5 38 4279 5641
35 34 7372 3419
18 27 5219 270
17 2 8469 8157
11 25 8378 8180
21 16 4979 1473
16 15 1523 3606
21 31 4426 8099
10 25 5355 245
34 19 5129 8258
26 4 3538 38
22 1 198 9508
3 12 2752 2531
14 15 3481 3011
11 16 4019 6711
42 17 3019 8753
19 27 3070 9518
12 11 347 236
2 37 9619 7644
3 38 3568 4698
16 28 9615 3169
4 40 8879 5813
31 16 6627 7931
32 34 9452 4466
24 4 8682 9169
24 13 597 7331
33 24 1476 324
8 40 9126 7687
2 39 110 7290
11 10 5056 6964
39 35 2161 6899
33 32 4188 5862
37 42 7018 953
36 42 1477 7315
22 40 1172 6296
11 35 6504 7869
28 33 6971 2648
31 5 574 3715
26 8 369 9530
2 23 8339 4567
3 42 8148 5293
18 29 5058 5116
37 10 6611 1889
8 3 8539 7648
40 32 1609 9157
35 20 4317 7915
31 4 9417 3398
31 40 3932 9018
39 12 5003 8132
14 39 9305 1957
41 10 5885 5580
2 41 7673 3851
31 11 926 9292
4 33 1654 8261
40 28 361 9118
5 33 9684 9263
38 41 1962 2755
2 26 5267 3429
26 24 7717 1542
42 27 184 6040
24 21 4548 2273
14 8 3304 3034
15 12 5961 5206
24 14 6181 8744
35 36 4117 5821
8 9 6128 2216
24 5 1233 9205
35 10 6235 3333
29 13 4581 2339
15 36 5405 8723
14 35 9664 8434
33 11 2605 6852
13 9 1599 9296
42 12 3166 1987
38 35 5491 7434
38 37 6932 6088
17 13 7646 5473
25 38 5270 1713
42 33 3044 2256
20 40 6318 6313
7 37 2037 2601
11 9 9007 9486
2 20 3287 8824
32 29 9208 9760
39 29 5055 4031
39 7 974 7132
26 9 3173 2492
21 34 5160 9913
41 34 614 2505
16 5 6060 7523
11 38 9686 9634
18 15 8721 5798
13 4 2742 6108
29 28 8286 6430
2 33 5845 6290
1 39 5764 4444
5 20 2031 6951
5 36 227 968
22 42 4108 8347
40 35 4090 3092
42 38 3675 336
28 36 290 6950
15 19 5563 6838
25 18 6729 2807
10 36 9933 3383
15 17 6912 6705
24 8 8700 1044
34 9 8535 597
