102 2001
28 98 1765 3709
92 86 396 48
84 9 1162 3656
1 95 3164 4507
9 14 3915 6256
81 44 8429 9335
102 19 8219 7513
1 14 7303 7693
76 97 2302 1273
10 16 9288 3752
1 59 5290 2905
47 17 3774 3256
100 89 1683 8251
94 98 5844 2916
41 81 8130 2800
15 25 7498 8122
43 50 5142 6755
81 13 1711 6878
88 71 5511 3857
80 3 9519 7216
82 50 2328 6453
61 67 4526 7194
61 77 9966 7525
87 72 4945 7751
56 54 5536 1131
25 56 7661 3459
9 19 5337 5261
59 49 6718 2798
74 77 1403 1160
72 52 1137 2560
38 24 1108 722
62 43 8283 1028
79 39 7455 73
63 1 2894 8418
94 50 4523 2125
53 27 9292 792
24 29 2486 5386
23 49 6165 8739
36 34 9785 5490
15 53 1436 4785
75 77 8318 3541
16 88 9543 1404
15 39 4519 5077
3 18 8217 6467
1 60 7409 689
54 28 4318 5806
32 36 4036 8408
99 67 2957 1702
86 17 2637 8517
23 93 2993 9557
30 16 9876 7676
89 28 3307 6058
102 46 3462 879
33 102 7248 5018
91 19 8873 5658
5 42 2883 9112
52 18 3643 6291
54 64 4673 8848
55 31 6125 1930
12 78 6898 2366
63 40 7268 5151
19 8 3500 6487
70 34 7951 5166
38 59 4634 3851
83 11 5006 124
15 51 9367 3315
98 86 6053 3504
35 44 1687 2636
82 96 1159 1853
101 91 9596 9187
7 10 8740 3192
15 54 1520 2665
11 102 3954 1594
1 88 5527 1289
44 22 3829 4239
93 7 262 4606
48 42 4765 8132
31 61 6257 5481
77 10 8426 3655
4 38 1501 736
74 73 1053 4865
15 100 9226 3086
36 35 1358 7503
50 70 2315 60
68 96 6782 1262
2 102 3974 7302
101 57 108 4472
60 57 3787 3184
53 11 9150 4131
5 84 4016 9376
39 64 8327 2744
4 100 3287 8726
11 100 8048 564
19 58 471 3922
21 38 75 9525
71 2 9223 4544
34 6 6899 2369
2 18 592 1615
57 76 4826 7371
59 68 7347 4027
44 18 6488 9717
19 87 6898 2314
40 100 9568 858
21 67 5862 3018
15 42 7367 7339
31 18 3439 5935
54 80 3838 259
38 88 2236 3125
41 5 4108 7158
47 32 3676 7732
16 37 9747 214
21 55 5203 1512
40 70 4496 7248
89 33 1264 9861
4 39 2524 9193
61 75 1230 9501
47 92 1335 2804
55 99 9130 73
1 89 2316 4736
12 38 7903 8426
60 22 270 8517
9 21 1415 2976
93 1 387 871
30 34 8948 3581
51 42 2418 1414
24 43 9679 4386
65 27 2576 5231
10 23 7883 871
31 14 426 3609
66 53 7006 1628
18 41 4410 2348
91 32 3885 6646
91 61 3739 5126
17 56 4815 8474
25 92 3990 5192
33 94 3917 353
83 1 2188 1005
83 41 1559 4845
16 86 980 6524
10 85 3148 632
19 35 6708 4636
82 1 2471 8108
74 86 9560 8212
17 74 860 1586
32 14 2790 467
39 46 4947 4777
92 74 6781 6755
60 78 1879 5765
45 74 8720 1369
1 4 4447 5821
44 20 5787 9908
25 28 5194 8144
9 44 1291 8881
4 82 3329 8991
31 45 8404 3003
32 12 4957 4438
12 77 8323 1678
80 86 475 7870
30 71 5531 5547
44 53 5023 1820
42 66 4789 6637
77 36 628 2481
49 102 7228 1505
39 11 823 3007
53 95 5975 4538
83 4 7095 5617
62 6 4685 9645
38 43 9293 7097
65 12 3339 4113
34 99 8467 7385
42 93 7341 8242
85 16 779 5713
20 35 1594 8613
82 81 1271 291
56 85 1478 8968
25 13 1306 5508
52 13 852 6355
16 81 8052 1992
57 23 5252 7121
45 102 9399 8863
51 90 6678 5658
35 49 599 9834
90 87 6878 5673
28 66 7133 1985
97 54 8532 1199
22 1 8243 9493
1 47 8147 3182
37 25 858 3297
85 40 1568 5333
70 53 7395 3068
25 55 3445 2542
28 73 2436 1092
74 99 3068 5399
60 100 6792 8772
64 99 5087 8165
26 69 8408 6506
96 90 2446 6401
81 36 5690 4841
54 48 7603 4176
81 20 1753 1569
41 13 7879 6256
16 36 3133 3810
96 63 6432 6247
82 79 6146 7972
14 29 8777 6441
29 70 5019 5775
81 61 3282 64
42 20 4020 1234
99 98 6468 813
96 97 2839 5045
13 90 9533 160
84 29 8005 6419
5 3 2927 4982
86 29 8339 1530
33 4 5412 7719
35 91 4076 1785
97 8 682 6243
95 93 1848 6393
62 40 7127 9520
53 54 4698 2387
99 80 1816 9226
63 20 6334 6075
92 67 9896 2658
15 74 3559 960
53 55 9945 5592
1 52 8395 5261
35 16 4224 7784
63 78 3944 2113
43 45 6856 3465
98 30 1156 2178
77 70 7301 6056
25 23 4133 4914
85 89 9354 705
18 37 1327 4703
5 95 8788 3084
14 101 9581 6025
50 12 7415 2549
60 33 7199 4214
18 30 5777 7200
68 58 1427 9934
11 93 1046 6631
59 77 7139 5110
19 1 7038 5034
63 89 5543 1419
75 94 6940 2070
15 55 7964 6832
97 34 9184 4309
56 42 7667 5013
42 23 8108 280
94 78 7537 7508
38 93 953 4113
80 92 6494 4316
92 48 2411 1219
95 83 1627 2105
91 74 2038 5545
31 40 7676 6442
46 83 5794 7864
93 40 8011 9176
95 90 393 1018
3 100 4152 361
31 1 7178 9907
68 63 3847 5193
39 98 6648 2354
56 1 9968 9359
89 62 9469 5206
99 73 8056 5840
35 67 1248 251
47 82 3253 9052
51 85 5337 1148
85 42 9603 5238
28 59 871 1298
64 44 4376 6434
64 13 1701 183
98 24 6913 8259
21 96 2377 4734
88 102 6427 1027
58 53 4150 201
5 48 3274 4811
1 100 1139 4627
58 75 6121 8441
36 29 4723 6047
34 84 2151 8613
1 16 7447 7217
24 21 7093 800
5 27 8164 1995
101 41 1146 810
94 38 6037 7244
46 1 6387 3329
34 21 5684 6091
72 66 5882 658
21 94 9350 2382
32 18 6299 397
80 90 6586 9594
47 6 3191 1071
22 67 8156 8963
24 82 1833 6737
27 95 4588 6198
86 91 3352 7998
52 101 7125 479
28 34 8921 95
92 37 3125 6170
32 6 2239 8497
83 73 6301 78
25 89 1617 1569
1 53 7814 97
29 85 1487 5744
93 76 2432 3488
15 19 5509 6866
22 99 7359 6285
22 49 3438 5474
90 54 2640 461
82 93 4068 3813
73 82 9521 6689
100 33 5514 7085
60 88 6241 888
46 22 997 8997
12 29 8503 8358
52 56 2041 3581
18 59 9125 1226
91 21 101 2832
22 91 4812 4790
63 42 4593 3560
79 50 9584 6846
94 57 2909 8853
61 71 2815 1065
49 94 9069 5160
39 72 2850 5900
36 54 6725 4685
24 45 3545 2155
33 15 7014 4033
79 7 510 5710
68 20 9221 8076
3 58 1746 4482
101 7 3607 4299
56 79 86 269
57 12 169 7333
95 79 9959 9640
54 20 8996 2167
47 57 1443 5547
76 58 5842 7224
61 5 4344 1919
66 62 5538 8045
40 58 1352 9346
41 80 8981 5516
71 31 6348 8781
60 3 3470 4125
28 19 7070 3258
37 51 7780 976
6 24 6303 585
43 88 2428 22
72 30 2060 8762
29 96 3997 4775
59 10 3024 4213
101 67 919 3347
6 37 9510 6355
79 22 4548 508
97 20 7438 3302
20 43 441 9190
22 41 6120 9129
21 14 8509 2032
34 37 2276 2750
8 73 9568 5342
25 18 4673 5816
33 52 6727 5734
42 64 5124 2054
27 76 5980 1379
29 87 7610 2380
39 1 2332 7501
89 61 6504 2148
21 59 7656 4719
3 45 9027 7414
42 34 6288 1080
49 89 7198 4131
22 12 2485 7010
59 95 9306 3925
85 1 9681 4596
2 41 752 460
23 7 3845 2634
49 5 1214 4017
60 81 5172 6539
32 98 4551 5005
34 14 8712 198
95 42 5731 9503
66 60 8518 5281
21 30 5959 6028
1 64 1102 6257
54 13 5390 3448
83 92 9081 2460
39 68 3555 8393
58 39 9593 2380
59 44 1248 924
20 52 7441 794
78 68 8943 4275
60 36 2326 8216
24 47 9317 6511
68 77 8172 7865
3 71 4851 6144
41 34 701 9541
28 64 2484 2147
72 20 1379 8001
86 59 5330 3525
52 7 7443 311
2 62 227 3178
45 63 8703 8047
29 31 6762 6838
55 102 2060 6759
47 96 4104 2053
85 19 1258 4336
102 85 8955 6592
22 33 19 5032
70 51 9102 7247
66 5 1949 1449
42 102 2778 6427
63 50 6783 6259
3 62 3624 1143
66 7 2796 5643
81 93 742 4978
73 22 3592 6673
12 98 6123 9738
43 1 9620 3194
63 28 9761 5704
41 77 4792 527
22 89 8117 1510
56 63 6754 2917
45 9 9367 5159
63 53 304 806
14 47 6124 6435
58 83 3960 1674
1 75 2509 3955
96 80 1435 7166
38 48 4050 8100
94 74 3535 2813
99 86 5986 1998
48 55 4661 6272
83 88 3409 3830
81 64 7695 9949
48 78 9516 2571
52 23 4626 4035
34 65 1411 5642
98 80 8682 4243
32 46 2467 7272
24 92 3918 375
64 16 9280 6372
71 25 4593 9130
80 39 1755 2327
76 56 1930 486
72 6 1113 8507
27 62 4981 9568
34 3 703 7200
96 1 5842 3103
17 49 9809 4310
51 50 9340 7134
48 9 389 9842
14 24 7700 1321
28 71 5484 9340
46 6 4003 5526
90 3 1070 8591
20 91 3737 1492
62 1 9357 114
28 23 1880 2781
102 27 5084 3099
30 79 5684 4619
51 36 6491 3877
57 92 6389 959
57 78 8010 2110
48 93 6150 6073
37 90 7533 1515
59 47 8829 7891
100 47 9930 128
81 67 1635 5508
92 68 8670 8185
47 75 4217 6822
27 32 3971 1845
65 46 4399 5136
38 60 9940 4552
86 56 2560 4820
31 70 5005 8415
1 78 7547 2508
99 41 2025 7488
98 53 1405 1461
29 77 246 9382
17 84 6132 2284
29 9 8556 4355
42 22 9667 3422
16 67 8595 5389
61 64 5563 3592
53 33 7248 1661
57 49 3940 4678
85 62 2395 1225
94 59 7505 8341
83 82 3573 5937
33 62 8261 9517
41 3 1466 8219
40 80 4012 8056
58 95 5398 8876
34 90 3296 8236
17 90 4139 6270
32 51 525 1942
90 88 162 4894
62 35 430 5534
68 102 4465 3194
36 98 5631 8936
12 64 3569 6937
34 19 7046 2273
68 9 3298 3539
42 19 7058 6174
3 79 798 7809
36 74 5110 6855
75 95 255 1398
41 63 9447 9207
98 1 5876 5464
7 24 4527 9721
92 4 9676 2332
61 46 8165 4386
68 33 6562 7533
98 47 4647 981
25 45 1971 2073
53 3 4385 9676
59 74 8100 5910
99 13 6314 6648
6 98 3701 324
73 64 939 4903
85 37 3631 4047
9 53 93 2513
97 15 3953 6478
99 82 3763 5740
6 2 2294 353
101 36 5482 5178
29 46 9077 6048
51 79 6509 4813
75 17 4629 3970
32 53 3322 8985
4 78 2670 8467
3 73 6758 1236
77 13 9694 1826
32 17 7661 549
58 56 2464 4526
37 62 4683 7879
71 27 9164 8780
39 63 8115 7728
70 96 7782 8840
52 50 7579 504
84 38 11 4877
14 92 5639 9498
77 58 7423 179
54 96 124 9409
17 44 184 3692
8 12 1056 5893
80 61 7407 1250
31 50 9433 5458
60 99 2746 1456
81 76 8462 8453
37 98 9163 3686
17 9 5728 9260
70 8 9832 9127
77 25 6065 4326
9 92 4883 998
62 23 5691 4935
53 52 2893 2816
78 21 2439 6050
28 11 9610 1192
46 24 3229 7738
38 79 5231 5526
27 64 5116 6170
24 100 6714 7566
78 101 7403 5728
43 53 4538 221
35 14 7282 9634
28 38 6616 501
83 51 1961 2472
16 76 254 565
20 12 657 7085
85 59 3362 17
31 73 656 8447
85 48 4754 9950
47 102 3952 3852
63 75 923 2445
90 62 7959 9082
23 48 3085 5446
65 31 6688 8297
13 14 301 472
6 86 8945 3326
29 45 8606 1802
61 9 5630 5753
39 16 4026 5129
7 85 6700 876
13 38 6693 9026
42 16 5352 288
65 64 2290 5194
56 71 3112 2672
91 65 3783 3420
82 10 4100 6654
7 75 703 33
30 2 2993 1403
6 58 7945 647
56 6 1129 6019
99 79 353 758
76 44 7326 3405
19 71 7008 1637
29 71 3784 5179
30 66 9570 5810
73 90 971 4297
14 62 5123 1750
84 49 7604 4789
28 58 5899 7481
73 63 3768 5052
76 95 4214 4146
20 34 3466 5873
48 40 8122 767
1 50 7950 2494
79 73 2879 2716
48 19 4648 8508
88 77 820 4943
80 62 4862 7510
83 44 8486 9832
1 30 2328 6749
47 55 4681 5147
40 67 9742 4447
18 38 52 7916
97 68 728 9348
74 93 8876 5640
14 72 368 450
54 79 8726 9603
53 71 124 8629
102 40 1792 2413
97 24 8838 8586
74 29 1885 7041
36 53 1586 1868
60 55 9068 5034
100 78 2081 1385
64 4 7704 3823
29 15 9466 3303
17 68 2316 5497
52 76 7330 9704
27 54 252 5234
7 13 1185 4404
17 36 9903 6847
38 83 4715 4646
81 57 9376 7481
36 47 7085 6794
56 100 69 3815
17 1 4285 960
18 94 4404 2598
95 10 9785 296
48 13 9575 2567
84 54 9944 6010
80 11 1382 4729
4 18 7943 2490
67 96 5054 3468
33 59 5297 5258
45 75 7663 2211
75 71 2634 1367
54 62 4737 761
4 27 4365 2513
92 51 4688 1029
61 82 7885 7386
38 58 5272 2181
54 49 3025 6245
15 91 1421 6839
11 85 2293 1572
89 37 2353 6773
81 11 995 7661
57 89 962 3916
94 60 2328 4351
95 12 6594 229
97 58 7214 8865
22 11 7695 4897
100 95 5333 7966
22 52 1126 1452
37 52 3816 3153
55 56 1511 3324
4 96 7185 790
6 40 5729 4294
71 68 5324 6930
30 100 9645 1332
75 2 3423 6034
32 55 7480 6764
85 82 8689 5271
12 82 7998 9514
29 40 7024 6880
75 54 2691 8217
14 57 2778 7876
84 61 9040 8554
66 16 6573 5942
55 54 7657 9474
1 8 3926 6620
27 67 9481 9844
50 9 1104 7604
50 86 847 5340
31 20 1588 7373
48 87 1261 6651
48 2 5180 602
93 24 487 5277
18 1 6235 8340
63 93 5560 4624
22 21 7608 6038
56 32 1366 7201
65 80 8587 2051
1 24 3272 1441
92 70 6469 8307
20 98 2219 9394
6 5 5022 1986
28 44 3305 2636
54 4 8101 4476
87 57 928 5696
9 22 6272 1389
93 13 8008 5283
67 10 9158 2160
83 7 3628 3022
53 40 5352 6348
53 74 7355 2922
89 18 472 6128
76 24 9810 6797
29 18 1958 1022
77 87 7505 5525
60 102 9208 3454
91 54 4019 4865
40 30 6457 2299
15 11 1276 3638
72 43 2944 7669
73 93 8278 4788
11 14 6796 1057
57 46 5118 2282
4 29 6975 6800
7 72 5939 1708
46 3 4985 9356
29 92 4919 3657
55 65 7877 6272
37 91 6806 4271
57 88 286 7917
42 101 1814 49
1 7 4304 1699
92 91 7340 509
32 94 5481 4519
40 21 7530 5510
60 41 132 7120
60 83 8227 42
63 48 2407 8130
44 96 4489 5206
82 48 9710 7539
11 2 7532 2005
18 35 873 2248
62 44 6202 653
19 94 9845 3591
49 45 5787 534
79 101 6830 8657
47 86 911 2233
94 31 2521 3902
15 102 7688 3495
64 19 9742 5323
91 87 6130 5392
97 77 7314 756
6 3 6051 3275
94 92 1285 2620
47 74 4419 2858
82 68 8264 6827
51 47 6738 2790
16 71 988 4405
35 1 8400 5405
19 63 8856 2178
83 68 4363 2040
59 6 9865 4066
7 70 2352 9834
51 76 9064 6361
15 75 9821 9962
76 80 9665 9615
38 95 9235 2364
32 102 2981 6382
33 41 8317 6928
35 83 5606 6829
36 78 3975 1031
20 21 8106 4705
4 49 7359 7168
68 19 6665 7886
45 71 5395 7536
35 93 9385 7336
33 73 6049 5153
48 83 2168 7535
64 8 9017 7027
79 62 5890 2119
80 4 5192 2836
27 89 7017 6499
6 9 8458 7740
8 49 7164 737
16 50 4613 4841
49 91 3798 1090
17 101 4758 9406
29 89 6838 5668
101 51 5406 6065
8 86 9326 177
21 36 772 3467
90 61 6275 1479
98 57 2653 3208
11 57 4073 4779
97 94 8204 650
6 1 4957 2030
58 60 4149 164
80 22 6139 3516
74 61 9482 3064
32 58 960 3385
68 16 1126 4603
22 82 9967 6403
13 5 1895 8150
28 91 727 6290
98 22 5129 6509
64 11 3336 1154
49 38 6239 5328
64 79 9792 7376
3 76 3302 5812
53 17 7210 766
10 42 7842 8071
99 2 1757 8487
25 90 8493 6682
12 1 9258 1161
45 47 2328 2235
47 42 9362 8296
10 5 2343 5155
92 101 8027 1043
55 14 1765 280
101 63 402 621
21 65 1159 7738
84 21 6669 2039
61 60 9885 564
59 24 7535 2268
92 34 407 7663
88 73 6767 6597
77 71 1080 4033
48 56 846 2105
93 64 9035 5899
43 79 7634 5292
16 40 2093 256
78 25 1750 2945
92 27 1164 7776
40 87 2346 7373
12 96 9487 8125
17 19 6229 2074
95 61 2276 9256
4 14 8698 1150
76 59 3063 2422
57 1 9849 2255
14 79 9973 9890
47 16 8475 3189
25 95 9193 1552
64 70 2697 3618
96 11 5933 8483
96 38 6668 9457
5 77 1711 9520
52 35 7035 3676
63 35 8096 8383
58 90 652 9676
52 48 2062 4272
47 53 1155 8381
24 62 2687 910
25 98 3469 6533
34 13 2880 2477
2 51 9492 9169
92 60 958 5059
22 6 9355 3156
70 68 6076 2430
12 39 7733 6474
99 62 9168 5157
11 13 9609 6918
57 44 3654 9614
101 23 2362 1381
8 82 1193 8540
30 68 4492 9655
2 10 8070 1800
50 84 3701 3590
17 71 6470 7912
1 65 3079 9028
71 67 8962 9766
63 60 3171 4699
31 72 5014 263
34 51 2825 2850
40 27 7023 4195
43 97 2468 8851
68 64 3201 4813
70 45 5929 7178
2 101 8117 5212
36 49 2589 8753
75 92 6184 5917
21 89 2482 6244
59 7 2593 9013
95 13 8902 2427
43 35 9089 5358
15 43 2297 8593
23 67 6652 8177
41 10 7538 1095
38 72 9724 7446
7 43 490 4670
41 66 8252 4229
87 101 7735 6954
61 97 7655 9958
91 94 2019 3994
64 63 3120 8653
43 68 9886 3309
68 1 2848 3455
40 88 6447 3304
17 64 8465 6176
21 52 1663 8675
14 15 7928 9228
74 54 4339 1977
102 75 848 2162
72 24 885 4216
67 95 5819 5608
44 1 6947 5540
67 32 8013 1509
97 1 2484 4056
74 23 7872 7455
82 17 9139 6724
62 58 5862 4768
13 49 6803 178
52 51 6320 9921
37 12 5083 7991
40 95 3199 1668
36 15 9717 9877
96 95 983 3304
38 11 3811 4970
44 3 8120 580
78 95 846 6182
55 81 5178 6550
24 17 8954 2494
19 40 4258 1991
36 40 7928 6888
71 62 5328 1722
70 5 6834 1720
78 58 5612 1739
48 88 7718 7572
33 17 2732 3353
54 25 541 7798
50 25 4399 372
75 66 9398 7061
39 49 8132 7126
100 86 4290 7685
85 76 5609 1256
91 77 7247 1885
73 97 8801 3927
28 90 6030 4723
10 18 463 5383
95 48 7894 545
52 28 8400 8624
51 78 277 5880
1 70 7987 2044
51 56 8572 5362
75 22 4675 6778
91 45 7502 9680
93 102 4834 7760
2 32 5728 7780
12 56 2224 9170
55 33 4903 5778
56 24 7352 7123
72 5 8865 2191
35 64 5118 7705
102 77 2552 8371
51 45 7316 2228
5 14 978 9433
2 84 2293 1362
49 15 7235 4571
60 35 6222 6133
2 65 5892 6493
38 73 860 3761
68 60 6817 2632
56 3 667 7583
44 29 1858 6045
12 4 2148 458
102 89 3596 5766
1 71 6388 6510
87 41 656 4997
24 64 9969 6531
30 29 5746 1615
61 66 232 8481
30 19 4697 2620
1 41 6356 6851
47 20 8913 1922
21 11 5182 3646
50 30 7047 2335
1 5 4043 839
44 92 2806 4506
61 44 6497 6753
80 67 8366 6102
60 17 8240 3641
22 77 6033 9553
53 83 5602 7999
59 62 9616 6355
59 36 593 6542
83 62 1667 3142
30 93 1721 318
84 15 6966 6804
19 53 9161 392
73 27 3538 4645
98 52 9961 5348
64 38 4085 7887
53 94 7804 9158
50 47 1845 236
25 53 3886 9454
63 65 7446 8209
71 54 6157 6618
75 82 2698 314
16 23 1824 9937
85 5 7347 3153
9 81 1324 6588
47 19 8312 3095
99 11 6886 4196
19 37 3698 505
50 72 568 7892
88 19 4006 7282
75 99 3795 4672
84 10 4261 8521
39 67 2978 6377
73 54 3927 6798
66 65 9358 5747
84 53 9837 4043
8 30 8978 3498
34 71 5408 77
86 49 9054 6756
1 28 3805 773
16 60 8781 67
10 90 7309 9900
59 51 6464 8230
1 67 5658 6677
41 79 8608 8528
18 64 5534 6727
99 84 2583 6505
71 14 8076 8636
50 100 3404 1862
14 36 8558 8441
6 80 8958 1410
42 78 3997 6754
30 84 4222 2810
74 9 6265 2863
32 85 2213 9258
4 59 2584 309
18 63 6653 6865
74 6 6513 2618
47 89 1075 743
8 38 9340 1915
84 70 9332 3981
91 43 620 5337
95 17 4027 5382
34 33 5725 950
19 46 3541 5234
91 11 1328 1427
4 57 7799 5324
56 64 7923 2281
66 90 5667 2207
75 83 2564 8160
99 63 3959 852
37 88 8629 1736
88 53 6099 5245
87 60 5056 606
22 76 6265 7818
58 8 885 5577
25 34 8207 261
94 68 2044 2495
40 28 4823 7452
23 32 3044 4492
80 8 8344 6646
33 78 4587 8559
100 48 9241 2891
51 25 9298 1719
5 91 7468 7883
17 55 1821 801
17 39 6983 7459
7 44 5995 4472
8 15 9577 9519
83 28 7850 9429
78 13 7621 4864
43 17 6547 4070
99 71 8137 5964
52 73 9359 4686
99 1 1353 8550
28 5 5114 6158
92 20 872 2789
89 20 4922 5661
10 56 8061 6897
61 78 9169 6828
38 55 1834 669
43 73 1671 4071
77 81 1555 5451
13 102 8672 6915
21 83 1898 4198
76 73 5485 1791
68 3 5757 3056
16 11 563 5227
87 32 1794 5317
60 67 5018 6259
97 14 8412 366
6 52 8117 5253
73 94 111 2038
9 62 4329 3670
95 3 4273 6408
9 42 3530 6448
11 1 4778 9711
78 74 2504 8700
2 19 3166 3349
83 59 748 3821
1 15 5136 4462
19 77 6657 8981
48 25 4329 6640
13 21 4950 1606
82 14 4267 9238
9 67 7293 6817
41 11 7185 2234
3 1 4875 7524
16 62 7455 2668
92 73 2430 8681
10 53 6580 164
68 95 5367 8826
32 1 15 6415
7 56 7668 6568
85 30 8669 1959
37 45 5171 39
56 20 5312 8304
102 51 4033 4580
96 64 8238 7690
6 27 8026 8525
2 58 7382 8544
100 73 323 6666
82 5 8694 1049
45 93 951 7928
34 22 5531 6106
50 44 8742 184
86 1 7583 2851
37 40 5388 8955
78 2 8401 2343
91 66 9803 257
79 40 7538 4441
33 12 1183 2286
17 58 9260 5992
66 17 5047 267
4 84 5809 5470
79 28 4660 4183
64 52 6578 6570
100 87 6220 4030
65 52 8633 3808
74 37 6022 8275
7 53 3089 1430
63 88 4111 1168
1 92 3622 7938
92 46 8526 4121
22 25 2766 6864
52 30 588 8342
92 21 6899 1122
36 45 441 7185
19 83 8426 9774
5 7 1791 6352
13 84 6510 8848
81 73 4793 6846
16 20 3872 3220
55 79 9833 8990
49 62 3050 6932
65 18 3267 4242
41 25 8698 6073
35 89 1614 8425
15 34 7815 3538
78 23 9534 5239
40 13 595 7755
19 79 8944 9487
25 66 5973 1601
1 23 3727 5470
38 15 2569 8628
86 58 662 1815
95 20 6971 9110
86 68 9907 5801
51 95 8185 2426
86 73 8391 836
74 81 371 1602
80 79 4935 6663
22 40 7345 9635
92 95 1638 988
46 18 8524 4492
30 6 3493 1186
45 1 8467 7894
67 3 1653 5715
54 23 6132 703
3 81 5112 6245
23 36 7691 121
93 66 7001 5746
87 6 2607 7116
89 19 7617 1344
29 49 8348 4960
39 51 9413 9043
87 12 6769 987
82 34 4181 6226
29 60 7212 4233
83 54 2164 7501
70 73 9866 9029
82 46 9052 886
84 1 721 6175
25 73 5121 2793
14 61 8416 3516
21 33 6007 4939
91 18 1244 1946
17 48 8315 9101
78 41 4208 2664
27 84 8801 2780
59 78 3446 944
8 99 5636 7523
101 8 2903 3599
68 53 8320 5756
72 96 7988 5837
75 80 287 2595
12 47 8502 9776
54 101 2817 1135
22 90 8089 783
37 61 172 8375
91 67 1267 8985
9 82 8072 8964
54 21 8506 9254
51 18 4562 5513
1 48 781 1307
65 28 6828 9333
22 8 5282 1874
85 33 41 8876
70 27 3555 5514
53 16 8079 8062
3 55 8837 9196
77 34 9327 7997
48 47 8904 6861
85 18 1252 8459
33 57 1201 8783
90 102 3684 2673
74 51 9051 6560
93 50 2857 7954
27 100 4336 1098
41 86 3736 7099
67 75 1958 3721
4 36 9928 8291
30 37 8428 6244
71 37 3496 7977
8 93 542 9235
17 91 8603 4206
58 4 909 5382
94 17 3732 3128
21 93 532 6966
97 53 1854 7841
89 44 9037 4180
58 73 5634 5226
2 96 1776 8678
8 9 6957 5616
95 6 7268 7503
25 64 4177 2736
70 82 8145 7854
12 74 258 7442
59 81 4032 1100
27 12 5956 9466
24 57 5055 6469
15 65 4135 3179
57 66 3008 5752
55 49 6729 4071
64 53 5424 1658
96 101 3874 7330
12 80 9540 3751
3 101 825 5093
97 66 9924 1941
93 52 7695 8763
97 91 1881 7646
17 38 9005 1506
12 94 9567 8404
84 92 7784 4043
8 55 8614 8280
96 14 7942 549
85 27 5270 187
1 76 2111 745
2 59 2502 9080
24 81 62 6764
33 54 2486 5996
85 70 4123 6680
92 8 853 5519
100 98 4038 1467
14 99 5127 1706
24 23 5656 531
61 47 7156 8827
15 86 1835 6546
65 40 3892 6610
44 63 2311 7597
77 60 4477 9797
76 70 7858 3750
36 93 6764 9849
25 61 8813 6667
88 81 7115 5613
77 85 7184 1059
25 24 7272 3908
43 67 5592 8925
7 91 6026 1587
31 32 3732 6461
62 65 7770 7408
86 42 3594 7539
5 80 5433 3544
34 40 6581 7532
92 50 7589 8397
58 31 3934 1256
86 87 9424 2743
93 96 1817 8510
32 80 6177 5820
78 82 5021 4862
1 101 425 6229
101 6 7273 9817
54 52 1762 636
66 73 7484 8546
31 56 437 6686
32 21 9917 6250
88 14 9221 6669
28 32 1188 9603
64 75 3788 1105
37 15 5034 3094
13 85 3000 6271
72 45 6209 2525
27 82 2896 6880
87 84 3979 5047
1 10 1019 6849
73 23 4962 4378
61 100 4070 5038
25 49 7194 3163
74 56 7998 5226
84 90 3769 8394
55 50 3254 8577
33 67 4463 6661
77 86 4304 1561
59 17 7544 4283
36 79 6976 6670
32 43 8011 2942
75 65 5339 6978
84 67 8567 418
77 17 6669 3304
84 77 9118 8134
81 29 4159 4487
59 11 6489 5859
24 61 9577 1801
16 72 8655 8961
90 47 1811 3889
31 36 6869 7678
16 96 5534 6066
76 89 3702 2502
97 32 1760 5067
31 27 2822 8630
12 13 8211 3416
60 74 1704 9939
89 17 5083 5126
25 1 1336 3047
6 70 869 9543
31 17 7147 4651
45 11 681 8385
95 82 6873 7178
74 42 8819 8688
43 80 6039 5539
85 57 3562 1140
19 82 3291 161
99 65 1299 9510
1 66 7905 6
101 11 8195 3918
14 8 720 994
93 92 3792 129
81 86 1029 3850
27 20 5233 6539
15 78 5334 5262
61 19 4320 2342
20 36 611 7919
72 21 3298 7402
39 102 4876 5614
89 34 4599 2951
75 81 3191 6990
52 49 1656 8502
99 39 7560 6544
99 94 4367 5670
36 87 4970 4918
95 46 5682 4136
32 24 3119 7686
27 68 8397 7858
40 96 2588 6529
45 65 9646 6583
48 79 9754 8850
59 35 2767 3272
99 30 9169 5534
63 9 5588 6182
42 21 8776 7980
36 64 1431 3238
32 101 4260 303
49 72 1006 6939
93 72 2903 2102
16 82 8682 7434
88 41 5156 6760
91 51 7662 4530
47 88 800 3494
28 46 4991 4702
76 5 2246 6548
61 11 3203 3856
73 30 6654 118
5 55 1874 655
100 28 8540 5010
88 75 249 9257
8 63 4565 5383
62 77 7945 5740
89 92 1149 8923
71 85 702 7787
51 72 8661 5673
8 61 5738 8024
37 102 5738 9736
10 11 3485 4101
6 60 616 1069
48 33 7682 7579
33 47 7021 8175
82 23 592 4228
48 99 6271 628
61 35 9028 2187
11 20 5614 4963
74 44 3297 1591
94 83 2965 6539
80 52 4597 4746
27 9 4503 6594
94 54 2509 1715
17 79 2806 5437
15 9 2497 7026
12 11 1528 7594
58 36 2121 8541
56 78 1054 2831
3 38 9390 8838
92 98 4209 3929
66 9 7348 3884
88 86 4216 2565
7 51 3538 798
84 45 761 4902
30 42 1769 1465
13 82 3475 7496
86 83 5758 7063
30 32 5813 3115
100 71 5541 6948
66 52 2059 7442
96 79 754 4632
18 84 215 8469
77 40 7975 9104
97 46 5658 1065
84 88 6084 5381
31 86 6011 7112
13 74 7370 6841
48 80 8411 7538
12 75 7732 3033
78 20 6996 7841
27 37 9601 4888
101 28 8336 7719
87 51 8311 9216
56 33 707 7555
80 87 5519 5496
93 17 9063 6163
65 61 5604 2590
59 41 4661 2945
30 80 9936 5097
44 43 8096 95
17 99 7587 692
35 101 7668 6584
19 33 8365 6674
39 29 1919 8050
28 8 3694 7393
79 29 5827 5203
70 52 8416 4884
12 34 8161 2024
46 98 1114 7175
16 83 1747 3892
68 41 5980 5148
67 20 7823 6873
39 21 337 7758
97 13 4919 3714
43 94 4642 9564
101 80 5928 6253
41 40 6758 88
55 20 1598 1443
43 63 4818 2029
60 50 9804 8635
12 84 1056 6822
100 83 2 8752
56 70 6181 7103
92 53 7126 7116
17 65 3027 2862
65 88 7763 6129
72 83 3082 6313
43 55 2253 5330
43 60 8452 8431
54 88 8935 6775
39 93 6178 1736
77 78 3250 7148
31 39 9837 8595
39 56 5894 9525
10 81 5484 6734
91 95 5739 5724
96 51 7949 8435
4 5 7754 8617
71 81 2222 2614
83 50 1111 9590
80 89 1238 8312
58 59 7577 5497
10 14 9606 5077
42 7 6767 6217
86 4 4292 5009
70 18 9374 2196
19 3 3790 1501
56 45 3456 5808
33 1 2650 7459
47 28 2363 1725
30 25 1080 6953
54 68 509 1788
102 31 9560 2152
24 20 547 6150
3 9 6134 3609
41 58 1555 6311
98 74 7052 7208
3 70 1934 3873
11 25 9965 9291
65 36 1764 1462
79 15 1696 4943
39 88 3984 6951
81 27 1661 9390
65 50 1527 4003
35 27 976 8161
79 66 6144 4784
23 96 6223 2357
16 63 5781 9432
23 45 8176 4293
9 99 3047 4184
78 89 9774 8943
18 22 858 675
58 52 303 2057
43 96 3909 1857
8 66 7674 736
78 65 1805 8619
18 82 708 9148
59 64 3037 9194
43 52 8481 3841
77 31 1520 533
57 16 5737 3016
36 1 8767 3859
65 39 8126 4247
19 65 759 9983
87 97 3719 8186
5 68 3529 7796
87 10 7701 5100
34 57 8771 9206
55 96 6897 8604
85 78 8485 9246
5 50 388 5743
94 66 2661 4462
99 27 5054 3335
44 85 8293 2368
68 14 3761 5009
62 12 6124 8785
57 79 6145 1904
60 24 3969 7398
81 1 7320 9193
90 18 8767 8024
45 15 8274 3330
84 71 2474 1992
43 16 6443 1662
50 87 4255 2058
3 99 3065 721
12 99 3940 5566
90 49 7529 6225
102 54 6350 7799
78 17 2132 2658
51 81 771 1491
8 32 2504 8389
17 2 19 680
50 73 605 252
77 11 8583 7954
39 61 1017 449
58 72 297 1022
31 68 9316 1410
58 45 7012 173
28 24 2941 1128
100 17 3859 9064
43 23 8316 9075
23 71 5084 7552
79 90 718 7184
56 36 8398 7129
85 88 1595 1263
75 46 3883 7540
78 90 87 9203
87 58 4071 3659
60 79 9028 7300
51 84 2107 1402
12 7 6331 2287
43 75 9185 906
7 95 7950 9545
84 8 39 1743
53 12 1788 7711
20 94 2416 6549
74 27 7752 9466
74 1 6648 9268
1 91 8052 240
92 81 4210 7864
96 5 5812 7623
55 7 3662 2347
102 64 54 3908
15 58 3206 8318
83 78 1797 2575
98 49 2832 4539
102 82 8930 2002
19 90 6285 4343
2 1 5149 1643
55 91 2841 6789
56 92 6043 1015
39 44 7107 1820
80 37 8610 7125
84 41 6990 4827
93 77 9966 559
67 62 821 940
93 85 2721 5227
34 18 7989 2592
72 102 8813 5459
90 5 969 3754
44 47 6682 7141
91 58 3282 461
40 50 8715 4961
101 81 470 9532
52 47 3751 3120
98 97 4366 7141
10 32 5124 1186
70 87 1109 1393
93 18 2257 1139
89 52 9099 8852
94 90 5418 6269
29 1 1729 8825
27 51 7600 1555
31 91 7878 7395
23 51 4658 9004
36 25 2909 2075
11 18 2046 4311
85 79 6109 4797
98 23 2297 6405
38 61 2499 107
87 20 2986 6142
46 54 4241 5533
43 46 2911 2214
49 58 4661 1490
72 100 6040 6175
14 65 7051 1184
100 23 1644 9848
71 36 1913 4629
43 64 3568 4649
31 42 5440 4489
23 56 6871 6290
5 12 5223 3139
57 56 9839 6586
34 101 74 7277
70 65 7161 4120
55 44 3380 478
64 41 8571 3749
66 82 2801 6702
102 3 1154 1760
81 99 4325 9540
101 9 3684 6904
85 8 6131 2198
25 40 3737 7566
39 23 4107 5720
1 87 2433 7258
10 17 7340 5163
56 75 9196 8963
84 43 5021 4192
6 21 2329 5511
67 18 8525 8718
58 89 2618 6781
93 88 5044 7995
52 19 5925 1982
49 10 2893 1753
95 35 126 2946
18 79 6297 5043
1 21 1207 8925
46 40 3560 971
10 38 5970 5230
10 45 2063 5313
90 77 7047 1997
25 86 6703 2550
22 32 9619 805
19 13 42 3383
66 3 6053 4224
73 42 109 7361
20 1 43 1044
48 94 9696 5558
4 50 6874 9836
67 100 5706 7608
12 90 514 3317
38 41 4698 7028
35 85 1812 9020
17 8 8722 3611
11 37 7974 3751
7 89 5766 6866
24 88 8136 6423
46 99 2281 2289
57 43 3158 2394
10 33 5923 5899
58 79 3326 6145
94 63 4461 5324
58 1 1677 6231
24 80 5882 4338
31 6 3935 6995
96 25 562 8575
100 49 9266 5395
70 100 7546 5734
77 1 817 2377
66 33 9912 16
49 51 6714 4546
4 15 9781 1354
88 72 4316 3794
60 93 9507 617
86 11 7157 7092
46 55 8674 7461
61 22 4713 6445
23 12 3430 9529
3 83 5968 5964
48 75 4681 8627
37 49 5956 9513
39 22 279 3395
88 89 8572 9164
22 59 216 1492
48 97 2566 6593
5 35 9001 738
19 74 9728 9905
48 73 1168 3151
13 18 1638 8677
68 75 5383 5088
19 98 256 2857
72 37 327 1324
9 89 6638 344
76 75 1469 2764
22 19 789 6608
35 10 6794 7022
64 98 9110 3746
4 76 3272 2
1 49 1795 7745
92 90 2653 3848
29 95 9049 3200
41 20 3131 8065
86 72 8090 6908
19 6 9532 6830
49 31 6824 2791
71 41 4358 503
75 33 1101 1622
4 9 4634 9373
89 30 6698 268
48 46 6618 1807
67 55 7988 2603
4 61 5591 5457
49 75 8517 9219
30 28 9592 4277
77 43 4202 697
23 61 9398 6095
47 80 7514 99
52 14 1775 6078
38 52 2532 7003
96 6 4635 8830
70 38 7200 8514
81 2 3256 2210
37 101 8474 2075
35 80 6698 4062
61 59 8412 3889
78 43 9914 1869
47 77 5648 1611
61 55 3919 7592
14 20 3054 2517
88 55 9785 7007
82 55 5450 5747
1 51 162 8389
54 59 7620 6976
11 88 9118 7720
5 23 3040 7931
2 34 2200 7141
67 44 1305 7220
40 33 4801 4720
19 29 860 1734
24 55 7013 1863
28 12 4780 958
14 12 8191 9347
60 64 4037 1451
5 79 3413 9412
48 41 6874 7601
34 95 5658 6215
100 29 569 895
30 77 1313 940
55 76 182 8943
88 45 6255 4663
100 79 9673 3678
85 4 1138 777
2 94 4239 8973
62 47 3694 68
49 24 9323 6529
85 87 5119 6848
98 66 4673 7187
34 10 4199 2885
87 42 7936 39
86 3 6619 1225
89 65 2375 6438
1 79 4657 5740
46 33 6468 2966
42 98 9866 4983
40 8 7363 4070
12 100 4468 8981
60 48 2072 2867
90 93 6468 5030
90 1 3703 418
6 75 1310 8503
21 68 3002 2605
25 62 3269 6848
2 28 2461 7578
77 42 7742 1124
88 52 7569 5766
44 40 4196 7703
102 70 4933 125
95 99 9880 1016
83 81 14 6076
84 46 9452 3328
83 33 293 802
81 33 9087 3422
74 21 7237 5577
61 1 3878 2710
75 23 1972 5978
68 8 4243 1636
88 6 6322 4871
4 74 4416 6152
62 56 2395 5854
94 65 1191 2280
63 11 3502 8021
66 34 7556 8135
71 12 8718 3316
76 46 4291 6819
77 46 5782 7458
61 20 8568 5861
43 18 4151 8398
29 82 8635 2813
78 35 7851 6458
12 70 2906 197
1 72 6230 4351
35 82 3925 9059
80 102 868 3728
27 44 4174 6957
61 99 6599 8882
33 87 6265 5319
71 96 6334 6871
25 70 3575 5538
7 81 562 2556
60 44 9924 1790
21 90 9657 2234
65 60 6732 1237
5 52 1354 6451
22 53 2313 2065
100 51 1868 6859
40 64 8765 942
63 87 7972 8257
85 92 1220 9961
42 11 8028 4207
94 80 8922 4392
23 33 6684 2820
20 51 2108 9396
78 79 1221 4331
33 3 1954 1587
57 96 9227 6904
13 56 674 3040
91 30 515 291
81 4 7055 3821
39 74 8471 7079
39 3 3362 9884
6 73 312 8175
65 96 1261 5628
20 102 6039 9402
42 6 1328 5433
41 46 6227 3695
8 21 9477 8188
6 10 5877 5928
74 55 909 2879
74 10 801 8122
97 36 185 1864
2 38 8753 1077
50 68 1461 390
35 54 8182 2488
22 72 5951 5540
8 81 1382 7700
83 9 8159 2204
80 38 8792 4769
43 5 3914 1780
7 48 9647 554
37 48 3905 7889
88 66 4775 1365
19 5 2046 2264
101 97 8864 9723
93 6 6010 6585
102 74 800 904
35 90 2186 3663
86 70 1015 6054
9 23 2747 8156
33 20 7665 4198
14 90 8166 2092
2 52 2075 4787
42 1 1887 5172
25 85 2924 4677
7 71 5625 6923
12 88 6399 5767
94 41 9772 293
73 13 8515 6946
61 72 9631 3873
6 97 6255 7141
10 96 3943 7695
16 41 2946 6668
54 2 1037 3007
73 9 3662 78
59 19 5732 7230
30 45 416 5892
58 46 3749 1990
81 22 6615 5979
7 33 7558 7457
90 63 5222 18
35 87 6052 8780
39 32 2207 3079
5 78 9674 3577
75 14 3663 6397
44 82 9374 7598
74 7 8633 7192
31 8 7537 2245
91 27 3054 9342
55 1 9819 6443
28 42 7680 64
10 97 3848 8975
62 63 8851 7717
13 31 95 5191
5 34 8004 8811
45 81 6407 8165
81 40 6243 2807
40 1 3060 8227
19 96 3970 5247
7 65 5870 3715
91 68 3534 1187
73 95 7093 8477
86 37 8893 5608
31 98 3010 6201
27 1 187 5110
91 90 5028 3324
82 33 1735 8731
95 64 8917 4510
95 50 7611 495
75 24 6104 3353
33 58 6563 3872
99 33 3256 9146
27 19 4492 6056
7 6 7608 2259
72 82 7454 7982
29 59 8838 2299
3 43 9844 7965
29 78 1753 6997
88 4 9420 9121
38 57 1996 6197
13 23 9167 9676
102 61 868 9468
102 36 1217 2092
89 16 4069 7848
6 44 6274 5197
45 44 4626 2043
48 81 3593 4919
41 15 4351 1052
13 8 1486 879
100 32 513 4577
16 8 9773 9242
51 17 70 5070
37 28 3333 4911
76 92 1337 410
102 63 1250 6826
1 34 7684 3349
62 29 2419 6225
37 46 4734 5741
85 67 9948 6623
13 36 4808 6978
81 54 6670 2102
74 14 5896 2831
72 79 7570 5330
40 45 3154 8029
28 84 2239 4275
14 77 59 2329
32 93 1149 4194
87 44 7472 7093
25 75 3609 7771
88 46 5038 7479
90 46 4021 2363
27 7 3559 6129
40 42 4141 1564
68 29 2848 3172
84 40 6272 2607
100 7 4330 6858
36 24 1021 8227
33 14 9019 3171
47 8 9237 7971
100 53 198 7491
60 96 4012 9813
46 45 4733 4816
43 90 7597 852
78 39 683 6117
27 88 129 3653
10 15 9374 4920
68 61 4836 1047
82 3 3208 4802
1 102 6388 4304
78 37 9472 6953
12 91 2056 4719
18 39 6615 6857
101 53 7075 3364
101 13 242 8786
84 79 550 1879
