4997 4996
2375 4095 5323 7593
78 3489 3923 9789
516 2903 2724 8993
4034 157 9009 4025
213 162 2280 5777
3987 4965 8597 4265
178 4946 2530 3928
3002 4239 7768 2274
2457 689 3640 3924
4500 2608 4607 2061
2949 3222 8779 6960
582 312 1720 6498
14 1629 463 3124
3290 3763 9500 7357
3070 1783 9869 2860
2420 4890 8739 8931
2057 291 1230 6955
390 3363 8096 312
4822 1650 8047 8565
555 806 1385 9325
4070 1352 2632 6883
238 2335 7151 4798
2081 1610 1749 3524
283 3651 6694 3874
3326 2645 194 7868
2533 2752 1671 3790
1923 4110 5248 9357
947 3411 8577 9050
3851 3237 7397 8889
4881 912 9379 5778
685 3742 3590 4173
2265 1194 2725 3520
1671 4647 8722 6590
2992 2237 1288 9193
933 767 9245 2844
1436 2499 773 3718
2128 1117 9866 5190
2014 1725 2573 6898
2611 4584 5926 1895
2255 860 7643 3002
2009 142 2572 6729
3062 1273 1786 9984
4718 2850 5453 9516
3292 1152 5093 5042
1336 1233 8417 6368
3133 3310 3244 2455
1937 2086 7339 4464
593 2044 4142 5494
511 142 5107 4763
3829 605 6407 2135
4000 530 5945 9078
3506 256 3860 5940
953 1244 4809 2195
1695 1311 2179 6860
3510 1511 7494 4276
86 3662 7262 4177
4485 4035 1455 2240
3806 2307 6720 4715
2923 2859 3791 3444
1135 1602 7410 5780
759 3701 3474 3857
2062 1346 9262 3704
2283 1882 7808 8264
4584 2720 5733 8399
17 3796 380 1465
3866 604 1674 214
532 1045 8559 2452
3128 4798 2517 5176
1617 1422 2448 1031
2169 2415 10 4534
1836 490 159 3222
3417 4510 8039 5899
3181 4060 5572 5064
317 448 9969 6314
848 4241 8151 1316
3541 3099 431 2624
902 4250 1871 1231
2016 445 1818 5567
4413 465 8658 8400
2294 2764 763 5938
2996 2481 1727 7855
3233 956 3021 9753
1329 1217 7119 7890
1915 202 462 8508
1802 3576 7291 3391
95 2702 6315 6399
518 3776 7400 4326
1285 4131 978 2301
4526 4863 6287 5691
2734 3305 6809 8805
4606 1383 3397 8513
4685 4243 3079 613
4996 513 1840 6701
1858 4341 6426 6142
1245 1560 6047 5681
1541 2298 6186 3547
4700 1442 207 5333
1556 1496 5431 1154
1168 3229 4368 1916
2821 3196 5604 3706
4245 2908 1033 8636
644 2364 7523 3882
597 2512 1211 7302
4616 3865 7403 2283
1047 3002 3752 8993
2091 723 9780 2095
615 2979 2477 9303
4222 4405 8456 5556
977 983 8188 3498
3974 612 8450 5234
221 2790 9911 7622
3635 2990 529 9685
1602 3275 1361 4100
1899 481 2519 6869
4623 4048 8214 3980
4588 4063 7927 3879
2043 1089 8191 4215
4806 3781 4920 5853
4618 3656 8660 4523
2206 4554 7666 5903
1120 4886 8654 3252
581 2825 6229 5172
2567 2538 6053 5134
628 3045 25 8485
4276 1008 9471 441
3514 993 750 6375
4681 74 2668 4143
4916 2387 9484 9590
695 99 3405 9922
4107 2551 5319 6456
36 2708 5342 9462
2778 1590 5362 5237
2920 3385 8758 5926
4347 815 2504 7985
4705 4667 4067 7404
4218 234 3548 7688
988 366 6537 6598
3366 4482 1927 6853
3786 2749 9308 5462
731 3861 3281 5944
4204 4576 708 4387
3933 544 9728 2768
1889 1729 633 7018
2089 3929 7528 1141
4871 3392 3331 2874
667 3168 1749 2201
3223 3602 1592 4668
175 1493 9578 5156
4637 2020 5232 3088
3230 1510 8488 2713
2276 1094 5810 5665
1584 1396 7517 2992
3899 2363 2829 4612
942 4972 3995 8676
2556 173 2296 2598
1990 1664 8722 7953
780 2915 1271 3937
4018 2778 8732 7218
1032 4291 6274 6794
997 727 9561 2629
4783 2123 4309 472
371 2652 38 4252
605 2756 4828 8567
1785 3125 1545 3351
3320 4244 758 3391
306 2607 391 4993
4973 2104 2642 3770
3930 275 8939 8256
2989 4065 7312 9171
4988 49 8316 5069
2585 3564 6231 7830
3319 4906 2634 8392
4653 811 5874 7687
347 437 6677 1107
1803 1129 805 3503
731 3014 9346 70
3852 544 30 7891
772 2979 940 2701
4403 2125 1025 8140
2913 4136 1983 5963
2991 98 9481 5472
2926 4492 9143 6585
1468 3441 1180 2277
4351 3929 1639 7585
1185 4556 5441 4973
2396 761 8695 9137
2137 3464 7983 3410
2346 3356 2332 7810
845 2375 8291 3864
3367 4890 3992 4450
174 2816 4536 7552
1882 4842 8911 1217
2506 4828 1709 6454
1801 2906 6329 5633
1119 1798 8513 8490
2164 2839 8702 8180
846 4089 8756 8568
2638 3267 160 5185
314 2484 5462 2698
4812 478 6378 6248
1861 3484 5077 5119
3596 4273 2211 5508
4078 3620 8462 864
3265 3094 6822 4999
2094 1302 3437 6074
3656 4444 45 1868
674 3988 6771 2809
2990 4221 2363 6568
4743 930 4639 2416
4745 1734 8625 2088
1094 982 4415 1135
4091 1098 4586 3245
2668 485 6849 9281
1464 2696 7382 5502
317 1425 6412 7724
1108 1261 3248 4073
4564 1743 495 3682
4811 3070 8125 3926
2147 4628 8284 9825
4734 35 7826 4806
4679 1661 855 5429
3961 1430 9461 6554
2801 496 9662 6822
883 2383 1633 4093
1258 570 9745 104
3992 2804 1674 1040
1148 880 2805 3017
4085 2333 6142 8838
4050 2983 5816 3841
281 4909 5403 9225
1635 4070 5534 4472
3644 75 2738 8307
1724 834 9135 5342
1783 4112 9891 6682
4031 4716 4100 5951
3505 378 9377 8485
1574 2372 3901 3990
1836 2212 4809 3430
405 376 4721 4059
1379 225 8820 1534
1032 1787 5059 9902
4051 3610 3661 1432
220 1186 9981 9055
1583 2445 5472 7290
3326 4643 8206 7560
1455 3528 9292 3074
1790 26 6029 1749
1235 3050 8153 9398
2228 3641 9566 6086
4435 4 6470 2829
504 2681 3222 2261
4743 3053 216 6127
2370 4441 4527 9714
4145 1466 6208 8108
2978 2449 6588 5903
1095 1453 230 3970
620 152 7132 8849
162 2150 9576 4988
2491 4831 9044 7440
431 3521 4660 7570
2670 351 1844 9413
2291 2931 9168 2948
2421 2935 3750 8354
1182 2579 5730 118
2096 3444 5101 8122
3835 936 3665 4389
2493 3962 8264 5337
232 4237 5383 9262
3090 4371 514 6203
69 526 5094 6762
1258 1374 6272 2581
2417 1251 6675 1247
168 3459 9555 8535
605 1028 8989 5566
2707 1702 3262 1381
3430 3755 8470 4044
2495 2367 165 1308
3984 1577 977 3607
4234 4662 4492 7730
3597 3879 3760 2482
3026 3208 1471 5405
2914 148 329 3604
3652 777 3305 7497
3128 4848 4129 9444
2804 1687 6479 1237
3204 1924 4162 7763
3459 1890 6953 5421
4270 3574 6307 9743
492 2319 4719 8131
2210 2887 7489 3809
614 1813 7407 7718
2450 4260 177 5983
1303 1480 8973 3057
1247 3173 3962 8778
1402 552 4098 9129
530 4854 9302 536
314 3944 3958 4210
1423 3332 3946 4474
1084 1700 9417 713
1077 4123 7233 8875
4535 4337 9667 4637
4582 548 4219 4444
2304 4934 5159 2512
4187 3806 3521 6910
4277 1009 8259 6660
2818 1062 8422 476
1221 3451 8762 7618
4375 3960 5910 961
3078 1351 5212 3628
3939 109 7990 9829
4075 2669 7355 8436
4286 1666 3113 3866
265 2616 548 9332
4265 645 6265 1479
4772 1836 2795 3539
745 23 6708 2140
3325 3087 1541 9844
4675 194 57 4479
1705 5 5320 8440
965 3822 4048 6434
4840 4358 2616 9696
393 2166 9072 2510
2867 2611 8950 6540
3181 406 1411 6627
3713 1173 9451 4260
1772 2674 6838 9388
2184 2220 9776 2747
2124 4954 1198 9642
2131 2799 1521 7515
4960 2055 6653 381
139 1843 1723 2002
4502 1945 8551 5008
2686 3879 1198 5239
1681 1954 7362 4256
4579 2305 9944 7179
1447 948 9685 6938
2947 2259 3629 3148
3426 3235 7673 9830
4338 1209 2326 3075
3051 4490 9866 2657
1714 3908 9885 8743
624 320 9371 8850
1799 4173 814 40
641 4287 2134 8002
1522 2287 4659 6412
2761 4890 8024 8359
3682 626 4604 6712
435 144 9042 5037
4280 2281 2727 9818
2927 948 3163 5471
2701 2577 7703 347
1311 2833 497 2940
3928 1042 4325 1021
4884 1820 8255 7266
4959 538 3488 975
2331 4621 6408 9765
1847 4293 5425 1732
2849 3651 4798 7045
527 2072 1836 6833
3358 1837 9195 8826
4301 1758 6775 5410
2408 1976 5721 1971
4844 1276 4684 6551
4418 2296 4248 1399
4671 3154 446 6507
3683 2653 5145 4025
4788 2318 553 5440
1470 950 5503 2597
2680 2779 6535 6655
3877 640 985 2879
4694 2175 4967 9489
4958 1081 6059 9851
160 1317 7570 6508
1434 3520 3107 1052
4391 3047 5704 5938
4313 4411 8998 2902
1929 4866 1818 5864
3949 1774 4396 8186
2407 2550 7119 1633
4297 395 7690 9117
3081 2572 6606 6892
3245 4878 5405 1746
3891 4010 9275 9938
4824 3364 1185 6467
1563 652 2921 1605
4178 1552 3022 2793
241 629 9258 7397
2959 1101 9901 4937
167 2619 175 1740
1039 477 5013 2766
2762 711 8754 9032
4367 252 3302 8724
2118 2321 7515 5075
3971 4940 6556 6352
1716 2748 4313 8432
4265 4690 6198 7919
55 2671 9306 9432
4302 4770 85 1366
4148 4834 8186 7950
803 2983 4914 1759
3398 4688 5384 7621
3833 1251 7542 836
2648 2231 4060 211
1095 4356 501 1970
159 1864 3447 6928
4861 1704 9120 7910
3643 958 9570 9661
4115 3085 6211 1553
1946 1058 1640 6749
4144 1097 6858 3102
2114 2154 8075 822
4974 1507 2611 9371
3819 4852 2171 3894
2338 4762 6108 4460
3926 3545 921 259
2155 928 5369 8353
1803 473 3821 3264
3966 2697 601 2363
3434 993 8505 9636
2863 660 397 1562
3585 3250 8726 8103
2919 3988 4480 6361
1172 4719 5111 1752
4021 1427 2328 8272
2288 3370 3621 3383
1825 3437 183 9229
2800 3650 8356 6246
2955 2386 1155 3831
3347 431 1278 1750
805 3827 5377 84
4063 2683 7549 5992
3840 1019 3399 2119
1301 2620 8752 4392
1648 2981 2425 3797
3161 434 6701 1832
1139 4612 9172 2589
4421 791 8698 8492
3681 237 7014 7148
1345 5 3886 9429
2717 528 2352 4890
4142 1512 8572 8394
3744 2605 9765 7992
3416 1165 9664 1381
4899 2103 9695 85
426 2533 204 6404
4695 4600 2437 1161
2956 1025 3734 3689
3715 885 1437 3503
476 3184 4320 445
1451 263 927 5109
2345 4354 2450 1727
2839 3190 1271 822
821 14 3238 2164
2727 200 7570 3231
4947 3634 2819 9001
1581 3769 5544 566
2083 1701 3261 4970
1670 334 2854 298
2785 824 6055 8322
1700 1442 1037 1701
2840 1479 4189 6904
1651 3734 7799 3359
741 443 8230 1437
3947 1362 9583 6700
2649 2280 2232 2950
2770 56 3995 4717
716 143 4908 7134
3924 1154 3235 3187
2140 3877 8885 2041
1043 4924 6426 7829
762 4017 7838 7680
4745 4659 5572 3136
4655 4224 8698 3175
869 1420 4875 4494
4332 2519 9747 9516
765 1986 8624 2277
4760 474 3601 9579
4857 3107 6505 8335
64 169 3996 7099
4299 4952 1366 432
3500 1847 897 6817
4710 580 1557 3000
231 3533 2464 3741
433 615 7429 3653
1888 2247 3072 4747
1487 2531 8986 8433
1518 3389 3133 8278
1725 4560 8015 3312
2787 728 1701 8759
2965 4566 3269 3451
2052 1717 9082 5400
674 2332 8443 2870
3282 1575 9995 4017
355 1132 2183 8819
644 4398 3788 9602
4370 4198 197 3192
2657 3277 125 1019
4238 396 8025 1548
3546 1152 781 7197
1216 237 2453 2971
2644 942 4326 8544
786 2398 4763 6710
2461 3850 3760 4210
1915 1132 2462 892
2700 1209 6041 21
3444 2232 298 2788
3007 3508 4119 6487
1075 615 4755 8382
2267 451 7689 319
4340 1914 4340 258
3405 1363 2046 3336
4164 12 6211 6133
4415 3437 4462 4982
1952 3838 2201 3586
2043 2215 361 5795
1594 4428 6484 6581
2852 4595 9224 8986
1250 633 2218 2253
2210 3780 9548 2679
1922 4432 7772 5068
3503 1000 7295 8607
949 3340 467 2199
4610 4277 8642 3571
1616 1542 5111 5465
3681 3444 6896 8139
4852 2030 7049 4977
2810 4475 2396 5097
735 9 4573 2185
3905 3163 6322 8846
3011 703 743 2214
3906 2322 9506 221
4420 4037 8409 8712
756 856 1117 9906
832 3001 5042 2774
2 3568 8261 421
3360 3393 2788 3545
4943 1393 1494 3752
3913 2405 1606 1040
4980 3009 9372 6446
36 2084 6659 5100
1914 2209 6341 9422
1227 525 7262 7999
1894 3245 9524 8521
4896 2807 8898 6238
1682 1590 3061 715
1808 2489 9692 1547
3248 2976 468 4298
1135 1438 5009 9573
3086 1090 638 3726
1154 2581 6321 9857
1499 300 2590 328
2305 2682 9809 2591
4731 2872 5341 1364
4943 1099 8219 5590
1096 4392 713 374
4441 4849 9548 6791
3746 3874 3485 7496
389 1304 4321 8676
4158 4574 9282 7516
2279 3551 1037 8628
3963 2576 9780 7174
116 3352 6593 3001
815 4064 3882 8891
1070 21 2099 8122
113 4705 1920 8002
1847 535 6264 9974
3600 1252 1359 8238
3458 3199 8385 4368
3616 2056 1447 9838
3060 287 1678 5078
2027 3129 8873 8452
492 506 2872 7742
2520 381 2300 6153
1239 2255 704 1349
4494 904 2091 649
742 231 6392 6848
2272 3067 642 8166
1596 626 165 7911
3357 1312 3361 9029
3970 4530 4003 4020
2801 3468 5591 999
3815 3820 5464 8584
3744 4614 1327 6491
4974 890 4166 1470
4301 2688 867 7460
242 1323 7566 3796
3771 3262 7974 6766
4095 1366 1853 1696
734 2628 458 4052
1370 1091 2495 5962
786 2480 6195 144
3903 2360 3909 5661
2732 4152 7345 5682
3556 614 278 9560
4907 1991 2063 7869
3180 2426 3626 4804
3472 3147 4463 9721
4235 3221 1771 8233
4383 3259 9542 5856
2016 332 4048 918
3376 208 9467 8783
3586 3018 6387 1276
4624 3234 7107 9183
134 4275 606 5764
782 1491 5161 2923
3760 79 8657 1577
1434 3362 8686 9702
2378 1159 8466 6533
4514 1234 737 3813
1486 2574 132 6462
4551 2619 4560 3607
4623 3381 5953 6008
2975 140 2814 1072
1107 1921 3269 4281
3435 1919 766 5513
826 4301 1377 224
3953 2323 6043 7185
35 4467 6233 167
290 3947 5200 1018
4783 3487 3020 6867
3089 2127 5328 6862
33 3648 3033 7343
4110 149 3852 9635
3893 263 6507 8321
3311 2633 9335 2535
4786 3835 4858 8863
642 4721 5706 6515
712 4263 5983 186
4111 1007 1411 6171
412 3020 4250 4
4598 864 4284 4842
3238 1364 5375 120
4925 539 3738 4362
4135 4147 5169 502
4308 716 7428 9228
2759 3266 4332 9770
2888 4174 3485 2906
3959 2101 9679 2509
1332 3583 7689 8704
2755 2677 9241 7323
848 2943 1907 4852
3720 1703 7516 4462
512 3433 9412 636
2208 121 3385 6339
4133 2502 5748 9165
3276 1783 6445 7551
2949 4471 1970 7798
1863 3937 9874 4932
3303 3777 4612 8338
573 3168 1005 2185
3659 551 5833 2421
3442 3357 4035 841
3958 3689 4987 2170
3579 3295 8944 4484
3947 3102 2640 8025
866 3137 2283 326
1711 2399 5561 6705
714 219 5789 3041
1902 2674 5171 3430
952 3110 3165 5624
1902 187 1089 1646
4739 4121 7978 7979
523 4950 5941 5818
4175 1364 7273 2402
880 4362 1789 6983
798 1907 8401 3286
1509 974 2614 1306
2171 362 7940 3649
602 1736 9679 1226
4377 3006 3064 4971
3202 1520 5655 7882
865 796 3519 4168
197 4671 6317 4768
4239 2713 3935 5987
4095 4146 9495 5851
705 3801 5824 9768
882 4213 6403 1386
451 326 7995 5083
4511 2886 9706 4029
1208 4289 5182 100
935 4824 4742 3434
1020 3562 8428 931
2389 2982 1978 5419
3381 2954 3001 3239
4434 398 2690 9415
1048 7 8717 493
2530 546 4428 1921
4202 898 3807 4335
3982 2879 8624 2554
1977 1970 3540 1538
1405 2006 9696 5981
1619 1701 3812 505
1561 777 5033 952
2808 3494 2223 6638
1195 4651 6548 1927
498 3818 6513 9146
147 4271 5855 6334
3666 221 6938 1641
1706 3569 6097 1144
682 998 2884 8775
4687 4646 9598 7743
3408 3323 4846 7989
4983 1568 6360 392
1297 3368 7178 8375
3637 140 9909 8200
4787 3140 6974 9185
669 1410 9736 9091
1838 3677 9888 3553
2412 3574 4391 2900
1010 652 9168 3184
4367 1342 7938 4018
2234 684 7945 4938
3580 1287 3924 2789
3304 3860 638 3114
2168 434 6630 1508
250 1122 8712 6549
4220 2334 2513 5241
391 3246 6857 684
3720 3449 3530 957
2003 2880 5027 3785
2013 3790 6173 4731
1703 4112 3138 2324
4823 1695 7602 8142
1558 2408 994 3942
3973 537 1049 5635
517 4401 2577 450
633 3426 7029 8035
3789 352 1591 8682
2480 2347 9544 6955
1620 399 2874 3105
836 4708 1297 1645
3669 3456 8576 3812
70 969 6919 5248
698 3953 6566 3594
1632 4473 4354 8896
546 53 142 2652
4207 2452 6849 6108
2957 2320 9548 9204
1668 3396 4684 7895
1737 156 7920 4861
4855 72 1463 714
2787 879 1804 5978
4279 3109 9868 8233
3050 2159 1409 5742
4591 1956 54 4229
2188 680 2214 2855
2977 1559 9518 6154
4392 2487 944 9912
800 1917 3924 778
1166 1633 7863 2376
2387 613 9620 7295
2838 4294 8171 3091
2329 1566 2838 2514
184 2032 7189 1791
102 721 7519 8905
4512 967 358 1471
4348 354 6124 4343
243 4651 4260 2202
4547 1300 7311 9644
365 3926 2977 4059
987 3738 7110 3293
4667 2521 6665 7204
1122 2937 7643 2165
1482 3133 1001 751
2821 2973 3556 659
1766 623 8126 77
2049 3858 9421 3482
1654 2030 603 5574
1721 294 7976 3332
2210 2125 3965 2020
2250 2388 5688 5166
635 4588 8123 9680
1683 4425 3821 518
4756 731 9746 9385
1462 973 3477 2716
2358 1906 6975 766
71 1332 3372 1775
3720 2473 7384 193
4440 2940 6363 9187
3511 1293 9678 3438
564 1551 1489 4922
2795 1306 6555 3737
1633 6 434 5783
3417 409 1948 828
4614 3893 5248 2343
3080 4745 9187 4961
4941 742 966 3017
750 2103 9845 4885
2475 1921 1831 8292
1111 1447 7513 5864
1675 3882 22 1183
3148 655 1485 7258
756 4974 4717 6855
572 3094 8427 6465
3344 2538 8755 7267
1465 1499 8599 6901
4290 3650 8360 1708
451 4172 1890 2525
1510 787 8325 1031
2764 4550 963 8144
4059 1755 2611 2455
3011 3030 2894 7222
1551 768 7208 4109
2810 2204 2591 7793
1224 878 3028 4153
1257 1200 6158 1856
2444 356 6070 3209
4922 2528 5586 2667
4743 1582 2365 6899
4591 4117 5925 6188
3573 3020 3903 783
2541 1363 339 9908
1397 2621 4310 1788
897 3298 1507 8509
4645 1760 5172 7862
1475 1517 8087 9404
1766 132 3858 1166
165 1580 9001 1009
3737 2078 1564 3977
1189 2604 5515 354
1101 2659 7019 1093
3246 831 5290 5187
4590 3746 4267 9653
3491 3300 677 6576
1465 4153 194 8399
98 4854 396 1055
4480 918 4268 6763
4702 3890 4490 5028
4137 4875 623 1737
521 971 2407 6898
2461 1027 7397 1585
1690 1423 540 5276
4466 1963 1883 9223
1164 163 5244 8562
135 1969 772 179
1962 285 3571 1093
4841 2924 2585 4555
1996 4628 5692 2642
1352 3529 1510 1330
2972 4449 7498 4722
423 68 3010 4021
3681 2327 4441 1094
2675 910 9254 9407
4869 3338 7050 8265
2398 4077 7331 4492
2870 4052 8815 6470
1681 3821 3391 2550
1662 3146 9888 8286
899 2992 144 207
67 1737 333 6618
1623 102 4339 2974
1763 2140 6388 7613
1773 1256 8675 7094
2739 3876 1191 1238
4413 3360 6152 7924
3994 1999 2969 8959
4302 4364 2837 8360
3233 1319 40 4153
3884 1826 7989 6565
4548 397 9549 1269
1770 527 9607 4322
4945 4386 6002 1381
4637 2504 7995 3967
3899 2516 822 9926
2072 1712 3107 1596
2182 3196 9413 2248
1161 2794 2861 4422
4763 4334 1486 9133
4329 1309 5468 5318
3435 4755 1471 1122
268 861 4341 5794
2000 2696 6917 2034
3144 1326 805 7402
1174 2599 7748 1526
4918 1243 1098 3400
2747 1749 776 6816
1282 3797 1241 8099
2040 2580 5848 4754
4337 4995 3436 1840
1778 68 949 7105
1819 3998 7707 3406
741 636 9689 2052
3462 2191 8141 4044
1677 455 985 4669
4302 2177 7661 1136
2025 3796 6528 3423
699 1579 3311 7580
1048 3162 28 7224
4464 1521 1172 1662
2864 750 7234 5173
4816 1120 8545 6291
4767 133 8075 124
1026 3482 2303 9346
4127 2817 7609 9409
3040 3939 9297 7779
2601 4452 6407 27
3092 2751 9860 2911
4953 857 39 2694
2098 4069 2512 9566
4426 4568 8505 2382
4853 2699 8238 4440
929 801 6584 1328
3857 3431 2951 118
4296 2165 8891 4694
494 1887 1776 9688
253 4070 4301 3172
3484 2513 7078 8783
3741 4799 1035 1821
2260 4369 4414 6867
1130 3040 8044 7624
1240 2726 6880 3178
2377 3407 3684 1644
1519 4894 851 6571
2726 2225 7968 5607
929 2886 678 7585
3650 3390 20 8797
1679 861 9984 7424
4442 1837 9823 5470
3464 610 6843 3986
3450 2189 646 9205
2705 486 7612 9065
273 3967 2091 4787
901 1505 1282 9818
4469 3908 1850 9813
1177 3883 7363 3734
1659 481 3750 2337
2919 2967 346 2138
2305 2544 1078 997
3998 4838 5728 2555
1677 4976 6277 286
2928 508 7628 7952
4187 2004 3556 7945
4487 4695 9433 4074
247 3286 4745 6221
126 592 7389 1583
1010 1126 3177 5990
1527 3394 8945 7257
4828 4009 7403 5230
24 2075 4762 263
2724 4950 6561 5262
4379 4570 3252 9759
442 4757 6727 3169
4277 380 3537 4520
2158 3184 8536 385
2438 1887 7291 2488
4660 4623 7323 2849
2970 435 656 879
1287 3364 1613 7896
444 4645 9478 9464
368 1884 3874 9372
1968 3287 125 8196
3847 555 587 1012
4216 1670 8241 1144
2525 306 4147 2085
46 1008 9577 1865
136 994 1953 5791
800 4996 8341 632
4266 2664 8996 3526
3908 2244 3169 79
1388 3526 1193 6634
4622 1437 2745 9640
3674 3637 3486 9714
4503 4827 9744 948
1675 1173 4957 7986
3876 2239 8159 4267
792 677 331 2241
1628 3317 3331 5158
1203 2341 4029 2728
4312 937 5981 9823
370 3410 1906 2569
653 4959 8114 7662
3716 3330 9180 696
3046 2591 508 6974
4653 2100 8446 482
1248 310 6006 4949
4514 3591 6953 556
4325 1754 3637 7098
25 3357 3854 6108
3311 4179 4716 9045
1098 3060 4930 5337
4 4614 3842 6739
2116 1720 1759 24
3140 8 7380 7067
2208 4195 8370 9718
150 3512 7289 9225
1562 4037 8680 5696
4765 4461 2740 7620
2743 4060 2957 300
3715 1586 4486 4066
4283 3940 8721 6289
746 4438 9518 1059
4027 3438 8344 5501
4548 3995 3959 9084
2463 4130 7511 3104
4970 4225 8488 5130
2996 2067 3843 979
4451 430 2190 69
1709 2076 2382 3560
1354 3617 9624 4608
3120 828 7997 5873
4090 4797 1338 5469
4816 4451 3960 170
1024 2371 3934 9642
2307 2193 9478 2200
3711 4976 1139 2281
4014 1973 9531 6803
3420 813 5818 6107
4720 3840 4021 5014
4491 3009 2249 2154
1656 3387 5123 1477
1734 1189 2475 1423
1403 310 7045 9518
2273 519 2716 9736
3959 3013 3903 2428
349 3853 3728 2330
491 1876 1190 6576
2059 4600 8604 3998
1723 928 7405 7637
747 3311 3403 5216
2293 2551 8250 6927
842 2664 1280 8973
331 1730 7329 213
2669 2481 1961 5237
3274 1334 7434 3810
813 675 9918 3792
3201 873 5514 9542
1746 2898 5998 3614
3213 4030 8966 2062
4029 3732 8338 5056
1896 4126 7303 3531
2641 3109 4693 1242
3043 1991 9386 4522
1832 2181 800 1520
290 2116 377 1352
4816 878 4870 8095
3855 4795 9925 1482
981 1299 8374 9091
724 1198 2893 8699
1441 2709 6944 4867
3967 1392 939 6859
4876 945 6407 8585
3532 2831 9759 4654
100 4827 3146 8875
1541 3518 5703 447
3690 3070 8087 5510
4960 3448 6194 8271
4885 2257 8886 5607
672 4071 9484 6545
3000 1636 1187 2959
4541 1733 1310 6609
2610 744 5822 5899
2514 38 76 7932
328 666 7387 4383
4182 4055 1628 4192
4187 4754 6222 2840
3051 1729 1621 6153
4674 2485 9584 9344
4099 4793 7099 9292
2960 138 4692 5389
620 1646 6980 3727
3907 1169 2520 5874
1936 595 808 3190
4184 4667 2397 7519
4379 1908 6140 7076
844 3501 7279 8645
1809 97 2772 102
968 3075 6870 2537
3271 1748 5194 179
1505 2846 6648 2525
1738 477 2001 7152
1041 3034 117 5323
3139 1417 2719 3736
389 1126 8132 3561
4244 372 2397 4332
2452 769 1806 1203
4368 259 2260 707
961 1171 1867 3548
3074 2015 2040 4426
3082 3465 8090 4249
3659 1027 6222 3430
624 929 4549 81
3313 1428 7803 2050
764 868 7778 2136
2724 896 8843 2430
468 2140 4355 70
2679 2348 1812 6344
257 4120 4337 5599
3726 2069 3563 3873
3141 3083 9177 7646
1988 906 5254 7603
399 2885 7162 3622
3962 432 8338 8692
4759 4524 1042 4329
3904 4350 5992 7609
4939 3077 9854 2098
190 1353 9299 2790
1871 1935 276 5675
1993 3554 5047 6300
1973 3220 7326 5273
329 1247 115 394
1375 857 6305 1566
1233 4895 1577 5507
4544 3661 1028 2252
3887 795 9913 6866
3961 1350 4345 385
3179 3067 6547 7109
2812 1688 403 5269
3842 3563 8924 6255
4007 4558 5569 7360
1611 3371 3835 6296
1334 3505 7520 4148
4369 845 9229 5097
4831 2162 5694 8963
454 1248 409 9881
1179 2682 3776 1661
2172 3023 1121 6125
3798 2721 8665 4887
2617 2330 8679 4085
3203 2950 7158 6841
2806 371 7733 3520
4245 357 8663 5561
798 180 589 6811
687 3090 10000 5408
1536 4227 433 8565
4375 769 723 8463
4175 724 903 1653
3841 1438 656 9761
560 410 3788 4488
1214 733 5752 4213
4045 4963 7660 9097
3881 466 1239 2420
4605 4769 792 2693
2728 395 1588 3479
4842 2509 9932 2700
2208 4961 1930 5656
734 1888 5481 3938
3207 1415 5446 673
3195 4368 9587 6323
1352 2361 3964 6850
4529 4806 3860 5329
1835 1353 5747 4152
3837 2976 7975 8255
3327 1465 7730 2048
1832 1387 2406 6002
3905 3517 6841 4619
882 391 7548 4698
4451 3504 8735 3262
203 501 3786 9816
354 3660 2992 4031
3079 2071 2847 7479
3165 3217 7031 3362
4994 2872 6079 6998
4557 811 2767 9679
352 2507 7094 1890
4595 3251 4586 9066
4832 1482 8091 5881
3920 3047 5544 3259
2022 4821 5483 8078
1884 1481 1497 4896
834 4656 1351 5494
2968 1263 57 7292
1850 1270 4517 8922
4755 73 9005 1095
2301 126 7788 9046
1210 226 7313 5394
887 4760 8263 571
4798 4092 3519 7269
573 4820 7173 1788
3454 776 4048 5928
2895 987 1706 4342
4472 3251 8807 8543
2934 1782 3419 5228
820 1341 1403 1262
911 3575 2656 2285
4262 2815 8020 8045
3648 950 2406 8527
1806 536 3048 386
1269 2647 9215 5945
3019 3564 5647 8147
595 4834 992 3216
2154 1422 8778 1541
4981 202 5658 6471
3178 3657 5861 9574
2367 1820 7407 4739
3824 2881 6086 6075
2229 57 197 4559
2451 3794 4765 4064
2150 2769 8428 7925
3031 2074 5481 4002
1951 266 5422 7675
1188 554 1951 8359
142 40 4774 6244
1336 401 9544 3216
3215 3901 4646 2050
2351 776 4030 2746
3557 297 1616 9393
2233 3329 7624 5260
3606 76 4014 1024
2498 3268 262 2948
2680 2645 8855 5698
4508 758 5598 8891
2774 4848 6459 9741
3247 2713 609 5929
2922 442 9391 4009
2762 2656 4748 5489
1007 2344 326 6186
2917 767 7761 4351
1139 784 726 2642
2652 4093 8149 5853
1555 4372 9275 1792
3232 4062 4797 2802
3224 1784 6117 9856
3220 488 772 5661
1762 114 5044 1102
3149 354 8772 399
1931 1019 6144 5233
2475 2801 2746 1388
348 4255 5388 773
925 3138 157 6485
1356 363 3853 1075
3021 2148 1784 6379
2803 4405 9586 5358
4273 4591 1361 5272
309 148 8363 4172
1172 3096 7264 4784
220 878 1300 8536
4735 2961 9067 6756
4644 1831 2587 8650
4956 3608 1938 4866
4196 4157 8303 2061
2739 2564 7475 1902
1513 4004 1587 7758
726 736 8173 5094
238 4316 7075 5062
484 3476 3306 739
1019 2325 1758 3879
1303 4220 3859 4994
4882 612 1610 4001
4884 4048 1865 2846
2023 515 3251 8118
2396 265 8965 823
4067 3763 1470 456
1040 321 8484 6572
2725 3029 2696 6595
4129 2729 7730 1845
924 2815 3978 9461
363 251 2456 721
4717 190 1979 4358
89 250 8824 6649
361 4718 2787 4198
2878 4640 2801 5456
3463 349 612 8044
3256 181 1525 8025
4638 2100 5366 3478
1550 400 1834 1854
4287 650 7705 8155
2838 2312 2692 5369
3261 2894 5709 5604
4804 4805 4068 8947
305 2687 2994 4516
1242 2700 6372 9848
2698 4795 6281 2934
2598 568 8462 4149
2844 162 1899 6754
1676 3778 3629 9033
2587 1966 1675 3197
1436 3353 1542 6386
423 2349 5094 549
3438 4076 9263 9704
1912 4772 907 9972
1185 3979 5366 3972
2526 903 6738 122
755 1880 1896 8310
368 1443 313 6535
188 842 7421 7103
4562 2938 2597 2819
2052 3145 1933 8344
2089 4037 5470 5934
1684 3408 1706 8792
3523 4903 779 6712
446 4940 7351 5881
198 72 6184 6747
225 3376 6604 9854
773 2310 9303 3195
2326 1256 1371 8540
1531 808 7388 1536
42 4652 3968 6726
221 4928 5972 531
1722 1755 8720 8965
120 1251 3824 5627
1707 1426 7005 8266
2512 1971 6762 5922
4079 1190 5333 1335
4476 50 1649 4012
657 4424 8942 1371
529 4102 878 5626
3455 1373 5923 7128
4555 2244 6155 165
4866 2549 9291 8965
4501 3791 3683 8292
4220 2214 9500 7394
1277 698 27 8163
765 112 6249 9626
3378 48 230 5394
4121 3492 498 2575
897 1603 7693 458
4727 3893 962 9943
1267 3946 3845 6792
3341 515 6928 1439
2637 2951 8410 7314
2257 3331 4039 8959
726 3416 9858 8146
2043 4872 4693 8392
3666 1506 6653 606
1153 2867 3585 883
2679 840 915 4049
1906 4179 5115 2975
4355 3903 463 6503
116 2143 1597 7618
3298 93 4787 1505
3969 1561 178 4246
3842 4685 1217 6822
1197 2557 2074 1821
3456 796 4750 9408
3458 4964 5704 7861
1597 739 3297 8402
135 3665 2376 5750
4106 4038 7147 7341
1047 3363 4280 9241
2368 2893 5992 3705
4616 2488 2143 353
3192 3631 271 8975
3850 3574 3968 3471
2525 1955 2473 1208
1418 3242 2185 5782
3189 2631 4269 1289
4216 1191 9812 6325
2592 2283 802 2618
4900 4081 6 5923
1842 4831 1218 7526
1272 974 464 8269
4607 1101 2700 3201
3867 2233 1714 8882
2738 4337 5836 7103
2154 208 2821 9884
1049 3137 7449 4705
1088 4861 50 655
412 4842 3767 2922
2052 3110 7063 4664
1037 4754 5283 3328
3319 4633 8892 7249
2587 1870 1286 6047
1283 3386 7558 4708
3165 1657 7327 4448
3391 442 8651 9626
1535 3494 1380 8693
4320 3842 2159 1125
1885 3541 1923 5362
2734 1386 6631 2656
4875 782 3279 1819
555 3041 4410 4028
2853 1412 3465 8147
608 1060 4240 6845
1515 3745 3000 6336
138 1955 1203 7109
3399 4658 1193 257
4854 3873 5456 2924
1485 1114 6278 2499
930 2853 356 1474
3515 7 9312 8814
2647 1739 1609 4704
3115 3088 8214 4530
4111 1211 3557 3627
3433 3675 537 5839
1687 1289 918 751
3747 2261 9995 3181
4779 3078 8170 7904
335 2329 7184 5180
3476 806 9224 4875
4870 4068 617 9715
2881 1464 8100 6391
1236 1215 1120 829
339 1262 5633 1288
3859 2489 8804 9253
502 458 3452 9364
3438 2264 3273 2183
4210 1279 4271 1558
3591 1565 8755 45
2389 2096 6054 5442
4636 774 8620 664
4371 4860 1826 6647
4086 2138 253 7590
4985 4 9294 7213
1402 1810 3703 9757
1520 2016 5366 1334
145 3065 8451 6685
1634 1431 3357 4157
262 394 3147 2194
1735 2249 8219 5206
2073 1341 3386 3777
4045 3162 9340 6049
3498 2561 1061 8257
2527 4330 8417 5777
2716 2826 3120 3556
2410 3164 4633 5867
837 2511 7303 9096
418 4099 9560 6938
2846 1143 6744 7316
1610 1237 7270 8109
4440 3068 9125 2146
4197 2124 7005 9608
2378 2953 3920 3322
617 3275 6690 5078
1480 3346 6193 1250
323 1928 913 7991
660 48 2710 6338
3692 213 2747 8384
2837 3381 6235 6658
2391 1163 3363 8128
3654 2927 5145 1475
4883 1111 8961 9727
4729 4376 963 9284
4793 3655 9451 8407
26 4634 5214 1565
2449 2185 3211 8986
3826 2380 225 9795
3374 2965 9454 8391
1917 1926 1463 9750
2315 29 3249 2064
2674 2555 1509 4441
2365 3760 9989 2638
492 618 915 3852
4921 738 4608 3709
2626 2045 6428 5472
4352 1541 5899 9744
4637 4171 7604 8526
4093 3582 8900 8162
946 1064 1007 7515
617 1168 5846 4625
3539 2561 1353 1610
4757 345 999 6317
3365 1294 4086 7683
2199 3373 7260 2674
2125 1676 9473 6335
3324 122 6485 5188
1177 3497 4961 4361
2104 97 2112 1269
2866 4184 6547 4878
4646 2255 2470 1032
2815 3832 2449 4008
3433 141 4552 5804
4304 1143 229 2667
3011 3989 5314 3998
211 928 3973 9412
3750 4400 3028 1654
3484 3141 3728 2287
2980 2914 8422 1205
1648 610 5154 9254
298 2665 8438 8157
3539 1684 8093 2073
3626 2335 6562 5692
1198 4094 3059 2870
4434 3889 9506 8454
4728 2481 3588 727
1334 1639 8312 1146
3264 2432 8984 8253
2516 1630 2029 7899
3027 1580 9285 4397
2647 4792 6215 5042
4044 3055 7522 4255
2413 2532 1470 7294
1689 4401 5069 4019
3657 1932 2710 7785
3765 1588 3185 8589
3147 3658 689 4104
1933 3465 5817 8251
4466 330 6318 4707
4452 794 5825 1446
680 690 7313 2515
3033 2551 3780 2397
899 3701 2232 4756
4931 1812 7166 8552
2613 539 2391 2129
1051 1840 9132 216
1342 4181 6584 3884
2252 580 8641 2106
949 4206 9073 8611
3728 2368 3326 5602
304 4504 6583 3683
3817 2928 3406 5615
728 766 8996 8224
3083 1829 6080 7951
3408 3567 9925 4139
3100 4165 4881 3009
1546 3428 360 7699
4984 932 9377 6970
619 1989 2969 1189
1292 1846 2774 3375
2434 4930 1751 1097
2331 3923 4271 7448
1385 2454 2676 3031
503 4579 7390 701
2144 2951 6459 9625
2835 2170 4950 8961
459 659 7748 3395
4196 4369 975 8542
977 3863 2560 7991
1005 4746 6205 1860
3729 1391 1413 2332
1984 3877 4314 7077
3623 4331 3170 9129
4219 2109 2411 2457
2898 824 3558 736
4616 2878 222 1423
377 3759 3539 7538
1504 893 7863 893
4567 1140 3848 8106
2739 2321 8133 5660
334 944 2663 7982
3004 3461 5797 4014
3372 1181 3133 3145
2236 2029 7941 7765
2425 763 9326 3154
252 1977 212 8641
1920 833 6813 5896
396 2011 8281 8678
355 1044 5113 6325
3019 3918 6445 6033
309 2831 1550 9640
3537 4356 3822 9552
3326 2144 1664 4088
171 3156 578 728
3884 2864 91 717
3485 4061 2941 8382
4318 1781 6502 6943
85 2299 387 7904
3169 1076 8323 2791
1488 2483 5093 8821
2955 2932 9908 1503
2957 3610 8625 1736
3482 4281 4497 9598
1050 2076 7910 3928
4152 4244 55 8869
4471 1914 706 2648
2097 4574 866 2254
4225 4784 6832 4202
4129 4662 8010 3148
2015 3135 7326 7809
500 2474 5197 8150
766 3740 7155 9643
2444 1894 7650 6358
4541 760 8663 1119
670 3798 2494 9098
594 207 6942 8120
1163 753 5068 5823
2556 4926 3540 737
2199 1350 4891 2917
3032 34 9024 6946
3039 2618 6885 7959
2868 539 1258 9075
2414 849 8547 8639
1445 1903 3063 2430
2409 2797 7359 3724
789 763 2536 3303
4539 1544 1563 5428
4927 2283 2427 1417
2306 3397 6302 5180
1428 4942 5725 4159
2670 4398 1129 1839
2523 1934 1356 6125
2387 4739 2533 2046
941 2173 4728 6011
3912 124 7504 9046
464 3978 6955 2879
519 1478 8662 510
3047 2076 8493 2981
3133 2349 9329 7260
3595 2618 7153 5
2717 4575 5552 875
2004 1130 917 2013
1661 4028 4426 7706
2707 207 4211 1543
1600 2926 6650 5557
3193 1837 5274 4237
3273 1470 5708 521
1528 531 6817 6130
4013 2901 244 7993
2579 158 5830 2876
4589 3630 5313 5901
2834 30 6086 5372
1964 457 3717 7634
954 2194 7198 4807
1608 1240 4843 1762
1468 236 9658 2392
3830 4190 5940 3255
2756 534 7074 7000
2859 1780 8399 2511
4251 2528 5010 8025
3686 3767 1257 6478
4183 2352 6315 6498
3857 3002 515 9542
115 42 4632 7995
3241 2512 9751 5090
981 4011 8819 8970
4673 3100 2767 639
4767 3762 6127 5784
3566 3887 4810 8235
4772 630 9018 1014
2012 2309 7729 3615
439 3425 270 4607
4481 3993 6141 8355
4099 1904 7432 9635
4120 558 5932 7909
2252 4161 6723 1410
3072 4316 4351 1101
1993 4558 9243 7324
2903 1197 1790 4716
4768 3194 9969 7044
4394 1933 7036 9541
3012 858 992 7561
2086 872 7938 5718
3206 1722 5693 5846
144 1118 5196 4486
172 384 4578 5226
1917 2488 4673 1318
3432 4497 8672 2010
281 2908 5095 5526
1796 2870 4933 9124
1186 785 2531 6397
3419 856 4635 4783
4234 2514 641 3383
1203 1315 553 4698
1157 536 9741 6823
376 737 5886 2857
531 229 6752 8103
4405 4586 3290 6414
3627 2296 7672 1131
2121 136 5151 900
939 3250 2423 9346
628 3301 674 1215
1868 4142 2439 9801
1386 1953 3101 3201
938 2763 7687 2680
883 3513 790 4714
4332 4843 1477 1110
1828 3645 5471 522
2134 1684 7927 9890
377 167 5269 1756
1859 249 9128 958
859 2609 5742 6153
110 3543 7685 1862
1981 4844 6077 7669
2084 3005 812 4427
4446 1581 5933 7824
932 4086 9907 5542
3876 2277 6343 2489
2828 4552 6993 6307
4209 4139 5949 8845
4434 4762 646 2474
4091 1525 7759 1213
3313 2323 2601 1256
3490 1275 626 5135
1841 604 6983 2553
1961 3756 7108 6373
1380 550 2187 1366
2645 4900 1266 8915
3290 4710 6660 8884
1400 730 8367 5713
4388 3000 1494 3359
1903 968 2028 7496
601 1816 9268 7351
4744 1081 5910 3131
2395 767 7655 561
2222 4282 4217 527
2545 4499 7583 1906
3561 870 370 9731
4698 4984 9219 8572
4124 401 6828 7457
4194 17 9008 6440
1959 359 7379 9751
4150 2233 1242 8700
4699 3793 2844 6316
2183 1223 7995 756
1865 42 4587 5974
3827 3250 7709 964
2103 3931 5205 9982
1972 233 6412 2600
1754 2652 7899 4328
1531 948 3104 7417
654 857 782 7099
3595 1294 6002 8474
996 4402 5427 7911
529 1699 4669 3704
1584 506 7669 2359
2393 454 7857 7926
2485 3764 7420 5465
4725 3029 3343 6048
3565 3669 5953 9217
1949 3753 3979 2832
3367 4048 2342 9043
4357 3992 9857 4273
4757 30 2663 4645
4297 3576 2494 5694
3911 4703 7865 6260
1940 850 3171 7614
2803 765 3215 849
3655 660 2084 6861
3460 1070 9112 785
3997 1791 8999 4859
449 1485 7056 566
457 1637 3501 530
2260 1401 3201 9319
642 1537 850 1798
3953 3399 2082 6266
2409 1456 5849 8894
4102 1505 5996 6915
4584 4587 6813 5738
513 718 8389 1466
2453 697 5092 1560
683 1351 4690 4069
4113 4853 5782 3273
1431 1444 7679 677
1114 3787 7448 5252
3524 3926 6447 3984
3098 2207 1019 7821
3440 2603 8957 9722
1791 308 7838 3804
3447 4409 308 6199
2394 2108 4572 1017
683 431 1980 5647
3108 2826 9334 6548
2906 1500 5647 6222
101 4392 5382 1880
582 4778 1533 803
3175 1647 4851 2485
1456 1963 3303 544
4051 103 2689 8072
3807 3235 8064 2108
3757 3795 2481 7436
3608 3404 8730 1593
1235 426 1951 9148
985 3734 4853 5617
2775 455 771 5001
2757 4857 3662 8360
2081 1209 929 2073
1523 66 6170 13
3516 73 802 9287
3280 1109 4105 183
4204 543 7473 9651
2236 3709 2572 6100
680 866 1108 4785
2710 4916 9336 7119
2819 673 7700 507
3987 1194 3720 7069
666 2581 4675 5086
3803 3436 5076 4590
4267 4870 6434 9946
2874 436 204 272
1800 3022 8729 8745
4445 4773 4667 3841
1840 3952 8507 69
4298 2295 2209 8143
753 4791 8084 9089
2427 319 122 705
4952 3886 3752 9559
174 2145 8923 3190
1247 3981 5211 3715
2059 1027 3586 5865
276 973 292 3265
1994 622 7331 3847
2996 581 8225 9690
423 1419 7106 7103
4397 3286 8539 8346
4389 3144 5645 6820
4628 3033 5830 5988
3548 588 6211 7449
4945 3298 3095 898
1201 932 1776 3327
4002 4656 9943 3658
2657 4826 8428 2276
3746 1702 6093 5531
219 2217 3459 8766
951 1840 2455 2818
4145 2390 2659 5533
1830 3137 7520 3893
1854 4136 7456 244
161 2930 3915 8820
3035 3964 1182 8099
4590 4882 3699 2112
2781 3443 8094 8297
1310 734 3724 5271
992 4754 9370 9692
4078 1155 6105 9027
4510 914 5445 2842
1139 2425 3956 7589
34 2071 1363 9164
4274 1259 1072 9774
2991 4036 6182 7953
2788 3084 7057 6928
2196 1147 2170 2104
1082 530 9975 4359
3861 960 8502 9248
488 228 9647 5373
3935 1834 869 3665
621 2128 6639 14
1707 350 6505 1498
261 3854 4438 7064
2190 4127 6011 2134
1406 3016 8743 2396
2250 3999 4094 1923
4102 2470 4438 3977
3050 3896 4230 2533
81 2751 7320 6806
148 2035 8948 9636
2545 3807 8724 8274
4829 3804 2544 3496
3848 886 1248 8780
4154 4719 2474 1073
3221 1975 1148 2952
1292 909 4000 474
4970 498 8640 8882
2041 3977 7963 3242
4720 4423 9994 990
3633 3428 2204 20
1156 3904 2714 4244
1700 3769 7741 1436
1955 260 6852 5799
2743 1677 3994 9244
2299 4533 4103 7677
3932 1450 2843 9008
3069 4135 7552 7883
4173 3445 2079 3665
989 4396 3343 5994
4054 1317 2362 6051
75 1502 2260 386
1006 4204 3020 8635
1033 4285 4697 2027
2051 1495 229 7902
1069 4374 5798 7056
43 2565 1437 1103
4853 4941 3572 7097
1573 3035 9361 3868
3927 1124 1391 4025
1003 3259 7179 171
4355 4760 2098 9823
2115 1115 62 516
2890 3548 4812 2638
187 1881 3946 1720
3708 490 473 2082
1525 1291 8014 7014
3713 3468 5912 1139
2971 1867 3463 4745
2713 20 8049 1324
4812 2184 3237 5725
3895 3485 6347 269
1802 2315 1075 3897
398 3469 8407 1083
4432 3595 8538 4390
153 557 5085 6168
3458 4181 2078 3806
2562 816 9881 9738
2222 1545 5101 3411
3687 1972 4311 9676
2783 4573 3108 1407
4450 4726 6450 5041
2651 1788 2192 5556
3994 1151 6062 6373
4022 4478 3290 6735
1332 2163 6184 9155
108 1429 9205 2780
1171 469 3555 6199
1256 2380 2569 5897
4412 2827 3255 9554
1732 2897 1820 5709
2450 3599 2057 719
1211 1803 5702 7742
1827 1295 9121 6637
3389 4281 1939 1342
4650 3533 3107 63
1992 3641 2658 5549
957 4729 3410 2994
3969 218 2484 7907
4987 1370 140 5004
3968 2907 250 7238
2547 4217 7848 3479
907 550 9236 1167
1109 3507 1234 1329
1386 3919 3451 4636
3467 790 527 5935
3102 1740 8126 9487
3861 2714 8713 693
2126 3155 4485 885
3911 4534 9216 1903
4944 4314 7314 8146
4749 1080 7939 9966
3489 1360 7294 556
2423 2870 765 3219
2247 3305 8885 717
4613 3360 7340 3661
3874 1355 737 3328
4065 292 7556 8423
1985 3834 7047 6152
614 3721 9122 4666
1229 4825 6434 6673
1292 3422 9989 4003
2938 2129 7570 7166
3815 1361 2845 984
3093 3394 4691 7544
4615 2174 4742 2813
3933 4506 3013 9202
4524 282 745 1126
2307 2851 4641 2013
3900 1656 2139 449
3888 957 89 8819
4773 1512 109 8546
1755 714 7559 506
3741 37 1520 1671
2582 4993 6456 5306
1538 3492 6636 3287
94 2847 448 2868
3279 3887 3779 5086
3723 2889 6078 206
2005 2087 4255 9242
1787 3772 964 7413
2749 4689 6909 8292
3105 27 2063 687
2192 1816 2224 7365
992 2349 7163 5524
4215 1879 2940 9373
3328 4454 9179 3977
441 3354 1142 951
717 1112 8410 2519
544 1693 5207 2127
3742 1354 4418 7673
1709 4140 8298 8136
2173 4343 5678 6694
215 2039 4603 4164
2334 1842 4197 9667
3271 1216 8499 3781
3498 2970 9284 3104
2408 122 1051 6980
1923 3412 7685 4523
4734 3055 323 1986
1306 895 4156 931
2174 4540 9582 9527
4196 206 7200 4779
3637 370 971 3714
2102 655 513 6399
4460 639 2227 4368
377 1879 3526 1937
3796 2403 8765 7862
546 1357 8865 3616
1610 1479 3003 1287
4648 4589 1561 7825
1396 1000 7034 8971
1726 3466 9498 1903
741 4531 6428 4428
2900 2735 6777 1366
2336 3463 7849 4398
716 3016 8904 1118
4092 4783 3346 5672
2078 4122 9355 5263
3651 4549 4334 7899
4908 3678 1568 2318
2352 723 6596 4595
2834 2082 1154 3669
2096 2603 8081 7176
1912 3794 3540 5733
4837 13 2409 3584
1670 1838 9958 3928
533 3282 6509 4840
3024 2612 4452 8045
1760 2171 1669 613
2437 4684 6689 4609
1456 1221 4976 293
1489 246 9756 3379
478 154 9072 630
1606 2359 2269 1037
3584 4426 6391 4329
2702 2108 5488 527
4836 1214 4515 5832
276 2841 2712 8461
664 4727 6265 5699
475 4163 1810 4177
4776 4273 6216 6266
3076 3863 3940 3416
310 3676 2153 6374
881 400 816 7494
303 4635 5887 3343
36 2227 5889 3944
1002 145 9403 1784
2604 2240 9390 4195
2061 2409 9512 3432
1069 1269 1826 6153
1812 4835 5965 7003
1819 3543 8151 4247
472 4139 658 8657
3613 4184 8279 3483
1061 2256 5403 1924
200 3359 2988 2621
2948 15 9007 8087
3779 4915 1763 6653
4656 1807 3950 4522
2599 4973 3935 25
39 4766 3860 7597
1033 2246 6662 5253
1535 329 3874 199
4145 4924 5597 7490
3689 1355 3902 9941
1666 3563 7628 4909
812 3308 9714 8007
3858 196 9078 4449
1698 2343 9249 6856
1987 798 4614 5403
1669 1775 9059 4883
4194 1820 6028 6144
1106 682 4063 9220
4168 3696 7774 651
657 2362 5830 3615
4696 1471 9629 9865
2963 1530 1704 8697
2926 1377 2353 2768
2556 4312 3892 5530
2596 3931 773 9768
2212 4395 338 6372
4666 624 3275 317
2780 2576 130 4749
1604 3675 932 8183
210 1715 7128 3725
4868 1086 9590 3334
83 413 2860 5123
712 498 8197 3937
4947 1317 8257 424
3046 183 1056 3351
3782 375 685 8254
1616 1264 4190 8270
3203 2492 6150 5679
3557 3166 9476 5531
2324 942 9721 2397
609 940 209 1278
10 2522 467 9417
1781 2348 2783 5914
3872 491 755 7993
40 304 9781 9902
403 3594 2435 9654
3719 681 4053 3249
1508 3293 5630 4264
439 2433 9064 890
2706 4497 5181 2718
774 460 2575 3139
632 3117 4067 8485
1664 3849 4753 7862
3775 1073 8324 4069
2796 3547 4466 1676
3188 4323 3583 5227
1468 1796 846 2156
4132 4969 3892 941
622 1282 9736 6881
2206 1009 2483 5984
3219 521 8897 5799
1618 3737 6916 2665
4746 4978 1114 5235
2663 346 9248 9679
707 2702 6675 6695
1165 4927 8599 2315
308 3655 8392 9734
3421 4324 267 2262
3769 3616 5319 5135
2047 2131 4018 811
1883 4188 5561 8708
4440 2359 3404 5967
4594 2407 3956 1178
1660 1756 6405 8394
608 4403 2404 6836
688 1549 318 8740
1311 2514 7055 3276
1321 643 3535 6627
4917 4110 2481 5456
1632 1589 9889 2649
500 590 6917 7278
166 4114 7910 3072
4436 255 3098 6884
3203 4984 3803 3588
4499 2754 4167 2957
761 3710 6566 1614
3377 4950 7094 3640
2049 2851 7978 680
1258 3461 1121 1948
2093 3588 6056 7623
1446 3398 9925 434
3427 3140 4815 5985
3032 909 9950 5772
3414 1697 4806 5487
3540 3146 3930 4276
1312 3016 7074 873
210 4050 531 296
2493 2676 8745 4704
172 540 8529 4412
4129 2221 1649 2551
3535 3056 3093 1416
392 4649 1279 362
3378 3117 1988 2063
311 4031 391 6023
882 3892 9246 8712
3795 439 6959 3398
455 364 2575 5385
1514 1849 122 178
2883 4825 3060 9409
4752 4355 9873 496
2161 2530 4332 9805
3697 2245 4328 412
1424 4613 6637 8092
1098 238 9009 2978
3722 1788 4641 817
3149 371 9672 6285
4949 34 4048 3310
1967 2976 6761 3410
101 2844 1647 9185
1873 19 1194 5732
4033 2168 2312 7773
2412 3610 4260 1607
1184 3437 471 338
2369 315 6906 8517
3114 2810 9806 8853
3390 1817 6033 765
1580 3024 315 2629
1482 2313 4635 6102
1902 1079 6844 3576
4796 4818 8359 794
3758 3060 5969 646
1165 609 1664 7346
3452 3534 4874 1476
972 1124 294 5075
2750 4829 5036 6921
927 2185 4569 6474
4375 634 2888 1125
4122 1364 1645 3236
3235 3496 2722 7664
158 4421 4886 7053
682 1372 9403 2801
4161 3562 3043 482
3482 4868 8992 4881
3280 3469 6493 2715
417 3937 3493 534
3114 4120 9369 235
3324 2516 7348 39
2666 2803 9762 5420
4893 4124 7240 1104
2719 2958 859 2346
1437 214 8114 6754
2781 3051 5473 1093
735 808 9058 2718
2017 3559 9375 3428
1752 3628 7597 7592
2042 3228 7021 5521
1559 387 9295 6301
1532 2881 3341 9
4624 4697 231 6203
4981 2386 9333 2373
2914 4315 6889 9457
1659 2785 35 1542
3935 1835 5967 89
2396 2158 8059 4177
2329 2845 9597 1430
1031 467 4997 6257
1769 98 8624 9014
2176 2904 97 2325
4680 1689 7182 4395
538 2028 8423 1897
1838 2554 9347 2402
1043 18 4863 9203
598 4211 6547 7142
2004 1425 1702 1356
3917 4291 8995 7083
2997 2605 2200 4995
4018 1314 8960 5935
551 2338 3138 410
4116 2839 6100 7977
3583 134 6869 876
4510 4891 3280 8868
3145 2740 6949 2754
2855 3213 9836 1348
374 1337 5480 1170
3900 4256 7072 9595
1243 2995 7867 44
265 3283 8635 172
2168 3835 1422 5584
1007 3102 646 951
1983 565 4705 3979
2956 2911 2443 1873
1987 1685 9859 9492
4573 4276 8123 7081
4274 3131 3210 670
4381 1622 5265 865
1484 4596 9160 6923
3792 796 1576 5402
2011 3393 6446 3991
1135 2892 9332 5694
2232 1871 4587 5115
2521 663 8816 1336
4225 898 3514 1928
1143 2425 4575 7326
191 2041 5672 8984
4735 1362 1445 8104
38 4194 6652 4032
214 1409 7221 430
2900 4528 115 2311
635 4168 5412 6253
3530 677 1653 7707
1133 4218 7022 1426
1971 2842 7802 8685
2663 4100 7634 2070
3624 1053 4211 826
1779 2742 7952 1484
4316 4049 6506 5996
2947 4407 9551 8326
3453 4730 8779 7969
4396 4201 545 545
4108 2630 9771 9057
1525 1804 7441 3431
376 1132 5018 514
2184 818 6311 3797
3556 3661 606 8343
3872 131 3207 28
4775 2286 8302 6506
3308 88 3787 2006
3672 1123 5577 6464
977 2564 1814 8977
3420 1490 6813 5596
4109 1394 682 9783
1316 3945 2442 3975
2656 4519 5761 8957
891 372 2245 1272
4385 875 2913 585
4791 100 985 7661
3560 4639 5106 5857
3594 2804 6389 6563
1849 2600 3400 980
4838 491 9414 8438
4738 588 2922 5463
4464 3781 9643 182
1774 241 9478 5707
3017 764 6815 2663
1279 509 6760 7391
4006 225 4195 2380
188 951 3198 3076
3550 3118 9462 7976
4595 661 8890 9005
2368 3236 6860 7064
2640 4264 3494 8340
4478 4191 8611 9463
3136 4031 7519 492
163 2117 807 3207
1162 2720 413 6452
3569 3634 5823 8848
187 514 304 4422
3596 1476 2945 9471
3879 3583 2585 2367
4295 482 164 5157
4363 4264 9299 1177
4720 2814 6915 6306
2442 3478 1117 9498
1449 4143 565 9007
4243 204 2974 8113
39 1856 3026 243
1246 4508 3721 4944
2418 1565 2012 5984
2592 1313 1924 413
2025 3951 9758 3793
2901 4212 5621 9405
1029 1461 6240 2240
1200 4229 1207 4277
2060 1207 5846 8347
4158 479 8941 6099
3004 1271 8786 3099
2262 2580 7303 315
1968 487 3096 6032
4085 4857 1253 3218
1975 3145 1100 9097
1207 4310 1088 8832
3218 4735 5332 8298
4705 3751 4811 9935
4847 4199 984 4171
1065 4193 7102 7122
631 2891 7663 3740
3739 4558 5660 8216
478 2595 4954 1267
2344 625 1014 3538
1740 4849 4237 3406
4286 3270 2237 5777
3605 3157 4807 3085
577 1263 7158 6179
2302 363 5515 8347
4365 4309 1830 20
1965 452 9015 1667
1751 3239 2385 7192
754 1383 1200 3629
806 1442 8292 247
4162 1513 5034 3943
2877 3450 7638 4298
388 2337 5097 8496
4192 2874 7650 5074
2664 3619 5396 3294
2011 475 5793 3052
1506 3258 8910 1716
209 1746 7909 2460
3929 1367 5438 3000
2854 4484 4097 3573
2343 295 1750 5109
326 2763 3983 2361
4292 413 7222 3320
717 953 1057 3981
2714 280 1957 9062
239 2755 6603 331
826 3144 5099 5777
3107 1841 9448 7502
2745 4680 4857 2525
4093 2029 1597 6633
562 466 3540 4961
1994 1333 6084 747
1963 54 1129 7067
2189 4248 3523 6493
462 4675 4926 8864
3662 1344 4512 2161
4257 1212 5991 6113
2526 201 1557 7002
3860 1435 7159 7286
2830 2223 4872 2146
3809 3120 4486 3349
2297 4242 1302 8010
4410 4796 7639 3338
3286 182 3454 5467
1402 4134 7448 2579
1066 586 1272 5708
4500 3639 4672 3652
4633 4701 4702 9741
1313 3644 7924 3571
13 4941 6620 3390
4702 2969 4794 993
4602 1472 6661 1409
3684 3622 6412 9146
1021 1440 532 8015
1005 1250 860 1928
367 719 2726 8245
2394 3833 6684 1941
4675 4847 9942 3782
4780 4727 8537 6715
2010 2291 8010 2045
691 3392 422 2898
4203 1888 2990 968
2625 1017 7471 5993
672 4008 4340 7986
1157 4869 5809 6936
976 534 3896 5583
3356 2602 3766 8287
4366 3314 7307 6449
943 4765 5907 9376
1710 3954 5 6464
3012 3559 6378 7665
852 2045 7206 9006
1632 3126 9340 445
2229 1835 6579 8821
3884 4817 1272 6659
1121 1120 9927 9782
3000 694 3085 8549
3719 1842 7068 9557
2155 2617 1640 1207
3951 3733 3499 1753
2578 2065 1330 5566
4670 296 637 979
4960 4149 6577 8350
2635 3584 3725 3023
476 132 6396 1684
1168 3147 8223 3140
4514 1441 3210 3489
4733 2224 6720 7956
3390 1691 692 4143
3380 1810 6494 3883
829 2919 7262 6862
4541 231 6362 9710
3760 190 4955 1354
685 693 1877 9193
3537 3212 9889 8985
4189 4097 4960 9144
4158 1898 8324 5357
1131 2796 9607 8993
4957 15 5860 5026
578 4134 8232 7554
1893 2133 4505 4512
2851 3103 462 8874
4353 2464 6078 7257
1411 1853 1436 330
1060 1269 5092 2120
3230 3086 1886 2063
575 3794 7242 1302
3833 4651 2269 4048
3398 167 3979 8876
4108 2507 7808 2205
4629 893 278 6749
1756 2553 6727 5572
1839 4300 9143 6443
3967 3994 1027 3042
1166 519 8256 9355
3488 1617 3978 5394
3057 4522 3982 6157
4682 3469 4775 7375
1463 4588 9023 979
3277 1495 9493 3594
2446 2858 9245 9431
4408 4181 540 8590
3968 3516 9875 265
1438 4771 6873 3262
4881 2248 5175 8575
143 4144 1177 3880
3043 1702 8308 4527
3130 1787 5994 7228
2225 1897 7563 3477
460 4326 6486 3101
1682 2025 7831 2596
1644 962 2248 840
4344 2162 7700 2759
2334 4948 2835 2895
448 1585 1325 7827
1360 2505 10 8440
4526 1318 8324 8960
1063 4481 4940 5784
3811 2886 8866 4699
3816 3880 6322 5472
2000 3253 6244 6888
4878 1208 1685 988
3126 2587 6508 5477
4399 1515 3808 5706
2065 2132 5316 3223
2007 1448 8728 6494
4096 1257 3330 4274
267 1437 9996 9620
961 3337 5140 8497
4701 4292 9232 2018
2730 1660 4463 7354
2566 1642 3562 80
2495 3175 6132 2859
528 126 4981 1363
2288 3698 5462 7357
1880 1886 6679 6127
2661 2006 7204 4457
4732 607 8940 2852
4250 752 4441 2536
1163 4680 8201 8095
4782 3414 7082 4983
1884 3860 6349 3051
1215 1877 1782 3259
599 2257 4357 2478
1550 3067 1718 7899
325 3523 8840 1637
2244 1206 2359 8887
3925 2829 1293 6978
3049 124 2116 2756
3732 4887 1256 7862
4794 5 2996 8194
4230 3180 8695 3228
4979 1301 5223 2527
302 4297 6575 6230
4660 4259 5562 3030
3308 3021 7119 5839
967 1349 3678 7202
1170 978 5062 5677
2862 1306 9242 9439
3907 1713 8511 3312
2670 3057 6674 5264
2928 2623 5783 7775
3115 3427 2396 9316
4858 536 6726 9139
289 2180 402 429
1502 3891 690 1933
2376 454 5449 8182
4788 1922 4676 4450
2678 820 5072 8533
4092 2938 7207 8373
2909 2760 7470 8706
4801 3103 7638 2310
3656 283 2617 3791
2833 705 9433 6627
1182 266 5896 249
2966 3183 3639 5461
2984 3121 8816 6439
1331 1014 8948 2118
4920 604 4695 5240
3315 3276 242 4917
1742 1485 1305 4992
3766 3424 929 5770
1559 1771 9113 9723
4476 2589 1024 2210
2962 269 9315 5544
429 4943 5729 5989
3399 959 3778 3064
4424 1560 8076 1775
4550 4765 6435 5090
4345 2611 6136 6691
3677 4798 8199 7105
4581 3581 8573 9287
2673 27 4651 2477
1784 2563 8261 6625
1129 1547 5443 4670
4350 319 5202 2248
4846 4696 2305 5160
372 2285 9835 6873
3493 1111 8736 4869
3854 3192 4597 2435
4796 1284 2545 4514
1724 3285 4976 237
2032 1792 1940 215
1404 1556 6347 4221
1682 12 707 4275
4867 432 8418 1493
3368 1350 6099 1101
2755 328 7708 9433
1056 1718 9574 5358
2202 1873 6209 8221
839 2304 1161 4263
2336 3372 4844 8879
1627 4863 9219 15
1033 828 2202 4374
3343 2758 1350 5587
3414 1092 8134 6330
1614 2322 8292 7832
1359 2701 8234 4243
3607 2547 2513 2729
4583 1895 8394 2734
4764 3046 2060 3723
4203 3361 4713 2540
4287 909 3688 2563
4433 2969 3728 5618
571 4598 9769 4102
4736 3001 5245 1190
2292 1694 6349 9109
1062 2875 2102 8734
4372 1940 1499 8978
1228 1472 5460 5878
1413 515 7313 6029
4537 4071 853 8007
2935 735 319 6920
1721 834 2841 2427
4810 3492 7786 6402
4768 4672 1906 4910
485 284 505 5665
1058 4542 6455 847
193 2715 4105 3756
1859 2658 9301 7724
2470 1805 5955 9634
4710 4116 5741 6830
2098 3179 4711 7374
2300 4056 8329 6263
1297 194 7609 3095
4910 102 303 4366
2917 3552 5677 6366
4223 3347 4182 6863
2781 22 5506 2972
4493 3048 2531 7817
3450 1327 9039 2035
2081 527 9991 7886
4138 1081 3659 5791
3646 3512 7838 5126
4739 2087 2633 7768
3378 2705 842 2048
710 4229 1679 3557
2629 4291 4480 4193
3941 2251 7259 6502
3743 1795 9993 1135
2048 3870 7575 9879
2806 4329 2191 4489
3058 1235 3098 1569
1449 1274 1399 4450
427 3693 7254 2101
1464 3959 3590 222
647 2067 6536 7524
2201 1945 9350 9325
1226 300 6074 637
2746 2131 8340 1718
1304 3273 9954 1377
105 2491 1909 7230
4018 4913 9774 2078
384 2138 3203 5002
4578 4740 9225 5216
4676 1936 9790 3228
2419 78 2425 7154
3152 3854 6634 2081
1399 1997 9911 6957
4422 4888 9949 7885
3238 2181 2877 3172
1621 1862 6499 5591
3385 822 9179 4915
713 1012 5798 362
4813 2044 210 3912
775 4850 8600 3368
1899 3705 9375 8013
3223 4990 8913 3448
180 3522 2310 7914
2202 742 3619 9891
3638 208 6107 6223
3095 675 5928 2383
4800 2183 1905 8054
2146 402 9828 246
4411 3383 3657 1355
4334 621 603 7615
4035 407 9703 8582
1605 3561 5789 4804
1396 500 487 1366
3084 2135 7636 8037
4086 427 5168 7187
3349 545 9637 424
1552 307 4966 172
3973 2304 5559 3658
4627 2741 3375 6210
1769 3107 4083 3961
837 1006 3462 2162
4567 4929 3287 3899
3937 995 6391 5371
1234 2489 1971 3848
3662 792 7459 3096
3300 4460 2767 6061
2340 4936 6395 6910
4336 771 437 5929
1649 4687 8473 1035
4902 2573 5715 5830
4719 411 3947 9891
1345 1707 693 226
1424 3925 4329 2276
4298 1938 6063 3650
4770 299 2782 1718
4684 2069 7355 2973
2671 793 1452 3572
3193 625 7476 6927
522 960 1216 9895
2034 4237 7049 7461
2498 629 4718 235
3143 791 7002 2454
2127 1229 3560 4745
2476 3533 9653 7281
2497 3919 8348 418
1375 2672 9452 2697
1454 2225 1103 6462
2189 3281 4318 5658
620 2217 8622 9424
38 2831 2171 9683
2322 3603 2524 9022
4245 4665 6068 3668
4631 70 7537 9022
869 4121 3690 1307
813 1907 4581 2242
656 4436 5682 9614
3139 1400 8425 1598
663 4309 5572 7053
340 2176 3597 8228
3006 1015 2197 2677
4170 1205 2165 7479
1679 2391 784 6168
3393 2869 8361 7451
573 3529 9712 5515
2015 3418 4468 1043
3518 1667 1592 8592
1202 4963 226 8905
3714 1811 9337 9247
502 2503 9267 8357
4876 1305 1199 758
106 3948 6192 7715
3262 2029 8882 3127
3532 2471 3342 8785
3379 4579 3917 2344
3756 3449 4501 6200
164 4281 399 8042
1551 1236 1471 1397
1351 1356 9016 4740
4988 4304 8723 2638
2680 4859 7026 747
1567 158 5782 7893
833 1827 818 3254
1083 2411 1657 4049
3691 2435 8785 8626
4634 4179 4737 3584
1741 504 2437 8549
1657 1661 6218 428
756 3010 5052 4521
4152 876 5882 8984
699 224 9533 9732
3689 2008 322 8016
4527 1518 484 4500
4479 4084 8865 8899
1037 1949 3338 8805
4258 2265 6366 7281
3295 1303 9307 9889
19 4368 4725 8071
3727 273 3674 7666
1100 3369 2807 8517
2994 843 3474 2120
4724 563 4870 5405
1116 3082 7266 6792
293 513 2736 3688
3139 1737 1296 5837
4286 2466 1942 1095
2770 4333 7844 5372
4254 2327 9791 3798
327 2429 3960 5743
60 1636 8837 5731
4593 2398 8261 2371
2478 4317 261 9959
3552 4587 2678 544
750 1527 4628 2462
4668 3603 2171 7598
4865 4429 9509 1358
175 146 977 4828
4115 3864 3616 9080
610 3674 1735 7834
951 1524 8648 1285
2005 209 5474 4796
2024 3519 1108 515
1975 1611 9688 8961
786 2263 169 1871
1232 1821 7723 8994
3964 1016 9177 2597
844 90 163 1970
2580 4010 3765 9597
4506 2130 6351 2032
3885 1898 6506 1702
147 4996 6285 1766
4966 4896 6057 157
2095 4574 6214 1372
732 1887 2410 3179
1969 374 9691 1506
4270 3965 3741 6457
960 2254 9172 7596
3571 3215 5872 3946
2486 4469 691 7294
4789 2062 5437 3518
4519 3913 8124 8432
4321 961 5559 2755
3810 1262 5581 4597
843 1824 125 1141
4572 1329 3856 6284
3116 4330 4005 7147
3555 2258 9765 7048
2655 2442 8148 7936
4972 2410 2092 4527
2007 3922 5443 1724
245 2199 1235 2743
3682 2734 6590 1234
3895 1154 3529 3411
671 2361 6854 2251
404 3935 9311 9609
4256 3388 2270 8976
4864 1093 5820 4587
3658 545 7156 1254
1128 4493 5540 4374
1594 774 5053 6163
1907 1319 9606 8700
2510 24 9977 8703
2354 556 9754 6578
3252 4784 528 9482
3707 962 694 1797
3188 2570 4100 4112
1497 4990 6189 7119
770 2457 683 7900
157 3758 3767 2977
3227 4605 2382 5128
1362 2288 1698 5064
3767 833 2011 9426
2879 2047 7952 7064
4088 1161 3136 1067
4466 3001 8475 9089
2256 913 6232 2069
1612 3077 1366 3872
59 4635 9803 208
2548 13 2712 5161
180 3126 7543 1545
2192 1293 3462 5719
137 429 7835 6510
1771 3542 9828 2674
1328 1770 7664 3977
2758 2211 8787 8198
421 1445 3419 1010
1760 3488 9579 360
2695 2646 8637 5748
2331 1127 6684 4585
1481 702 9327 6417
1660 2813 5841 483
3890 1664 9280 9331
2918 918 794 6149
2876 4545 3387 5968
420 3644 9266 4275
348 3683 1506 6452
4356 2495 7638 6011
1749 1146 2046 3329
1265 2949 3726 404
3056 521 4981 7293
4507 1790 7890 4275
2897 3724 2656 9294
931 790 670 6415
884 2857 4986 5092
4932 2392 366 5434
4895 1284 6258 2481
4709 1263 758 6955
176 1810 7676 7170
3739 1410 4649 9070
1611 4489 7567 2986
4363 1712 1082 9107
4241 847 3672 7056
2841 3071 7137 9213
3667 2508 2704 6699
611 2559 3936 7681
965 1187 5413 528
4505 2315 4560 5684
4283 817 7553 2619
1819 3343 2602 5830
2879 830 3208 5269
4985 1224 8781 8985
2087 1920 483 5674
3776 2793 1903 8913
4899 3191 749 4401
2546 3729 673 542
2458 2695 8570 4847
815 4210 8005 5765
3678 2545 6081 8990
4713 1800 8124 6331
3465 1683 7807 9173
4123 3734 9788 7396
89 1392 5839 1528
2215 4663 963 7103
4359 3985 396 8515
3562 1640 1066 4914
3529 1719 4564 5429
4525 2989 6834 4274
4581 428 3342 8401
1368 744 3964 8774
2932 1016 1041 1325
1665 3124 5730 6396
1622 4682 2268 2969
3757 4080 1411 9088
1731 4823 8806 4132
226 3943 4321 1790
1586 4668 3167 135
1001 1472 8991 8217
1827 3862 7446 1642
3267 1944 3776 6343
3768 2784 885 4944
2540 1630 223 640
4583 3506 624 3140
4542 2486 6813 413
4748 1676 42 6650
2401 1561 8803 7880
3510 1716 7613 649
1072 3231 8613 5542
3300 520 6362 8905
4270 535 9081 8833
4039 967 4302 3977
1970 3403 4752 1793
1189 4210 4940 8511
4185 408 2171 3687
1275 4971 2031 6115
2983 373 2779 3002
4646 4891 2771 6620
4775 4563 9067 2766
1280 1187 4521 8953
3257 1973 1027 3999
4415 3478 8097 3708
2116 2241 7733 8583
64 3202 4603 6514
1079 3889 2850 2942
4005 28 6639 2351
877 2493 7137 7183
3986 2249 2508 3089
250 1425 9593 3296
4927 629 9976 5296
4370 3991 2071 7257
600 4501 8089 5001
1852 611 1876 5485
3799 2364 3344 4033
3858 4955 3645 4753
4565 2800 1515 6982
1901 2767 670 5449
2842 992 8457 5199
3839 4036 462 7258
3322 68 2404 4875
4151 3828 6992 9978
2846 16 7961 1367
104 1360 567 2537
4047 3614 1542 6996
2450 3025 8233 2059
4411 1977 1508 9367
4156 217 9376 5861
3894 4708 1197 8864
4275 4017 177 1670
4834 585 3879 4580
4654 3037 3046 8676
1557 4001 4503 9834
3723 2651 37 32
4105 4509 4820 7606
4314 3764 8263 70
3270 1573 2272 6040
2031 4841 5454 9425
4341 4665 5763 7383
2635 4981 4338 6376
3211 2321 1797 1604
1144 1473 7313 192
3148 3766 3432 5310
3245 2635 7837 6227
3576 4319 5270 1711
3409 4947 1229 9910
804 4433 6286 7924
26 949 5870 7283
2934 153 2617 7833
1941 479 8506 8809
964 1753 2125 7162
469 2798 5407 4155
1607 4449 6685 4387
4283 1825 7824 4594
666 3166 5549 2058
553 669 125 2166
4071 4585 7147 4559
1604 3382 8723 4670
1103 1042 9782 5447
2988 1642 3808 501
215 2723 2123 6802
1011 1339 8322 3697
800 4262 2100 5052
276 2355 6735 9636
290 3870 1794 805
1264 557 2540 2733
684 1090 2885 5977
3996 1991 9323 7872
4889 1652 4240 7902
3546 194 8015 9846
3270 1770 4293 1248
3244 1444 8408 6610
1224 2394 648 477
1409 2099 2536 6842
1358 3582 9744 3425
2898 1395 2950 7473
4058 3645 7706 1866
3604 4353 8753 6819
2621 2916 5986 7498
4624 4357 4204 2061
3988 4582 5930 7636
1408 4856 4569 1535
271 3462 8239 7654
4535 1843 3654 4867
2614 2877 2874 2905
2912 746 427 8386
824 3918 8122 5851
2636 1971 8247 4062
1175 1433 1950 893
1602 3525 3117 4861
1895 4641 2031 8854
3475 4963 3223 640
2130 1399 4871 9153
3715 2119 5707 5655
2759 3105 1955 1647
3786 2643 3546 975
2650 3785 6825 5175
400 4791 2715 4893
3179 2411 4831 9160
2905 738 3683 3337
4331 2583 5005 1570
1223 1142 4252 6824
4601 4189 7865 8850
3551 1802 6768 8178
4314 3225 3999 2007
111 326 6687 1788
93 3273 122 230
849 4948 7058 6895
702 3253 1992 5541
4312 1875 4716 9609
4843 4427 1681 359
3066 2145 4145 6779
35 447 5838 6621
4111 4985 6878 9501
232 1079 1304 9671
4324 4494 8249 7932
3755 1363 2516 7150
3938 2150 3996 5071
2000 2941 1004 2752
3773 1279 7024 4805
3271 2843 8892 8777
4007 3061 7008 7955
94 2442 8741 6268
1211 1130 111 6058
3310 4306 6535 1282
4530 4982 7615 5623
3526 125 2204 1106
4385 751 9708 3220
4076 2741 1215 7912
3790 3384 7061 2580
2392 379 153 2517
2861 1766 9844 6447
1697 4435 4137 6645
4331 4592 9206 5393
4669 4793 4859 7978
2182 1969 4663 596
3057 3749 3478 5530
1967 3421 4043 7771
1093 1375 4814 1372
4714 382 5784 812
702 1584 7687 1494
4164 1552 6859 5989
4476 2624 7810 3084
823 1041 2826 1478
2572 2079 2376 4502
2612 4360 5404 9130
3523 1910 2556 4556
4367 2134 839 3124
2491 3875 86 7074
4036 2871 3264 278
3723 853 2765 9999
2032 1841 8448 6508
581 603 3986 8887
2467 1419 1130 4289
3558 3314 3051 2033
4923 3375 9964 9738
2679 4268 4862 7928
881 4432 2990 5885
886 2788 9152 7480
1900 1726 8136 8405
732 1952 3634 7411
3600 1688 6635 4308
3753 2299 203 5549
2850 1011 4437 6958
1296 3506 524 1167
3567 2841 2272 8634
4604 1285 9372 7732
957 4205 9174 3110
2153 886 9006 1740
983 4873 6534 2725
2080 3155 3547 8534
3532 2039 3185 1469
3588 3663 4343 7530
1915 311 8624 1697
848 3189 9009 5431
4539 1685 6414 4743
2832 9 6488 9670
3983 4290 5974 5084
4226 3148 1737 9358
4403 2868 9452 6889
2291 2486 3917 7726
3055 4232 4614 4339
4053 2502 7029 8809
4777 1338 2244 6220
3229 3852 1313 714
327 3913 7450 5629
496 1239 1739 5942
368 658 349 4470
161 2456 2074 7217
914 2303 2560 4767
1511 4232 4887 7648
1184 3038 9014 7423
3135 289 6953 2306
1145 1717 708 1439
1065 369 7327 864
560 3461 1640 2415
4056 3822 620 1569
4160 2921 3981 8550
2663 3638 344 2062
2515 2947 4347 2580
2406 4824 6275 4490
127 3882 9326 1212
4868 559 7004 7174
2439 1706 3640 6254
1508 4138 5145 9226
1041 2464 7497 8563
1236 1875 8461 1715
2166 1912 2112 5614
4706 4580 2723 139
4320 3612 394 3816
4335 1576 1071 7075
3565 2921 1543 7764
4017 1432 3374 2689
1785 4236 1319 2755
1012 1467 3690 6186
3278 2469 1718 6939
4874 1231 8200 5748
81 2240 5189 5803
963 107 361 7927
2737 1654 2172 7040
699 1874 3740 2949
4309 3185 1057 6758
777 1855 7420 9627
1260 2213 6555 8854
2193 4079 6688 6303
4338 4923 4466 3500
4339 1728 2418 4239
4370 2039 4678 950
1518 4517 2935 3543
1440 2472 1735 2742
1341 695 1401 9997
3345 3654 3947 6077
3445 2597 9230 6221
679 1066 1063 5671
2435 3868 4717 7168
1483 352 7683 6747
4396 153 412 2981
1227 3014 7319 7976
19 3502 9385 2065
2639 1370 9991 6060
2361 3106 8255 199
456 4464 6704 8864
1046 10 9279 7287
1355 1862 6361 956
633 722 7016 1632
1823 2238 8562 2784
2528 2903 3119 9605
2490 1004 7105 3246
133 3942 5901 4838
2571 3114 3001 5162
1848 4814 9587 3606
2594 851 5551 1218
1110 3985 4135 1514
1965 1911 9760 5676
1270 1406 2236 3190
1194 2853 8188 8713
3348 3502 4224 3630
3436 2530 1934 899
318 3987 1134 6909
4528 2006 2755 1932
63 2960 8420 7740
3700 547 5044 3982
2259 3028 7864 5122
3633 1343 9005 6989
1560 1512 8994 9029
811 1765 9041 449
3631 2350 1832 4555
4804 4741 2879 9848
3633 3483 5590 8378
2498 900 9850 4545
2200 2532 186 367
1138 2770 870 6539
4740 3671 7359 2391
11 2753 4786 9740
2431 3052 4382 6114
119 3335 7977 4410
73 2756 2366 6424
2236 130 1658 8296
1431 1659 9699 2933
470 1280 6265 3695
3143 2848 338 3915
438 3806 5323 4380
1754 2604 7061 5008
1988 979 9614 3760
1688 323 9719 4802
3071 589 7340 9690
683 66 2767 7528
3592 2157 4036 1642
3242 4098 1493 7140
4020 669 9491 4160
3921 4568 7634 7084
3246 3294 5420 1733
4808 7 3988 1892
2522 4833 1130 435
4079 892 3914 8966
999 1094 434 5486
3318 3730 1418 2780
1278 219 9903 8889
3764 2263 4913 1176
1851 3785 847 9233
860 186 1831 139
2565 663 7479 4491
2399 1450 1575 3265
1302 2402 9306 5233
763 1696 9836 6589
4753 2503 6712 3025
3354 2185 220 1768
1540 3857 7128 6813
4523 3793 618 2592
2924 1587 823 7299
4583 3834 3035 4017
4959 3601 9431 4399
2460 3452 7011 7890
1972 3924 7424 4005
254 1244 4447 8610
4166 1540 6115 4783
3704 2452 4416 446
2353 1546 1486 3692
1124 2418 2163 5855
4746 424 3922 5201
4105 224 4602 6964
1242 240 9538 1549
3349 781 4453 2487
2768 367 6095 4343
3005 2023 3060 5461
11 2745 1326 5555
1685 2955 6857 9945
1951 4802 6706 2401
2172 157 3999 8617
728 2253 8381 4678
2114 4513 8054 4852
1093 720 662 8269
1008 2568 1845 3173
1004 1414 9240 2487
3880 4911 6080 8830
2272 2537 5920 9731
2743 4771 7076 4554
4177 1671 7733 3159
3104 775 2337 3119
4319 4948 5818 9823
2384 4915 5181 1566
2148 586 8277 3872
686 4801 5106 5920
3740 464 4080 8195
3120 783 1705 7774
4990 3036 9508 534
1970 4103 2251 1870
3761 2055 622 6943
65 3206 9241 4705
940 1672 6176 4673
1042 3617 9481 7506
155 110 3759 6066
4447 1524 6598 1903
3132 4083 6588 4683
2960 4751 2331 5070
3352 4973 8142 2735
4694 901 4446 6295
1100 308 9721 5838
3568 955 9075 886
4138 3814 811 2172
3621 2041 3808 4316
2935 4024 6374 1860
4034 4141 2068 6013
1983 4613 6526 2992
1013 2867 5153 4515
2684 70 6086 8700
2374 3278 7626 5651
4700 3335 27 7068
973 1071 357 2624
2802 3409 3075 7097
1271 66 8493 5976
235 2275 6455 4933
3462 298 2675 5097
4940 1273 7422 1344
4211 4513 7123 6672
3159 395 4314 896
4717 1477 9564 3489
3944 23 2081 2896
3481 739 519 7515
2523 2542 5068 6988
4734 4874 3658 4953
2086 3664 1749 2389
1984 1743 8078 8440
3429 3409 5205 2336
2453 1410 4620 6822
901 4219 7457 5287
2196 1641 3243 1007
2696 1204 7874 5172
179 2682 7036 217
4404 4993 4145 3972
4431 1215 2409 6100
3762 4518 7076 8653
2050 3476 3094 9864
1053 704 8597 417
3612 2218 3853 3075
3636 2171 7681 3327
1484 4265 7438 2744
970 2031 6379 9508
163 2049 9297 4121
3525 4564 1030 7204
58 1283 5022 8055
3545 48 8226 477
3940 4795 7770 4059
3066 1022 9908 4120
3165 2584 2600 1723
4426 1219 5493 6158
4461 4407 3376 9899
2744 1711 3900 3110
2130 2828 7607 9575
4130 1586 4997 9943
2933 3544 2371 8051
3319 1382 4763 8434
3545 159 4964 7724
1031 950 9776 2494
414 1925 7659 2658
2991 1285 254 272
4833 2139 338 3214
274 2764 7795 9244
3867 2532 3804 8472
12 224 9500 3557
4438 1203 86 960
128 2107 2920 8170
2902 4035 7933 5473
4643 2336 5628 3217
1470 1003 211 7262
2717 4125 5449 4784
4730 1951 6606 7974
4171 3237 686 6279
2223 3342 8262 2901
137 3675 7594 2337
2850 4015 7118 9331
753 602 3008 7239
1669 1463 4888 6208
4687 4459 6250 9504
4696 3869 7884 1012
1958 4438 2936 4933
1815 3954 1228 1530
3416 1939 26 6637
2718 215 1858 3429
3767 1776 389 8684
3631 270 3437 9162
1652 1281 9230 900
3 3189 5726 5744
4863 646 9707 770
2669 4490 2846 9952
3430 3918 3331 2281
4228 2697 5824 6518
2017 2342 4648 5403
2144 4821 8928 3402
4814 1675 7479 5008
2385 2468 6439 8030
1581 2196 8388 3253
3632 1417 386 5855
3505 3470 5844 1298
2430 4814 1481 6473
2297 4112 1026 1570
996 2966 9723 9586
2897 2217 3256 4260
3865 2462 1684 3721
197 780 3814 462
2572 4513 6369 9205
1369 1043 7370 9964
4468 1714 2207 824
2908 2575 7972 8990
4336 602 6558 2149
2484 1606 4262 4446
984 1287 8214 9620
2592 2634 5917 8766
1628 3021 4692 57
3018 3546 3367 9753
729 2212 1710 3967
2767 2656 5597 8730
3221 3240 4579 8701
397 2838 8987 693
3521 4915 3340 449
1718 606 2376 5085
3645 4231 78 6803
2957 3153 925 7610
4443 2648 7713 7156
2389 1023 7731 5834
3216 1936 3647 3097
2552 1190 4176 9232
780 1348 259 2924
1750 4669 1823 3297
2554 1177 2899 7368
3084 3214 6715 7332
78 244 8100 7811
3984 4492 7238 9615
3118 69 819 5896
3599 1336 2730 2842
1526 1207 4423 9317
4039 4493 3649 205
2354 279 8427 2116
2092 2287 5139 6535
1196 4621 9000 8840
4417 3553 8808 8686
4223 453 9280 5182
1871 3972 2264 8826
987 1045 5500 7592
1356 1753 1454 2661
4694 1727 6141 4518
1241 856 1585 1120
1585 568 6124 6767
1794 2240 7824 846
2971 3192 9119 2985
4193 3733 2181 2450
2974 2614 8782 3972
851 2060 5825 5012
2880 749 9661 2492
311 2435 9324 4294
1031 4543 82 8656
1288 1282 6812 3447
701 2414 2758 3418
1412 4469 5573 7613
2111 685 684 3132
4345 1308 6089 8487
2800 205 9535 6229
4531 3010 9092 6985
4232 1666 8718 2771
4242 3695 3924 622
3355 3268 452 6123
3805 2657 8231 4951
3898 1647 2633 122
2636 1797 6643 9748
2308 4983 2660 8057
3556 1648 1947 6350
1708 1634 574 3743
980 2598 4930 6772
4465 3056 8493 8141
438 2665 8870 4794
1591 3233 8610 8410
3668 1024 3749 3912
1010 72 2963 7387
495 1085 1157 6437
3004 1484 1952 2162
2364 769 6768 5693
2989 4021 182 8097
2335 3784 9450 2526
348 3902 8021 461
3609 2573 3637 1707
1255 3223 460 1734
501 1619 1732 4092
3570 3844 7726 3563
4599 809 7994 1348
2128 819 3497 3006
2180 3228 3574 8463
3395 4881 1529 5943
4393 3550 180 7637
4214 2432 7245 9188
3473 1190 3334 7431
2933 1794 5407 2147
140 1534 6236 6814
1876 1068 2213 4716
2355 748 8341 9554
4669 1553 2025 7651
3542 1032 1846 2217
3804 321 8387 8901
3823 3017 5501 8063
2952 709 8392 3152
4435 828 6856 8292
655 2316 1482 1
565 2064 3636 2249
3321 4508 5639 7501
4417 4384 5426 8683
4820 3800 1524 5520
3135 740 7633 6526
2999 1197 1236 9291
612 4325 6383 4948
3134 2272 3051 6011
1237 2880 2163 3264
4115 3463 2862 1438
3590 677 6828 6874
2939 1701 1546 2992
2357 2653 1432 9985
4400 2380 2337 6717
4841 3741 5969 7313
4825 3428 1030 5797
1313 2932 2827 7984
4779 4311 8217 9489
781 4019 817 3699
626 416 1398 4302
4880 1089 4395 765
3265 4882 7976 9162
3744 275 6025 8145
2763 1615 6208 1966
351 524 116 6661
4454 28 5489 7445
1239 1174 6131 733
2924 3490 7599 7286
4240 4422 8611 7394
4322 3356 3149 9892
1290 2741 3321 1665
4876 3167 2175 6123
2859 2907 1367 4506
3869 3238 8957 471
136 1125 8680 6292
692 2531 8209 2822
248 351 9918 3105
1953 117 9088 9237
4844 4324 9621 1979
17 1618 891 1097
1761 1924 6063 4917
481 1752 6224 3234
3455 3799 651 608
4175 2507 6968 8205
3284 2265 8127 1080
816 2036 3832 5977
2789 4756 2550 985
3653 4969 7346 4666
1060 3033 8379 4033
4693 1811 6143 7821
327 1869 5486 869
2278 1076 4854 7400
1599 3914 6238 4123
4106 1067 2903 5740
801 1182 6369 6664
715 175 4397 742
4033 1213 4583 1404
3641 1629 9955 9936
1647 3980 187 9427
441 2250 7437 1790
3172 4105 1853 3711
2672 1514 5191 3179
1616 2622 4908 8263
550 1929 3376 8328
3395 3782 4855 4704
2544 1416 3622 9188
1371 3012 2410 1465
1455 3008 9389 952
4776 278 6702 8991
1480 825 3417 4484
2381 1959 5516 4167
565 4898 4659 3969
709 4101 4896 8729
1097 295 4676 722
3090 2328 9457 8697
2161 1187 1188 3737
2951 4559 676 8804
1319 1175 7803 3583
724 3946 7545 423
2808 3885 8740 4522
287 2461 1146 707
1790 3736 1972 8979
4308 1566 8801 6502
2782 1716 7093 2199
2840 3495 9634 8050
4346 640 5479 2415
810 3231 1441 2595
422 345 9306 7393
3413 4109 5107 2886
3447 4664 2435 9646
4521 3459 929 3666
4247 2974 247 131
2685 1475 3826 1665
3400 1318 4028 8409
1227 2569 7784 9326
3541 1312 5322 5717
4643 420 9565 2036
3845 330 5933 6358
1604 596 3497 6729
551 109 8419 9959
3642 4596 9711 8329
4433 2822 8393 9222
2105 3630 2951 3722
4106 4272 3218 1081
2517 1833 1798 6592
2835 1759 8443 181
4171 266 7299 1907
3519 3249 9427 4067
502 3815 3652 8367
2588 147 8145 1856
4654 2198 5366 9937
2483 2833 639 5168
60 3841 8158 7614
2612 4350 1834 835
4972 1721 5020 1951
4376 1617 9633 5672
4042 2943 7912 4816
341 1181 2174 4078
3915 4170 1343 7969
4976 4032 1241 3469
3699 4176 5189 8843
3825 4021 2018 7264
1547 4015 9702 9949
3020 227 5517 5779
2891 3602 15 6992
402 328 8801 6420
3489 3183 2044 9554
2523 3617 9329 9099
1162 2054 1129 9136
4564 260 8476 8395
1113 3336 811 4674
696 1399 1554 3056
97 2733 1554 7164
2865 273 9163 5687
3992 3933 2354 578
698 4571 7788 1044
501 3307 1610 5538
4044 2062 1110 6668
1995 3818 1131 9142
4653 3423 8209 2072
1826 4005 7613 5329
1196 916 4390 9655
4929 2508 9171 1969
4596 4057 6395 1665
746 337 7542 163
64 2892 4618 8204
1764 4983 3529 9376
4672 4487 3877 4453
330 3474 1573 506
3916 4768 5940 5564
2857 2888 7443 7269
2740 4777 6036 2176
1825 3162 8184 6543
3354 3885 8675 8962
1689 3743 4678 3150
4227 1416 9986 6468
65 4500 271 215
2070 378 3588 8393
892 915 8205 1686
285 4682 8553 8159
4935 2655 3796 9467
873 1266 3416 9789
1781 3003 268 9780
3909 1939 3064 5236
3594 1658 7900 7015
2974 3112 4288 3980
773 2219 1399 1682
2028 3989 2505 1787
1114 2576 581 4390
3840 3496 8255 2146
997 4406 8684 2143
3566 3142 8896 591
1174 1719 6151 4621
2615 640 1919 1380
3677 287 9072 5065
2998 2593 9729 3876
397 169 8444 3695
4055 2795 2041 9768
2793 1898 6821 1761
723 2401 9357 7058
382 3582 3601 8597
4274 1501 6775 5665
199 4899 2051 4178
4590 278 2934 2108
2181 3318 1807 7986
2138 1828 9446 4276
4707 4190 8425 5022
3242 3131 7623 87
802 2902 603 5945
2404 4749 4026 7067
4685 1811 7289 3449
106 3783 8037 9732
1229 2287 1466 4313
4819 2445 233 5786
4063 3739 571 9451
172 358 3657 3572
2925 4833 8949 3327
252 3804 8282 1231
1650 3869 965 4239
4829 3471 5404 8855
4644 4809 2218 8405
945 237 2708 1257
1 3964 9144 8061
2424 1843 977 6262
1546 3309 269 3799
4701 3693 3610 6901
1358 4625 3284 7669
4019 1036 6197 2627
764 2252 1117 7386
2197 805 4048 6626
3083 1213 6626 8591
1945 108 8526 3337
701 4226 2008 8725
202 1895 7911 8426
1524 3177 161 3143
2958 4904 1678 3462
4698 4992 3060 934
2610 2235 9908 8959
2369 3201 9694 9563
3871 2245 375 6462
3873 4082 8301 5882
3431 841 1450 5413
1011 1655 8353 4592
4040 1965 6994 5576
3768 2509 555 3713
4875 3531 4819 3806
2247 182 8642 3647
4717 2496 9192 8748
3436 1034 4455 8563
2415 4025 371 2476
3795 639 5034 1157
4807 2027 1394 8291
1359 4215 6746 4410
3196 1839 1064 8585
3008 186 4192 1584
4827 1016 6049 1761
616 1219 392 770
3186 3062 3182 5008
3605 1422 9205 1736
588 4870 4175 8870
396 1183 1489 2832
3657 1922 683 779
4142 3151 6389 9343
1609 1876 937 5825
4677 3782 7782 1450
4568 1891 8422 8224
2134 3516 1553 8705
4044 4649 1621 8692
3786 4471 7764 9241
2585 4119 9590 2055
463 3396 4215 5602
3150 3726 1317 4372
1679 1968 4970 361
2367 2877 6072 529
4681 1844 4142 7139
2737 773 9430 3527
4634 4968 9392 1751
2271 2709 6543 5708
4749 4443 3815 2165
4060 2826 3513 5005
1407 2386 9481 3627
859 2477 3052 1370
4118 4820 9430 9384
3843 3262 6222 1677
151 589 9198 3598
1059 4847 6240 7251
1774 4200 3201 7171
1045 1196 4689 9779
1441 2697 5490 9938
4412 3719 3641 6680
534 2151 1249 1366
1450 3272 7327 1098
561 2653 2452 8836
122 4892 2827 237
1920 4631 2503 5650
4930 1516 6490 7925
2772 3841 5998 2583
2992 4463 6149 5634
1916 937 8363 5619
3131 552 7769 2279
2060 4891 5259 1239
1250 2979 6490 9156
4644 1048 697 3922
2403 1245 3817 9667
399 3149 799 1003
246 401 2986 6076
2643 1321 1992 7244
672 4398 6025 2500
1017 535 9368 8413
914 82 9797 7958
2788 93 9558 9911
75 1723 2759 9013
4481 4239 7013 2829
4724 4487 5783 8242
2243 1633 1954 1683
3518 625 9239 2450
4587 2634 5291 5455
1762 838 4050 6507
3026 1204 9359 5126
4797 2927 1290 5028
4668 1743 1815 4062
4254 2579 4334 8872
1240 324 1066 17
4930 3728 3692 2612
1788 1692 8497 3192
3168 3702 2683 9486
4892 3549 7870 5910
3670 1899 9503 1827
3622 2114 6357 3267
457 1237 1969 2860
1225 2337 9941 7639
333 3132 8347 1586
3496 4430 7692 4566
3237 3950 7080 5103
3110 185 2735 693
1316 583 4407 3249
2473 2874 3754 4138
613 1980 514 590
855 2558 990 5197
1764 2281 803 8403
3103 4993 6341 2476
2337 4626 8255 2437
1590 146 8381 6907
1270 2106 6538 177
3814 1345 5181 856
4486 3536 7113 3654
4387 1730 618 3949
1136 1933 2566 4785
1243 586 5414 8871
1193 275 8809 7118
2824 2253 465 6042
3872 1786 8050 407
3376 4190 4936 1736
402 922 9261 8777
701 289 2654 3669
1162 3119 675 3668
1817 1926 4043 3973
2537 3171 8318 8592
1498 2878 8309 8475
2614 4417 8849 3314
1221 4437 883 4070
2705 129 2138 235
2205 946 8131 2539
2441 4852 6880 4653
925 2857 9615 3119
2137 2808 1188 1278
4455 3678 5399 751
968 2187 6009 9122
1208 258 1395 9599
1047 2466 36 8667
84 1549 5752 8297
2571 1693 7669 702
1943 4227 5382 6274
2691 3330 9505 3759
1728 3638 3205 8882
2156 3774 3419 4171
644 4413 6089 4045
232 2639 7758 9951
1822 1069 4816 1316
850 1569 5787 8260
4452 4547 2844 3335
2689 3123 8208 5592
2500 4988 8405 8276
145 4349 2329 4069
1242 1892 7703 2787
2017 3044 9664 9328
2207 52 4676 894
4952 3536 2199 7086
918 4665 5525 1042
4483 4499 1633 2319
96 2056 4929 3354
4962 4334 5755 8819
4341 4661 3890 7609
572 872 14 2314
1828 3278 8186 4845
1812 2639 6296 7601
1654 1544 1822 7349
1949 826 9468 6507
4304 4497 3951 9807
2027 1566 3717 9513
2593 1867 3313 9898
4336 1248 3299 7086
3197 2575 3304 3482
3269 2174 8054 5987
2812 58 6746 994
2030 2715 8035 9833
3207 1757 1594 2593
986 1085 9974 1492
2178 3310 5759 4544
4180 726 1162 5133
872 2249 9397 5041
169 2089 1832 933
2740 30 2497 8170
3716 277 4305 4022
2355 2820 3830 8558
4422 2311 3806 6222
1 3939 2881 1444
1845 3726 1355 2355
646 1918 6643 3648
978 3940 7225 7475
1416 4936 7246 3189
2296 1002 6224 2841
1290 3512 4650 6205
4189 3313 1136 8277
4901 1853 1926 8500
2464 3826 9157 7097
4877 1667 211 4426
1297 3464 3742 7164
4252 3017 2899 2427
504 3565 2527 8263
300 867 2101 5299
321 1167 8932 6652
4459 3267 6910 8658
323 743 4632 3262
2675 4342 1926 9533
4250 4728 90 5513
4546 488 9862 901
2378 1967 3050 9472
2484 2466 6166 6972
3577 116 2974 928
2480 2373 32 8630
1530 2869 3005 2651
1691 883 1775 461
3622 1642 1093 5163
2529 3603 9452 6102
2836 4692 3233 7425
4424 4109 2286 6110
2072 2844 9455 9668
4526 1338 7383 656
1865 4845 8255 7610
2090 1656 108 1787
3552 3251 6266 9910
149 4747 6510 1850
676 3400 9723 657
3965 4330 7912 2876
2477 1302 8432 318
717 651 8845 2015
1906 2776 1194 6888
1557 3856 1596 1344
3421 1029 9583 324
2752 2055 4379 6504
2690 3756 9275 6808
4711 1089 3650 6614
4307 1262 2043 6033
2276 2158 1447 5731
4631 3614 6163 3006
1198 2590 9158 5487
4156 473 4560 8261
3587 2618 8962 9182
4128 166 6668 1246
3363 4495 8011 8328
3367 2502 9060 1281
3288 110 386 1247
4598 2766 4298 5770
2538 2907 6757 7770
1017 4456 7298 8682
884 4492 2730 1861
2275 220 8908 129
3566 217 9804 4445
4967 3914 4862 3558
4382 3701 3009 1047
1347 2056 8478 4514
2809 4758 274 3505
2896 2758 4637 648
2021 2035 7331 9736
4012 1515 8548 7169
2752 2522 2755 7307
4966 3729 239 5711
4108 3122 6816 4464
1543 2445 9709 4128
1372 4828 281 2822
2207 3045 27 5838
2082 1631 7102 8668
101 3411 7751 6456
528 808 5838 6607
3071 2671 5406 4911
2742 3260 4067 7737
1930 3882 6073 8673
3798 2659 9369 3565
920 1816 9459 5666
3431 2141 6525 10000
304 2314 8190 4729
3169 4804 2998 6559
2148 260 4111 8881
4322 1730 1316 2451
1216 4170 4807 2307
4532 3648 9549 9977
483 1993 7920 6336
3445 3807 910 3201
2242 1181 5285 2021
1950 210 3661 8319
1176 2082 8498 7137
1674 3548 9189 9694
4632 4446 6176 9942
3766 4781 817 3864
4819 2306 1762 1289
4986 2483 5606 3261
1593 299 1150 6824
3600 917 7821 7580
869 3718 111 6199
2937 1166 8612 7195
334 2269 5204 9275
4379 1867 8964 1462
532 4208 3691 6326
2473 1161 7780 4803
211 2876 843 769
4839 4779 3685 2837
1619 186 1752 6474
4923 4155 7346 840
1278 3592 4125 1316
471 776 2742 7887
1424 124 4721 6518
4924 1511 2505 8322
1434 429 4783 5657
469 1178 7443 1985
4223 889 1194 1282
1638 2598 9546 4082
4308 3962 7494 2531
3818 1645 9921 1123
2605 4879 5717 4186
3599 1925 2808 7187
2501 4788 816 6596
3828 1160 8337 208
4124 1452 7161 3648
408 4657 295 9937
3439 4645 4392 107
1255 1948 3500 1554
389 537 8097 9821
1629 4215 1956 2238
4997 302 4784 2835
1523 1280 8544 5776
493 4292 1018 2452
4617 4256 3481 7746
2001 4797 7867 5890
3931 1747 6167 2877
1657 3115 9334 7349
2019 2213 4769 7413
1668 4580 9637 7761
1879 317 3708 7110
3543 2222 3134 2431
2722 4408 6190 6862
2836 3770 6647 4368
2405 2018 1560 300
329 2573 8617 4908
1767 3863 2966 2514
3069 2665 3658 6585
2942 434 9629 1277
1576 1771 9474 6974
2689 1496 6840 8563
2985 4939 4807 8932
3407 4488 6899 5279
1400 4597 5599 8092
3502 3910 9815 2293
1330 1650 7372 9002
1050 1865 6070 3085
80 1057 6590 4437
1385 538 9184 9340
4704 2405 7998 1516
1588 4269 4335 8523
3073 4845 5502 5178
4603 1274 2849 4142
3591 420 4814 5393
3725 4264 8025 1999
426 508 9122 7193
1126 782 5914 2213
3989 24 1785 7700
1791 4536 3099 7385
4672 166 5918 1455
4338 2176 2302 3114
1318 1785 838 2528
2289 1598 64 2942
1123 863 6351 6341
899 4421 3864 8093
547 1649 9282 1130
1249 2627 2803 1272
1338 2263 5276 3375
497 1358 193 4555
4127 441 3108 5686
3333 2876 7115 9720
730 1440 9457 1285
3654 1381 5307 4284
1893 4159 7249 9175
4320 1004 2033 6450
4888 4407 1947 5439
295 4295 1713 7935
1514 1574 6688 8967
3295 779 1763 8522
40 4851 7675 4335
845 278 742 426
1152 2667 9390 9596
3096 4790 8228 9431
4515 374 2103 1425
4742 1014 3676 903
269 191 1494 2021
1324 2529 9475 9368
884 4415 80 210
897 2167 5718 8185
3683 3584 8062 4020
2482 2520 5659 9116
2811 1257 8896 3756
3694 4936 730 1224
3265 357 1328 1886
1728 1253 1055 5123
4279 485 3889 3227
3762 47 7384 3487
2812 448 6290 2629
3813 2921 4539 483
2751 648 9048 3517
177 2943 4682 7955
2214 1652 1770 1323
4319 188 8362 7106
390 3747 3265 4684
3976 802 7861 295
2583 408 1153 6001
4894 3124 3161 5642
3352 4775 6639 6203
2348 3423 4826 5334
1927 675 8485 8424
192 1491 5271 4295
398 458 763 6595
4872 452 6420 9593
1492 2553 5790 5828
1574 567 9393 1829
1050 1817 2870 8319
2917 3385 2094 1704
1429 732 139 2975
2956 4550 4492 1872
4193 582 3574 5480
3759 893 1770 9152
1530 3955 9429 5062
3569 3907 7778 135
4849 4074 2988 4716
4683 14 8411 6222
2345 1105 6277 2762
4764 4257 7039 5863
4951 1711 9249 1495
3905 4307 1085 6549
4412 118 7203 424
207 2660 9885 8627
2712 589 9614 349
3564 1893 6143 2202
1626 4894 5020 4400
2894 4276 261 1858
1204 2526 367 9980
61 3560 7789 910
2155 4176 4616 1248
2760 2297 3167 531
1233 4075 37 2614
1304 4059 4033 7660
2073 470 2647 8162
4561 4188 9411 6020
712 4303 1747 4162
1875 3673 8717 1891
44 1994 9189 1912
3787 1502 9139 4450
2488 792 6445 9588
2714 1192 515 8473
4074 1814 4582 1331
4860 3844 6318 5247
3339 4243 7388 3852
905 3347 436 8624
1365 3143 3962 2835
674 4322 823 4895
1723 3032 1229 5912
3753 3643 5135 8095
2179 4416 4512 1577
3561 1801 1576 8329
3625 2757 4514 8243
805 4167 7059 5678
4503 4817 1533 3147
4975 2449 9661 6064
223 2091 7713 9767
3867 1342 7598 645
2515 3812 3125 3460
2475 3844 8016 9831
2276 3985 1417 4892
2524 2534 4880 5954
1988 3069 2651 8063
4026 4329 7573 8175
3611 355 1182 6778
668 3542 5093 538
4627 1683 8027 3903
226 3343 9564 9433
1186 4723 4347 8122
1329 2589 3635 5003
4436 3895 7194 6721
4738 4767 9982 6921
2457 4328 8272 6563
2046 4216 9549 6053
4408 3486 2747 7482
1395 2202 6286 1608
2448 4486 804 2761
2182 3323 4516 5020
1107 1668 9717 8332
2819 4453 265 595
4519 1029 1031 667
4905 4015 7538 2898
2391 3781 8507 8900
4075 3658 3072 2610
3914 28 9879 3073
1595 1097 7555 9996
2453 1038 3463 1503
946 3124 7437 1174
772 45 4075 9526
1254 2260 5179 8252
4062 923 6439 5149
2534 1447 9025 8573
3155 4729 5854 8582
3890 3188 4282 6391
4817 427 2956 1649
3728 1107 1584 6651
4861 3290 816 3403
2085 4848 5432 1066
1548 2599 5866 2597
391 627 8665 6121
966 4945 8451 3193
3742 974 3 3636
1671 791 7314 570
3334 3961 3426 7456
1002 781 5090 9461
4712 94 2248 5375
1327 678 4038 1418
4627 1328 1594 4173
4636 2344 317 5250
3182 3946 4324 8977
4501 2471 3188 3499
461 4718 8280 5372
2156 2120 8644 8004
133 4722 2814 1889
4762 3253 1528 2808
4801 637 98 3659
874 1627 2822 9390
135 975 175 8487
4472 2290 5762 2283
771 1821 8741 7942
2981 2173 8441 4409
3007 1201 9205 9485
4655 4700 2232 983
1667 1074 3971 8888
4730 1872 7777 8625
1321 489 9524 8085
542 611 2978 3477
4008 4577 3071 4961
516 4695 8290 1690
3470 4144 1302 9224
2597 1390 1019 228
1634 3351 4342 8843
3415 4806 723 990
3925 3957 8817 2838
3215 108 3278 9387
2494 2787 9686 1249
3897 4357 45 3131
2044 3924 6225 4294
1587 639 1259 6526
4085 1298 2025 4322
900 2142 9914 636
1762 1090 6415 9696
4686 772 8411 4522
4530 4164 4179 1381
537 3269 8031 2678
263 926 557 5969
1794 1718 3089 3149
1627 2002 5654 2878
4771 2894 7976 8034
4399 2796 7436 4946
4752 1722 7592 9280
2789 1412 3732 1945
3038 849 8789 4966
2366 1784 5177 7232
2806 2819 4689 4557
3680 859 7864 5453
843 2108 7325 2892
3111 927 3496 8331
770 3100 6078 4799
730 3170 3350 8738
1142 3951 886 2094
1958 4884 2344 1965
2724 217 4400 5296
953 1736 4807 7232
4866 1018 1907 5432
1665 3889 9690 1247
3903 3572 1398 7944
1245 1077 7770 1360
3944 1012 4923 470
4819 3488 4100 8811
4737 1445 5174 3726
569 1495 6572 975
3973 4136 9979 9930
4642 2648 1027 3950
1736 4279 6715 6574
1065 990 5871 6510
1137 269 6804 364
3201 314 8134 8955
2478 3128 819 4829
722 2651 1271 2248
3261 2309 9167 7946
1859 81 1643 9882
4490 3900 9943 4372
1230 4051 7562 1315
925 1957 6240 5660
4378 1798 5215 9994
3226 1188 8894 9059
3018 2654 3025 6559
2589 2937 9160 1622
871 1014 5071 4483
344 4580 3893 6063
1714 1777 5615 4872
2643 4062 806 8513
3158 1630 2929 3223
3822 2065 7378 4783
4076 178 8580 840
516 3364 4567 7431
3799 988 1884 7205
87 2067 3992 2830
4332 3578 8035 2805
3647 3228 1831 4089
1520 4732 5767 3079
1826 2985 9702 7666
705 579 8809 2315
3758 4195 8780 6051
2683 2581 7431 6462
2970 2443 4415 8641
2835 864 4152 3245
195 4916 9322 1328
2772 4443 4555 4212
3827 1567 8332 8068
123 1108 6649 5201
1024 4602 4828 7758
2295 3874 2336 3898
1628 2632 9263 4701
1724 3059 8344 955
1436 2745 6471 7546
2136 4414 1613 5210
2554 466 6018 9299
1697 2965 1207 8475
2295 4139 7949 3650
2789 465 3617 7564
3685 1036 5629 5264
4078 4621 4091 3099
3732 1595 9648 8363
1535 1496 9641 4704
2856 3181 1387 8839
4609 657 9561 4247
1062 2868 3352 4828
3468 847 1628 7213
2245 4495 6380 3954
1998 1717 985 3316
758 4478 7777 2825
2156 4728 1267 498
4089 3808 6251 5387
2836 4885 1604 1316
56 4084 9558 7300
1172 4860 1509 9754
908 2194 9669 5139
2317 2792 2749 6869
3117 2694 735 8465
2282 1923 1532 1977
2561 631 912 730
3202 864 4447 4177
1134 4055 886 9311
1199 3919 2509 7330
1439 1939 3867 7533
894 2091 1331 2997
3314 2834 6953 599
3183 3494 2873 9
3007 708 170 5233
4023 4732 1636 3739
2066 171 383 7806
3479 4949 7097 5960
4608 1100 2347 6415
1752 4498 8302 6511
4573 385 1444 4280
3229 465 3983 9225
2194 2418 1310 5974
1219 2063 8998 4502
3426 4325 6721 1724
4516 2275 9245 4386
370 4305 8761 7629
3006 1003 7783 8464
2033 432 3935 3945
4888 2958 1556 1739
2280 4010 6055 1544
3045 1665 6494 6727
2553 2731 5955 7461
496 3659 5959 8629
291 609 7727 2882
296 2642 1956 4715
4569 3551 4007 877
3401 4892 1084 8679
1598 721 3118 7503
4777 3525 4996 1035
2323 3323 1725 2844
3941 4803 1404 4248
4371 477 9253 7487
3157 4059 2985 4192
2720 3180 9833 5799
272 3276 8951 1336
3213 3193 2723 1528
3042 1066 1932 1720
4116 1725 3150 9797
2345 3224 5927 9546
3555 2778 6769 4602
3206 417 2045 9397
3605 1926 8350 565
1278 4414 183 7087
3649 3282 5330 6681
978 2736 8615 9227
3477 3259 5422 4716
2902 3602 9415 5602
1368 2726 3819 7073
3560 2084 7119 3669
3593 3096 829 1377
3169 4450 6294 3568
3407 4726 8191 3561
1175 3629 8130 3766
1625 4472 9946 1054
319 4448 7405 9064
2468 888 5919 7570
3735 2603 6901 855
850 1913 4896 6383
797 11 2986 7323
3160 4074 9999 714
4764 2412 8853 5652
2172 2416 2422 5070
41 1408 4612 3132
4380 547 3112 5590
4439 896 3807 3794
111 4812 4018 1912
1449 1392 8313 478
2574 2479 4596 5195
997 4905 7749 6759
3330 1880 881 6856
3320 4360 7157 1077
3865 757 6176 2335
1035 3873 1961 8245
1952 3297 6285 1277
642 2981 3656 6814
2230 3335 6795 5332
3592 2113 7698 2461
817 1085 1736 3023
2149 3612 9908 6176
2037 1118 1135 3199
2193 875 8218 8348
3255 4237 5325 7625
1026 1469 4972 2441
3790 1223 4071 9905
3040 3974 8346 8798
2332 627 5337 5191
1458 2306 125 1259
1037 1429 2500 6913
2124 4662 3376 903
2059 2863 2169 1327
4056 2112 622 9442
927 2944 4736 8275
4458 4416 9317 6329
905 2274 2807 9264
4611 1118 8638 5002
2786 493 6474 8433
1567 2559 6381 5932
4385 3113 4782 5629
871 1548 607 6479
2400 2127 8329 1152
241 296 4988 6379
2403 3088 6572 8700
584 4874 9256 638
2047 627 3598 7327
367 836 1784 6988
4503 1523 6871 9237
2534 807 6554 7660
1587 2892 5753 9723
4689 4535 2385 8980
1693 4450 1639 1788
459 3836 1411 6256
168 4524 9479 3013
1598 1860 5802 2810
4211 4477 89 2500
3372 4296 2348 6467
1539 2215 689 9745
1649 1473 3603 2244
827 1109 1907 5747
1171 4506 5278 7457
2422 178 5091 6268
3998 2327 1366 9613
2268 4065 6724 1018
1407 1703 8757 5476
854 560 5586 8422
994 1173 3884 7022
212 1729 9717 8454
2968 3535 4332 4395
2773 347 2415 3420
3134 1572 1005 9796
3831 349 5274 9681
89 4851 5111 2611
3567 1368 30 2233
2045 2180 7906 4170
2223 1695 8067 3153
1726 1983 6135 6087
709 2747 6157 5035
2675 3306 7029 3377
4372 1384 974 6393
4033 56 3542 901
3082 2929 2561 5741
4486 419 6249 2853
506 2520 5350 7296
868 2693 1363 9017
2339 3761 6001 3921
2105 622 2062 6480
898 288 5146 6037
809 1894 8902 8150
4176 3291 1037 2817
3400 1789 2157 7994
4589 4774 9436 9027
2785 4525 8832 4124
4938 873 180 2226
4376 123 2387 4243
3455 1158 8670 4079
23 4977 8978 7553
4784 4043 9533 2838
2964 1821 8735 5578
2544 3673 1637 9267
3157 2338 8928 7544
962 4641 2542 7942
4528 4917 1134 3555
1457 2715 5207 8110
4261 896 1823 5569
2007 2737 6173 5990
2392 1234 6123 7909
2411 1325 513 1142
76 1527 6667 3007
1719 3423 3023 9417
1905 2809 720 2224
3747 2459 5757 9603
1544 2401 7484 4165
2280 1474 5047 7006
357 3010 4287 5261
4633 1588 8808 5525
2683 3852 4304 8517
1383 3230 4136 9657
2987 1622 4169 4589
1940 4525 9998 1638
2270 3598 4729 4611
3550 4016 2173 8444
628 1503 1522 9187
3559 2161 3831 4804
3777 425 4282 1321
617 109 1683 7878
3078 738 2951 8702
1740 1903 2318 8832
587 3420 3054 1255
1354 1271 5233 8811
4130 2053 9898 9106
2701 3200 849 8049
1547 552 1098 8487
2531 123 8273 6136
706 4168 908 2874
4038 3207 7362 6089
2471 3031 3582 9886
2765 1687 6058 336
4929 2772 2317 2342
2793 2354 8101 7328
440 4484 7295 5100
473 1213 8702 5841
1255 301 6480 8373
2468 4091 7077 9154
3519 771 91 977
3712 1459 9493 4457
1984 222 374 3062
4821 934 6001 641
2709 2026 395 6418
2823 4461 1456 362
533 1694 7586 2578
2359 4482 5290 3635
1681 3427 485 2445
910 264 4283 2174
4460 1959 139 6674
3174 2098 9052 6684
4602 2941 3457 8086
161 3269 6518 3000
871 15 8668 2590
4050 1300 6477 6203
4249 1669 2970 6067
1108 3205 6710 9089
2659 3968 619 818
649 2597 2776 2467
106 4019 1602 9224
438 3814 919 8163
4457 305 535 6551
3261 1459 1537 8821
4295 2771 6661 45
3596 1866 8734 810
1408 3522 7971 2006
4878 347 5487 2054
3785 1636 7025 2690
4253 1849 1356 6634
4684 799 1656 4413
700 4567 8304 5812
2574 2375 5304 2967
4773 921 2313 6440
1214 4430 778 3676
4903 4851 7620 8208
3435 1104 2753 4681
2742 412 2010 7770
3402 128 6511 2572
3472 143 5689 9381
1510 3934 6273 9348
2023 4681 9673 4452
2933 2539 3409 9136
2795 4776 4885 8640
386 246 1549 1306
1862 4989 383 8791
2068 181 3700 8045
4427 2069 9230 2171
3097 1751 5552 8291
4038 3019 492 169
1284 3121 6349 2887
262 3759 8890 7797
3688 4034 5254 5028
3775 576 4959 2462
3091 3716 3170 3687
3220 572 6740 5670
4755 3447 407 9983
2058 4494 5409 246
2606 937 711 5567
4143 2586 4805 7605
1359 1800 1016 9802
3064 3142 9044 6825
1663 4414 4961 7632
2543 2162 1482 4819
802 4003 9200 9641
2206 510 3551 1521
2382 2593 1745 1544
1316 1225 7848 601
3316 1508 4861 7890
963 1942 1551 8902
568 1423 7988 8297
817 2858 7942 5527
4400 4619 1809 7433
1979 4353 6721 2883
462 4750 3339 1987
2704 2558 2477 1082
1946 3134 463 1418
291 2805 8387 8289
3878 1419 3465 4841
3498 3305 8051 903
3029 58 4945 1811
837 3299 6756 2512
2558 3740 4391 1431
2990 2700 3144 4603
4966 1565 7776 9062
2100 480 1980 4380
2533 1395 8461 758
2882 900 5903 9961
132 4188 371 862
62 76 8350 8478
1076 3198 7014 1237
2691 3118 4834 4165
4654 1691 4068 2348
164 2005 4979 277
285 360 2543 3620
4708 3127 2937 1366
3509 2485 5986 4374
281 4278 4443 8471
1283 3975 2973 6941
3522 1513 6643 753
3478 1009 7950 2433
1428 3063 8784 4452
1328 3184 6978 6344
2192 3674 786 6226
631 54 3095 7544
3941 390 5445 6415
4229 2216 6368 1988
2071 1378 9182 9295
286 2575 5874 8457
2447 4441 8072 4116
3142 1982 2671 3363
1122 4970 7852 4757
2104 2432 7458 6134
181 4459 9081 2890
1084 2078 159 7690
505 302 2658 6883
3263 1417 5592 150
4454 2946 1299 1668
138 459 8653 1097
2232 4581 8214 9483
820 216 3144 8828
1673 3776 1538 4306
1264 4635 6855 2919
1320 2115 1095 9678
1878 3109 2460 6800
3480 2503 3324 4173
1793 3411 8646 2262
861 3717 8722 2793
3537 3243 7337 1328
3793 65 5702 5054
3324 668 8198 9101
1839 2088 4624 9907
3557 1529 5599 9442
3394 383 5111 3837
1592 4845 8223 5545
508 1557 9328 4295
2985 2399 7892 3623
4917 3349 1975 8277
460 2945 1120 107
450 2309 6041 9909
3775 2214 9578 7301
4752 1006 4448 6435
916 2634 5030 273
3187 1753 499 1655
3031 336 8185 6106
2213 744 2611 7416
134 3094 2192 4121
2842 836 2015 4415
1686 740 9396 2256
4233 3897 9315 3612
294 3669 8062 1260
3368 3105 616 62
378 4761 7860 5384
533 1958 4792 1391
1353 164 3101 1035
1481 3395 3365 7604
197 309 7363 3585
714 2672 8491 8742
4905 619 9695 8569
222 1053 3258 8879
758 2443 1219 7519
3984 4462 9587 164
9 32 2526 825
4008 1087 3731 9178
4597 111 3934 1367
3485 4041 6432 3433
963 4726 3605 9996
458 168 8780 5046
3643 3289 3043 1802
4495 1113 9635 119
557 3563 671 9919
2873 413 9533 4937
532 1818 5225 1981
3570 3666 2423 8506
3850 294 4568 6605
2183 1680 1839 3983
4689 4039 9705 2078
3936 2478 7701 2094
1142 1200 1857 9048
1506 2152 6257 8758
2224 2509 6215 4354
222 1475 7765 9393
4740 3014 3248 6137
1218 695 7204 4356
2791 619 6490 3169
2863 580 5349 8718
916 2521 3754 4784
940 3406 3620 2090
4430 2901 2025 996
2749 1461 4108 7500
621 2666 8906 8941
3521 1301 1853 9387
1601 1749 4640 4840
2883 2105 5130 1349
345 1947 5857 6137
801 1499 1794 6696
2695 4275 3175 9344
2536 2655 1026 5001
2270 2559 8299 3953
1054 4896 3352 4213
4872 2891 4982 6389
930 3954 8806 6024
1123 1479 5195 5217
16 4360 7677 2822
4005 595 267 1447
3755 2238 1949 8771
353 1576 2466 985
209 16 5844 3884
27 1624 7933 7795
1460 462 5896 8330
3899 662 807 4419
213 4678 5769 8480
1030 4242 5695 2181
1533 3768 1891 7881
4885 4226 4466 2541
1585 4399 8156 5583
1322 4865 37 8553
4219 91 6074 7286
3449 1057 3503 5607
2028 4968 6392 5106
635 3777 2819 282
2823 3472 3411 6371
2986 1455 5605 6385
1335 2636 1842 3870
2224 3703 7367 9440
2666 847 7026 1518
1286 3763 8832 8262
2747 476 2089 8317
299 4937 7375 143
1925 2560 3655 8638
4900 4073 6984 4031
1744 3743 4394 6828
1323 943 2738 3849
2186 4698 1648 2152
435 721 3110 8364
1444 3589 2727 646
1129 4968 3231 9455
3555 4327 2832 5504
4830 3969 495 4377
4257 566 2864 8222
1829 739 609 584
4531 4605 9471 788
4449 1005 4747 9900
2762 338 7950 9025
2415 144 5486 3740
1571 4135 5165 2174
3320 1929 5208 7113
2900 3748 9950 9121
3527 2281 3456 7865
4122 1531 8850 9283
3175 3911 1456 2992
766 4756 6641 6869
868 1340 9567 3162
475 4553 3593 4071
844 4425 1506 3284
4939 4416 759 327
3009 875 2878 9670
2767 2266 9146 1324
2515 1909 880 6507
4363 39 7136 9914
725 2858 7218 2446
2369 3312 468 8688
1180 3897 8783 567
4738 4156 3370 4788
770 722 7095 7728
2969 3828 3022 3066
2610 814 9290 1333
3570 1372 9512 5985
1407 2332 495 5563
3015 4655 9975 1520
2077 1459 9405 8864
305 452 4764 3773
2711 2166 7839 6373
4538 1244 3195 1352
2477 4234 343 8166
3296 4345 1198 7385
4104 2270 9427 2598
880 3616 1237 8319
3008 981 4769 5676
684 1643 1197 4916
3682 2547 4521 7896
1653 4446 4895 6430
470 2691 8756 4215
2968 3132 2556 9624
51 264 6709 6917
4169 3684 5029 3082
2884 4660 181 6557
1307 1274 7139 7016
4865 4262 6719 9657
3302 761 21 5680
128 3510 9652 1317
3101 3761 7550 8535
608 4600 2528 7534
3430 3277 7031 5384
214 2443 1570 9065
2941 3224 1751 283
1974 2840 1746 4572
3673 545 8173 8544
490 4373 8962 5311
4770 1548 7004 6224
2259 2518 5351 6710
646 3254 3197 7003
4089 1595 6020 5800
2993 3058 1757 5253
3757 3054 205 634
3058 1268 1695 1124
3231 3456 1449 6746
2966 2809 3463 2743
4702 2864 4638 3535
851 1078 2664 9179
1188 994 4924 3466
563 415 8393 5380
2397 905 6317 4572
4843 1751 5976 2584
3209 4465 7395 1034
4143 4072 5859 2855
4649 2703 1072 3107
910 1606 4788 9580
3568 945 5492 2455
4630 2529 508 1469
2517 4390 4623 8373
1376 1694 9749 8848
2627 1201 9141 5609
1113 3640 9061 6709
1978 2444 2877 6080
3679 1953 5897 7475
3141 993 4684 5493
3526 3389 9996 1135
182 531 6420 270
2517 146 4713 3255
3733 3536 496 5299
2707 4969 6647 3096
2428 2821 1238 7189
3066 4862 8952 5346
3731 3614 6586 7491
630 4427 7147 667
835 3087 8838 847
4933 3062 4136 7350
3965 2407 1935 3555
4802 1389 9153 7815
4425 1798 6358 7887
4597 2414 7226 96
2145 2571 6282 9580
1564 1036 6582 7496
3634 3088 2617 76
2343 4087 2817 4171
2792 943 5713 3388
1157 3891 8836 3953
1578 149 650 1634
2564 54 1353 3070
1084 630 2663 5670
3005 3713 1835 5040
4465 316 3395 3799
4241 1796 9284 9310
3693 3086 9161 1115
3990 2906 347 4463
479 2203 7657 4105
1077 1764 9729 5962
2073 1273 432 6707
1746 3275 6112 9901
842 1185 9190 6029
2110 69 9450 3519
983 541 9575 5859
507 4134 1440 968
1573 3038 7060 5795
3121 3538 5663 475
1000 591 6408 1149
2565 1398 6784 4052
681 4691 5466 5373
1756 4895 2605 6450
4290 778 9122 6822
100 4254 1108 1316
3499 2617 5213 9883
3417 1421 9585 7118
3043 1896 1712 6265
529 3618 7600 9720
563 574 2578 1332
262 2356 8642 5702
343 4007 5263 5172
159 2860 8779 9244
2122 4203 5264 357
3146 1463 425 5406
816 4045 9639 2244
2535 2031 7063 2532
2226 2760 6578 7233
4218 3166 1878 4147
1057 322 6245 6585
1712 866 9346 9828
2883 4539 809 5581
1150 493 9868 2170
4484 4641 4755 4506
2253 4715 7205 7712
1829 1924 9447 7367
2828 665 3185 2924
4470 2619 7016 2349
2470 189 7227 6343
2160 1494 5782 7998
2238 4361 7544 6832
4671 3350 140 3494
1473 4520 6983 6195
1540 1570 2505 7189
1052 1294 6568 8509
1275 2455 2697 5094
200 2525 4985 932
4358 298 8433 8497
1055 988 4320 3515
313 652 8038 7356
4173 2379 1111 6117
4823 4914 5345 7373
892 3706 3721 3510
2160 2869 1409 5599
2195 2888 2247 7421
3870 77 2007 3585
4186 1323 1541 3349
464 549 7355 2161
1095 2936 7181 5971
4496 2352 4744 4851
3588 471 760 4716
4161 3452 3036 5382
4084 4474 8239 8650
3446 1556 990 7741
306 2899 1850 8061
2792 342 1046 1970
1149 1409 685 4361
1882 2971 4309 2750
2692 4296 9511 7801
3490 3880 5258 490
3846 2757 3748 9918
4482 4897 4126 1617
1327 3615 7161 8651
638 3170 3259 4173
613 2777 6793 4313
2508 4066 4909 3217
1706 3752 250 3281
170 2585 3932 5432
1300 860 2070 3304
4123 775 4951 6480
417 1070 4976 2089
4542 4284 6517 5417
283 4838 8041 2581
3608 1406 5816 8302
3787 4307 8001 1773
681 4288 3501 6235
382 4991 4814 9269
1857 996 6514 2237
499 1709 7169 7546
471 1873 2036 4173
3318 862 6827 7746
740 1960 8724 2387
2872 4195 7029 1625
1293 2465 2051 8334
3754 1594 9705 3815
3956 2537 5682 2124
3737 2137 9877 2668
137 1550 2853 4883
3788 2627 7257 3624
3026 92 9938 1080
3834 4620 1660 395
3170 2284 673 3085
965 2583 4091 9631
3904 1613 5145 5410
911 3630 4719 6818
4815 4802 6789 1794
2823 668 2026 5301
4419 2689 4833 2560
2115 4724 7424 5851
1853 4547 6725 6745
4582 230 5198 5212
3087 1734 7843 7846
3268 3176 9570 7394
1768 2035 3487 9025
171 3280 7663 3959
3024 2256 4373 9367
2436 2229 2244 4623
2934 4046 388 4120
1141 3396 8869 4304
1225 3470 1040 3043
1801 4636 2153 2416
4919 4949 6908 740
264 2662 1999 606
1832 4912 8076 4931
3802 4869 9724 6453
1238 2160 7366 8542
3535 1921 7584 6460
1385 3457 2481 293
991 2759 9013 6121
174 1102 1097 7901
809 31 7717 1594
211 1549 3340 9165
3539 3974 2679 2707
4903 3392 3228 2010
60 191 5477 45
2440 2410 6410 7706
1184 1461 350 1542
1290 790 610 9115
1026 1220 6526 3852
3210 1491 2353 7929
1896 4246 9300 5605
1987 1769 6626 8851
1678 3684 371 9681
911 919 5341 6427
4401 1745 9181 8843
3035 1618 5212 9357
3077 1554 25 1767
1222 4358 9925 4055
2910 4548 5707 2528
384 2621 5219 2453
4785 3661 8217 6743
788 4298 8526 7189
10 2038 182 6309
881 3826 4097 7504
