2502 4997
2037 1 1755 3547
602 1784 7421 40
1784 101 6946 9701
1784 1845 4332 7509
1784 2033 8361 4486
1 2279 2079 929
1776 1 9489 2107
1035 1784 6030 6668
1680 1784 9657 9290
686 1784 5210 8925
1131 1 2972 2435
1784 2039 4467 8928
1784 754 2158 8295
2096 1784 8579 9159
570 1 6889 5596
1784 1778 8561 331
2112 1784 3973 8505
281 1 3335 1643
869 1 8269 6464
1 552 3043 8288
1357 1784 9944 8464
1784 26 8188 3747
1712 1 7221 6960
2124 1784 1502 8888
1667 1784 3730 3656
1301 1784 9260 9243
1784 729 9870 5435
1052 1784 5425 8135
1784 791 9202 9620
1441 1784 1843 9046
33 1 2061 4182
144 1784 2357 8550
1 185 9610 2846
1 1513 8310 3268
477 1 4761 3311
2458 1 1844 3396
1006 1784 4781 5496
1 2393 6179 8679
192 1784 4343 8010
581 1784 6840 8056
1 728 7130 9335
1 857 5049 3366
1582 1 4498 2181
1 24 122 7887
2454 1 2124 8173
1317 1784 1045 4517
1625 1784 9057 9283
1784 1412 5066 8425
1 10 3817 2586
201 1 9620 7968
1784 587 6887 3371
1 648 5110 5354
1784 1890 8442 4860
2050 1 6659 8631
1784 707 2875 3928
807 1 1372 8024
2249 1 603 3426
2195 1 2871 5581
1 1845 5572 359
1784 196 4294 66
323 1784 7639 7036
1 628 3567 2601
1 2112 8125 201
1784 996 9281 9566
2090 1784 7324 384
500 1784 9382 3961
4 1784 4245 226
1093 1784 6008 6887
721 1 3997 1401
1513 1784 885 5165
1784 1268 2899 41
1 2260 6354 518
1784 902 3723 5176
1 564 2400 9080
1706 1784 2389 8444
1 172 7607 6775
1 839 4810 8243
1784 1263 1460 5341
1 1448 137 2428
888 1784 9486 9102
745 1 5729 1597
1784 1600 1652 3738
2357 1784 4 340
2179 1784 4890 8596
75 1784 1991 5985
1 2481 885 6165
357 1 2576 4418
1639 1784 3349 3036
1 375 2693 9041
225 1784 9988 722
325 1 978 2842
870 1 3454 2780
419 1784 942 4976
1 886 8854 2983
1345 1 1243 9511
2362 1 5873 72
1957 1 9551 3334
307 1 8115 4125
609 1 4141 1394
1564 1784 8958 8465
1754 1784 2705 5411
1 682 9687 7393
1784 1161 9522 5148
2227 1784 6228 8323
1 1856 1003 6128
1894 1 2888 7043
804 1784 83 8889
837 1784 2996 1545
782 1784 5687 3585
1 1467 6250 4729
1 1788 4055 2975
730 1784 3164 8659
2115 1 7033 2942
1784 279 2676 6460
706 1 1519 558
2046 1784 6879 9424
1784 777 838 9410
2265 1784 6346 9517
1972 1784 5082 3229
1 219 1649 6870
1 932 8674 5466
1784 1494 3791 6125
2041 1784 7346 8236
1784 383 7761 1417
152 1 4030 3291
1784 2201 7100 6863
1 459 4699 1385
2380 1 5121 9269
1637 1 7062 3263
1784 340 2078 7188
40 1 6081 4622
1 1683 1648 7140
2018 1784 9221 2848
1784 1108 5733 2980
1784 248 4423 8337
543 1784 4849 2854
69 1 3179 8956
1784 1546 4620 2689
494 1784 8940 9102
1 95 626 7165
1921 1 1888 5551
1541 1 9602 2377
2094 1 5910 108
1784 814 1926 1956
1784 865 3717 7398
942 1 5700 6527
1 1593 2872 7369
758 1 3405 1014
1364 1784 4645 761
1446 1784 2663 9575
1 1265 4633 6589
1784 519 3677 7371
1784 1918 2540 4148
1784 1823 9766 7294
1784 2430 1915 3028
1784 242 3169 4035
1784 1153 685 9270
1 2192 4880 7148
1 2058 6096 1536
1 1089 4450 258
1409 1784 6959 2510
1 927 4600 9257
1273 1784 714 9277
2403 1784 5609 8787
1 488 7785 7330
1784 250 5696 6128
1784 2407 1941 388
2402 1 7333 7246
603 1784 6844 4067
569 1784 9937 5106
1 438 4231 4035
2232 1784 44 1561
1171 1784 8555 4041
1901 1 1022 9466
1784 2114 9652 803
1784 1889 9804 4871
1978 1 8756 8219
1 263 7045 2004
260 1784 3398 1420
393 1 512 5400
1 1317 2369 6623
1784 829 8494 3030
1818 1784 5660 5875
1935 1784 3884 9186
1831 1 1599 4036
2489 1 1899 7359
1 1767 6785 7131
2497 1784 480 6186
733 1784 2725 415
1 556 1248 3432
1784 1309 9796 5890
564 1784 3157 6069
1 2128 5824 410
1 1429 4256 4778
1784 1474 9182 8257
1784 89 8758 6790
131 1784 7873 1927
1 1466 2170 7834
1538 1784 5066 9861
1114 1 6614 2002
1853 1 4387 7564
541 1784 4060 8940
586 1 7116 6011
1784 2456 2473 9394
228 1784 3924 7660
2218 1 1483 416
1784 559 4469 9878
335 1 597 9778
1 2392 655 5746
1 312 7524 601
960 1 5168 9271
1784 698 1151 1194
1784 48 4789 7512
1498 1 3643 5422
1 1339 1510 1806
1784 2217 4267 165
355 1 2241 8368
1 1981 2325 4737
756 1784 5455 8658
1 1062 9798 7078
1 8 7365 7462
1784 1375 2338 4508
1784 2017 7800 8938
1094 1 7979 9969
162 1 9570 6522
1784 1573 5302 4714
128 1 8916 8449
1 2412 166 334
681 1 9210 6773
1 963 263 9836
1784 2196 280 9474
994 1784 2017 7611
1784 2477 7709 4065
83 1784 5914 9463
1784 1453 5300 8460
742 1784 3553 2816
810 1 8926 4609
2177 1 8042 2846
636 1 4622 6067
1 2408 3716 8421
1784 1544 8024 6463
353 1784 1423 7543
1613 1784 6398 9024
1 456 592 4509
1 1148 9675 9071
1326 1784 6556 6237
1026 1 2606 1168
1 2201 5099 8430
2257 1784 467 7532
1 365 6751 5432
1784 803 3726 7340
1 337 2746 4571
1784 1163 3464 6124
1 421 7622 5619
1784 431 104 3298
356 1784 3978 3745
1 1434 2427 4727
1829 1784 7259 7118
1784 1636 931 8615
512 1 1454 7282
1701 1 8767 8150
1543 1784 3450 4855
1 98 2064 8127
2006 1784 5726 1562
606 1 4581 4260
1024 1416 4884 6685
112 1784 1562 8412
1784 2315 1589 5393
1 260 3598 1417
1784 2013 9248 9440
1586 1784 702 9336
1245 1784 1871 5575
1 576 1396 9168
1496 1784 5990 4494
2300 1 2884 2162
1784 744 9403 2115
1 1142 799 1645
1 1993 243 2083
1784 1877 8974 217
1 1228 19 6591
1 1764 6655 4618
1900 1 880 113
1 2331 6477 342
1496 1 2325 7500
1879 1784 3728 4210
1784 1571 5566 6541
1450 1 7523 6809
1 2254 7278 4257
1835 1 2139 767
1 831 5685 7489
1735 1 8804 4957
1977 1 331 770
1784 1399 7732 4264
1 622 1990 8158
1 2272 6124 8405
523 1784 6427 2941
1784 847 58 183
372 1 1831 5545
1091 1 9419 4148
1784 1794 2666 6682
1037 1784 687 484
1784 198 4387 7304
1784 82 4829 1281
887 1 76 2407
921 1 592 5635
1 854 1481 8296
1680 1 3152 7289
336 1784 9969 498
1 474 3063 6480
1 1281 8119 3169
1784 1135 3153 5464
1 1485 562 9395
1 1262 8093 2026
1346 1 6962 4738
921 1784 5351 8678
1 752 2 197
2116 1 5776 1893
879 1 3651 8918
220 1 5809 2911
1 956 957 3074
1690 1784 4240 4338
2301 1784 8265 6397
1891 1 9487 6246
251 1 2788 88
1784 1833 2926 8711
1784 2062 2669 9050
2285 1784 473 3578
140 1784 1355 5191
1784 1214 5221 2620
1784 1383 8153 2998
1 1516 3833 294
1784 2391 3508 5
2074 1784 3415 3875
1784 2442 4698 556
2068 1784 4270 3960
1 1877 4101 8582
1784 826 8848 2898
1784 72 5176 5473
1458 1 6353 9927
1 150 6762 2349
623 1 6702 4134
528 1784 2973 5185
150 1784 1924 850
1784 1018 7934 6137
1 2028 586 4880
1685 1 5271 7708
1 1533 5858 3000
1626 1 3584 3352
958 1 6837 6272
1 909 8576 8177
200 1 5552 1743
1678 1 2171 9314
604 1 6805 3874
1 286 763 1034
1685 1784 9034 6124
533 1 4413 9425
1 2162 3610 2374
1 1803 191 3762
1095 1 6939 5896
1 1286 746 7672
1318 1784 9671 6847
2003 1 6617 2459
893 1 3037 8064
2206 1 1799 2529
577 1784 1042 545
1322 1 4160 8023
1016 1784 9498 3330
926 1784 1554 5983
1245 1 9594 7559
520 1784 6802 2951
464 1784 3764 2613
1 1628 5227 150
1708 1 3188 9050
1643 1784 1821 8060
2453 1 3217 2291
1 826 1399 4507
1 568 9855 7736
1657 1 3522 1416
1848 1784 9707 8450
1784 210 5910 2827
1784 1338 706 8371
1212 1 706 7686
1 2002 1635 1521
1784 2057 7702 2986
873 1784 9123 9092
2214 1784 9004 3236
1 1801 3710 6081
1784 712 4379 5951
1938 1 6401 7235
1 2444 9322 4329
1576 1784 5737 4135
1 1587 7055 7352
2309 1 5926 7632
871 1 7400 989
309 1 1908 8120
1 1660 3726 1701
1896 1784 5564 3711
1 155 3143 9958
2105 1 170 9334
1784 107 9269 2697
1 195 1586 8421
650 1784 5311 4423
1 2226 4840 2864
2126 1784 7921 1703
1784 1511 9172 9997
176 1784 7545 741
1 783 5745 2983
1197 1 8928 9868
1784 631 9828 7391
1784 1319 4253 3324
1268 1 1653 1341
1 408 5356 3675
1 840 4969 3822
1459 1 1567 8781
51 1784 6074 1440
1 2241 4009 8263
1 367 1732 9932
1353 1 9523 3980
780 1 2549 4098
1784 1900 7918 793
2078 1784 893 5091
1 452 3694 3177
1 2132 4729 6778
1784 664 5904 1105
2146 1 523 4604
2470 1 9709 8818
1784 1714 8026 1891
2472 1784 2213 6047
1784 1298 6312 5649
1784 658 9527 4109
1 1899 9093 8473
1 945 4526 9617
497 1784 6688 8164
1036 1784 9771 3258
993 1784 8742 4121
1336 1 6212 3380
1784 1009 5198 8665
1897 1 7942 1375
645 1784 2754 8256
1 133 9694 6103
1 846 9671 1539
1839 1784 3888 7711
619 1 1211 2853
1 2472 4653 5693
362 1 6897 7582
1784 13 7494 1640
1 817 7502 7405
1 2497 4634 721
1547 1784 5544 6414
1784 1851 8056 6648
1 1511 6334 6016
1 1098 5412 5690
1099 1 3252 137
2084 1784 9778 4993
1784 2082 2388 235
72 1 6838 4536
798 1784 8862 5904
1784 1177 2321 703
1784 2171 5231 6451
2354 1 7391 9843
1 658 3183 413
1784 1772 5221 9990
1784 1445 1943 1122
594 1784 581 3185
349 1784 1039 2916
1784 1390 2268 2341
1784 2443 8593 1133
1 1153 863 2140
1784 2012 4111 355
1 1623 3258 6390
618 1784 7696 1150
1 1417 2315 5619
1777 1 4028 4879
1 514 3006 4480
1784 1830 9329 5108
1 1475 902 815
122 1 6218 4503
1784 918 1749 9362
1 1841 6778 9806
1273 1 2957 5514
1784 80 5361 5292
1 1174 4294 3549
1615 1 2251 8468
2248 1784 3564 9243
1561 1784 1563 4614
1563 1784 6677 6129
1 265 5074 3343
1 813 8371 6136
701 1784 5521 5649
1838 1784 5092 5134
677 1784 36 7849
794 1 7048 1230
1 1476 8358 2773
1784 63 9944 6742
1 1885 7186 2624
1784 795 2588 7892
1043 1784 6303 584
1784 684 706 5539
1784 2230 523 2492
1784 991 5248 9639
1 985 7429 7267
1 1082 4844 9772
1784 2015 1580 3612
1 1210 7040 868
1705 1 7602 7123
1784 384 9597 2919
374 1784 9653 7007
1784 1226 9744 4938
2337 1784 1657 6874
1022 1 4470 731
1010 1784 1472 5152
1 1397 3772 8132
2416 1784 2407 8551
704 1 5982 8115
1 2379 8062 2734
2283 1 2823 2992
1784 1974 917 5085
206 1784 5238 1651
805 1 1024 3904
333 1784 7864 7050
586 1784 2268 6278
638 1 1483 3671
473 1 1503 4611
1953 1 3966 6974
1784 1580 1366 567
1795 1 4741 1264
1966 1 3138 2881
1440 1 2381 1782
2377 1 3260 3494
267 1 9467 9556
1597 1 2045 9169
961 1 5452 4711
1733 1784 1313 3471
1 81 8726 5658
1784 1898 3183 8548
2152 1784 5979 7970
1705 1784 9854 6433
571 1784 3012 9519
76 1784 5772 3044
1784 1069 2714 1821
1784 285 4457 4525
1784 1169 7308 6190
1 762 1736 2499
1 1291 4721 3142
1 999 8585 4071
1 654 713 1746
1439 1784 7171 5183
1034 1 355 3642
950 1 7087 601
1 1412 5586 563
1 1585 9889 7176
1784 207 6550 1484
1 1183 5292 84
135 1784 4801 8976
1168 1784 6206 826
1207 1 3752 4587
1 1691 2902 8396
2280 1 6529 1964
1821 1784 3585 3001
1280 1784 5252 3569
1 2321 3099 9531
223 1784 2701 3609
2434 1784 8238 823
2122 1 310 4625
1 49 7987 5567
1784 1328 7074 9786
1926 1 5173 2410
1374 1784 9750 7854
1007 1784 4943 4143
1784 960 3270 4517
2433 1 6528 6284
1928 1 1639 8169
1 1594 4398 4220
1 523 3885 5256
980 1 4720 6549
1784 702 6933 8604
1 1422 9379 4585
2226 1784 1130 5666
1612 1784 3745 7847
1784 597 4446 8006
1550 1784 8771 4170
1277 1 9450 6371
301 1 3964 2923
1119 1784 2748 3485
1 2151 2323 8301
843 1784 1342 4247
426 1 7301 1762
1784 448 1845 566
1 1526 6168 4225
2006 1 4611 1672
2116 1784 6110 3301
1 1349 4708 6707
1784 634 5031 6535
1 2480 9465 124
1784 1588 1389 3477
2435 1784 170 7479
1784 2185 2519 5996
1784 2426 6812 915
1 1700 9017 1425
1 2308 8925 8004
920 1 6384 4752
2066 1784 5189 6343
1074 1 4094 9927
1784 1610 9447 5971
2192 1784 737 920
1 1792 6734 4607
1 997 6222 8505
551 1 3074 9111
1784 2495 7242 2458
1784 379 6662 3481
1 7 7726 5217
2398 1784 5381 5217
1574 1 2113 137
1784 1724 2278 2736
1354 1 40 2091
978 1 5391 7421
700 1784 4092 644
1 394 6282 4131
1 1390 4554 88
1784 95 8374 3817
934 1 1796 6411
1952 1 24 1397
262 1 1606 6145
1784 1871 5178 2485
1784 1003 9651 3820
1784 1799 372 4068
1 2047 7770 1745
1 1969 7616 2411
2016 1 1043 5837
1419 1784 4100 9693
1922 1 9815 8690
1784 766 1522 1539
1345 1784 9946 1407
1784 2146 4786 3165
18 1 5364 2648
558 1784 616 8076
640 1 3584 1787
1 413 6219 386
1067 1784 4414 4469
1784 1661 9283 2860
1 2317 7211 5155
1453 1 6065 8918
1 144 9781 9700
1784 308 3184 5457
1784 2319 1408 3437
1987 1784 7265 6990
1 802 2325 9748
1445 1 1498 8807
1 1725 4561 2037
1 451 1777 7120
257 1784 2368 6457
929 1784 1486 5387
848 1 2542 1319
1784 1157 798 7651
1 626 6694 439
1542 1784 8084 8070
1784 1629 6555 3288
1880 1784 2965 1584
60 1 7928 6779
1784 924 5013 2265
1229 1784 2861 3927
2469 1784 8672 7794
1 1129 9313 2519
1784 133 7481 7816
1734 1 1253 5937
1 2173 9597 1246
536 1 7970 5685
1784 2347 7859 6373
1 32 1513 1108
1 1815 5540 7898
2194 1 213 5144
1925 1784 3796 2668
1784 1678 1904 3790
1203 1 3678 398
982 1784 9499 5824
385 1 3748 7614
1 2471 9755 9496
1 1047 9724 6469
979 1784 2030 5283
1784 900 7990 6343
1 1525 7726 8591
1 877 3090 9618
1784 709 848 5811
1784 21 2878 8472
892 1 4188 8195
1924 1 5737 633
1 2494 6279 5932
1 1667 9016 9664
1569 1 9976 9573
1 116 9851 725
1 79 6137 88
1189 1784 6581 7100
1 2223 4729 8771
1 294 6562 748
1784 2009 6907 7070
1 2085 5572 3485
1784 1559 9113 9883
1 1407 1777 9105
1784 2065 2610 7584
1777 1784 9821 4129
1 1866 8230 6600
1784 1459 4369 6717
1392 1 7447 7624
739 1 5865 8004
760 1784 4684 9780
1844 1 4743 815
1784 959 221 3523
1743 1784 5883 7040
1 2320 6732 4590
1 381 419 5544
1 216 2621 1630
1784 2203 5814 8111
2076 1784 8622 8633
1 1419 8653 2554
413 1784 4310 8315
1784 1045 6428 5777
2208 1784 7169 7885
2347 1 1084 5662
1 1241 1735 7988
2286 1 3763 8908
1164 1784 7236 3860
1917 1 7958 1447
1784 740 1191 7768
1 736 582 1280
2247 1 4235 7169
1 1892 4608 1867
743 1 7541 1090
662 1784 1093 9136
1784 1053 1106 8619
2001 1784 9566 224
1784 687 4715 4019
1 520 4652 7060
1784 2355 6977 3834
1784 1556 928 9463
1682 1 7091 9694
510 1 3662 3124
1264 1784 7238 8308
1 1335 9167 8854
1754 1 6415 3625
1 1008 6777 1190
1 141 8124 658
917 1 514 36
580 1 3985 4331
1 1361 6033 3247
1124 1784 9359 5125
1413 1784 1585 3616
1312 1 4289 7001
587 1 3253 9481
1517 1784 5044 8521
1784 453 5838 5693
1784 1802 6269 6455
1784 1353 7507 3519
1784 2242 2952 6013
295 1784 2148 8896
1784 1136 7223 5799
1421 1 4283 6935
2318 1784 8750 2776
1 4 5872 3728
1076 1784 7667 4716
392 1 8726 5296
510 1784 5323 3905
1784 1115 859 3770
1 249 4719 6963
1784 933 1472 3812
1 1684 2384 8115
1784 595 387 9317
1 1451 3994 2890
1832 1784 5926 9666
1 1140 2728 1867
1386 1784 8650 7972
1784 1201 4881 6602
538 1784 713 2297
1784 218 7780 1303
1 2233 8773 7654
1 310 9404 4884
2169 1 125 8188
1784 1536 9856 4660
1372 1 5826 677
1 391 8059 6119
389 1784 2220 5571
1039 1784 2007 1156
1 1839 803 3988
1 2031 8386 7964
1664 1784 5236 1113
2160 1784 6963 8429
1 699 6938 2446
1676 1784 5714 7654
1 2188 872 1280
1784 1097 7302 2377
1784 1145 4108 3048
1784 1689 7911 5796
1288 1784 2998 1877
1784 1401 7661 4240
2293 1 7393 1906
1 1004 9469 2524
199 1784 7231 9553
2071 1784 450 7663
1784 1804 5632 785
1784 583 8398 2478
178 1 5373 9362
2122 1784 7062 8391
1784 2273 5679 6266
1784 2433 7976 8106
189 1 6607 5979
1 321 3127 491
1 2341 3266 5952
1735 1784 9834 368
224 1 1988 777
285 1 1374 5226
1383 1 4708 7482
284 1784 8465 6288
1784 1683 1369 3709
456 1784 4565 3945
1 1225 5707 5304
1410 1 8850 3958
1692 1784 7755 1828
1 777 5078 2370
956 1784 3733 6341
887 1784 2726 304
231 1784 9033 1094
1 2410 6360 8320
1081 1784 1394 3489
1 2137 4538 7834
1784 1646 9525 3861
1 2036 3702 3513
845 1784 2331 1751
2053 1784 3104 245
1350 1 7944 7577
1 1254 9960 9108
1 1075 7293 7681
553 1 2543 8767
1784 2198 7380 9237
1784 1941 4585 2829
752 1784 6776 2630
1113 1784 1965 9846
547 1 26 8139
1784 797 6789 3488
1 323 6955 6666
787 1784 2517 4113
1784 1100 1959 9757
239 1784 501 2479
863 1784 8177 1760
1260 1 980 2856
1632 1 4858 2291
1784 1314 5438 4777
1 2065 7177 5007
1 913 5260 3900
1567 1 624 171
1 226 3650 1081
1 1248 7148 2803
1784 1712 5439 8315
1 345 9150 7286
1 1713 726 3796
1259 1 1581 2522
1 1630 5731 9386
1784 2093 8040 3218
1791 1 5824 2768
135 1 6736 4498
1784 182 8095 9610
1359 1784 2425 8070
216 1784 1557 5592
1217 1784 302 4357
2067 1784 3144 6181
1 973 5118 7821
1784 1455 4029 2067
1784 606 2177 4555
2427 1784 3902 659
1 2079 1880 9926
1784 1149 4939 2965
1907 1 4410 6947
1 2231 4551 3870
1 1857 8678 5610
1888 1784 7755 422
1784 748 7427 1899
1784 2136 2445 4276
1784 235 670 5705
1813 1 2327 8713
1 763 7963 3100
432 1784 3740 7430
1 1720 1136 7092
2142 1784 3868 7375
1784 936 1911 7805
457 1784 41 7927
1 1085 7271 8983
1 709 3840 273
1 579 6106 6840
1784 2104 884 7195
1784 2127 5987 8348
828 1784 7639 3084
317 1 147 1895
1784 1614 8568 1098
749 1 7610 6919
1060 1784 2653 7493
1 2027 8653 6471
1784 52 1679 7939
1784 1642 2392 3506
247 1 7717 5945
1627 1784 7557 2849
1135 1 1463 9491
1 2114 6019 3878
1 1843 4778 1116
1784 1768 1680 4836
1 1144 4975 8169
1799 1 1415 1257
1 929 8684 6285
1 1184 1705 8225
2426 1 7333 2275
588 1 6203 2932
1189 1 8230 4360
2418 1 7954 4234
1784 1490 8702 2589
489 1784 60 2873
1 2117 284 625
1600 1 6796 4883
1784 441 5733 1943
1 1078 9185 9018
1644 1784 4210 1477
316 1 265 2543
2419 1 2012 6571
599 1784 3611 4217
2266 1 6404 7789
1 2265 5485 2911
1179 1784 8472 9915
1784 2444 8982 3791
78 1784 8486 2027
1 563 6930 6313
772 1784 2201 8098
1984 1784 9421 7081
2289 1 2659 9038
1784 2048 6934 8804
1784 1916 8971 1027
9 1784 1044 4987
1784 1618 961 3472
1 613 5039 424
1784 1349 7622 5119
1871 1 1448 4547
1784 1722 8499 5797
1 1757 9776 621
1784 750 651 4468
1363 1784 312 9124
1955 1 9580 3345
1784 2101 2197 9234
2256 1 9374 5895
1784 1915 6972 788
1 1084 9914 545
1 343 2437 9255
1 1169 1830 1244
1784 2000 9698 6899
1101 1784 7542 6717
1956 1 8215 610
2334 1 7911 7825
1238 1784 3485 753
1 689 6069 9877
1 774 5953 8298
786 1 5006 1639
1679 1784 2421 1005
1 1145 4733 9901
759 1 232 1563
2496 1784 2013 920
1965 1 7568 270
1237 1784 7490 1827
1784 161 4434 8704
1242 1784 8882 6137
1798 1784 1215 4902
1 938 2019 1219
1784 479 9650 6934
1784 927 5035 2263
1690 1 9316 5060
911 1784 7704 5549
1 164 6308 2347
1218 1784 633 7265
97 1 9122 1736
1784 2042 4493 2341
1280 1 480 7496
2468 1784 4439 4146
630 1 9564 8105
2164 1784 5152 5567
2076 1 3627 8715
1 760 6697 5053
1 2039 9114 3043
1784 1143 239 5277
1 1256 6521 8241
1252 1 9940 5412
1784 1209 5295 5006
1 1532 4140 9632
976 1 2753 2723
1 825 8194 1908
922 1784 6487 9675
737 1784 810 6111
1784 1424 1729 1085
1698 1 4199 4295
1 2038 8562 4344
1784 1736 4407 5044
983 1784 1206 1776
1784 1156 4463 1204
1784 1471 8595 8483
1784 2283 9848 2676
1784 1170 6779 622
1 428 7501 409
2239 1784 7532 8227
1784 1114 7194 2183
1 1311 5781 8463
220 1784 637 3921
1666 1784 3472 6159
1 643 7135 5479
1370 1 2559 1946
1784 1651 3506 1962
2253 1784 6885 154
1219 1784 5716 8736
228 1 7573 3979
1784 656 8243 6477
1 1581 2215 1
893 1784 1782 2798
68 1 6313 1898
1784 2438 9592 1135
1 2155 2676 984
1 1271 5035 3135
1 2197 2681 4944
1 377 115 7814
2358 1784 7846 538
1441 1 8671 3621
597 1 9082 3885
204 1 952 5861
1217 1 4369 7085
857 1784 7947 9127
1784 753 3462 9841
1784 1017 2512 898
297 1784 2090 1819
1 841 2292 2723
1784 2183 2836 7534
931 1784 1762 2269
724 1 9040 1762
1784 723 7069 9514
1244 1784 384 4756
1 1211 3095 8811
269 1 1889 5279
420 1784 508 6528
1784 984 4411 4439
1784 874 8423 905
1784 1388 2643 4350
810 1784 4871 3127
807 1784 3647 4801
1074 1784 6356 5825
1 2327 179 7256
1784 410 5289 6672
1784 1356 6919 5302
129 1 5499 3292
1 298 3280 608
1 1747 8276 4546
563 1784 7368 8216
100 1 584 7314
1784 2471 9646 1923
1 463 7836 9681
1 1066 3932 5633
1 2487 7765 542
1243 1784 5930 6785
1 248 7102 7762
858 1784 4767 6230
1784 516 7915 4100
1 753 2186 9690
1784 2145 9946 8611
1840 1 2499 1992
1756 1 852 8224
1868 1 6152 1303
822 1 5140 9125
1784 1325 7325 4317
884 1784 6047 2444
1784 2174 9536 5713
1 1239 3886 8735
740 1 8733 7478
1784 1109 3600 5315
399 1784 7302 1290
1 832 7835 6233
1182 1784 5956 1045
2242 1 5380 9829
532 1 2679 1243
1 2434 5892 2989
1784 25 5131 5104
1188 1784 4847 4821
2458 1784 5843 4392
1784 1435 4295 1600
1958 1 6752 1949
1007 1 7000 2317
1784 1362 8818 2468
1 1816 1221 5707
1 2030 4756 966
2034 1 767 2070
1 1227 3018 7488
1525 1784 1089 7440
1 305 2060 9042
2100 1 2745 2622
1784 1278 6782 4382
1784 1624 2056 168
530 1 6510 8035
1 885 9160 8031
1784 2342 2145 5610
2155 1784 3281 1961
1784 1479 8061 8674
1784 1649 8442 8040
1285 1784 8048 9228
1 666 5128 6730
1328 1 7716 7321
1784 2040 941 9763
2061 1 8034 4848
2299 1784 6418 8791
504 1 2258 4364
1784 556 2557 6667
1 2025 2281 3389
1 1849 5641 4799
1784 1967 5141 6690
2452 1 4377 7625
1875 1 7780 4256
409 1784 6714 1735
1 17 2757 9542
1789 1 6065 2507
1138 1 1558 2345
1784 2478 7554 4972
1784 505 8629 4168
1 2001 8915 99
1973 1 3086 3287
1120 1 4690 4058
1 338 6532 3180
336 1 1697 7799
1 326 5860 5627
1784 1405 3228 4540
1 908 9105 4280
1 1100 6271 5065
1051 1784 8605 117
199 1 6994 750
1791 1784 619 8278
1 771 898 3663
1784 1652 8649 7205
252 1784 6274 7125
2439 1 4595 8566
1560 1 1124 5829
1633 1784 6858 9896
397 1 9327 7775
1488 1 4397 3833
1981 1784 1773 7926
783 1784 5325 1027
1784 2085 8686 1403
2045 1 8811 5469
1146 1 2089 7048
283 1 2966 7357
1784 2485 6051 1718
1 1216 7570 7390
1784 2091 9512 3276
1086 1 7824 7637
1072 1 7488 9932
2043 1784 1491 3255
2167 1 9270 4380
275 1784 7175 6453
1 257 1533 1000
1 86 4535 9325
891 1 6015 9705
1784 562 3759 595
1784 2128 630 9679
2431 1 5046 287
1 2040 3067 3779
277 1 5257 2686
1 933 2726 8824
1232 1 2586 9218
1784 158 9726 4376
726 1784 8608 9016
1425 1784 7718 7540
1784 1516 6036 4043
2400 1 9358 4578
1 1188 66 8166
1147 1784 9135 7914
2142 1 3151 6566
430 1784 8154 8478
1220 1 6887 8890
2406 1 1881 9469
1539 1 972 9953
1 1572 4787 169
1993 1784 289 9200
1784 303 2052 3683
1 894 4089 9013
1784 1297 6005 9633
1784 913 3926 1461
1784 682 5643 4722
1 1772 2427 317
1 1408 7425 3300
1512 1784 6666 2599
1 2411 211 863
1 1825 2654 8922
1 445 4332 6431
1 2084 8787 2727
1087 1784 1101 3298
1784 951 4123 8028
1083 1 7951 1014
184 1784 5904 2620
121 1784 1975 8360
1 2021 5351 2909
2421 1 2843 5792
1883 1784 8275 7351
1028 1784 5554 2768
1 1326 4738 8537
1982 1784 2334 2281
1784 1815 4026 6108
1 52 9465 683
2270 1 520 9837
828 1 1704 8398
1 633 9881 5206
192 1 4974 3990
600 1784 6917 1894
1 1738 2689 9463
1784 1641 1663 1292
1784 1443 2919 4388
1784 654 8667 9813
782 1 9173 9868
1423 1784 5757 8744
1 614 2881 3826
1 2339 1389 8128
2369 1784 1393 5530
1 1088 4835 4316
1784 1709 9388 7158
1 406 7735 5733
1784 871 1728 835
653 1 1599 5852
1 327 767 2078
1540 1 1922 7643
1 167 4465 8595
1784 2034 5475 336
1 574 4787 5986
1812 1784 5677 3665
2059 1 5151 6277
1784 1603 187 8801
1624 1 247 4951
1784 1686 8835 6673
1276 1 2615 6282
1784 318 5897 6541
1784 449 8427 9482
146 1 9408 3019
1784 108 7270 567
1 1656 6082 6750
1 6 2460 3854
2473 1784 4977 332
1784 1933 7125 2578
1784 2098 9967 1592
1457 1784 5891 4750
1 475 6419 6519
1784 488 4504 9643
1295 1784 7480 6065
1784 962 5334 7005
1557 1784 599 4693
1697 1 3619 2775
1784 1718 1880 8663
1784 359 5330 5767
2409 1 1145 5103
1 252 3269 5295
1420 1784 6356 3078
1 84 9684 4105
132 1 7734 4420
1963 1 9009 1509
2415 1784 8257 146
1 2488 5496 3084
1 1951 1802 1712
1784 557 3257 6404
1784 1261 4308 1659
1 274 2083 8883
1784 1617 5451 2851
169 1784 3625 975
1 1542 6966 564
1784 2014 1712 4702
1 2387 4460 9971
432 1 4700 9809
2461 1 7102 9994
1784 270 9415 4533
2295 1784 3533 8939
1784 2480 3731 3380
1784 397 6123 1316
1 729 2045 8871
1027 1784 3336 2052
2165 1 3182 979
1784 1464 9648 1344
1198 1 3687 1535
1784 2264 5531 8047
1784 1693 42 7726
1784 2102 1074 7897
1702 1784 4366 4443
337 1784 127 8606
662 1 1356 619
1365 1784 8054 5914
1 206 47 4589
1784 2143 4325 209
1784 897 4145 1084
1784 1505 114 8079
1186 1784 8642 7536
1 404 25 7066
1784 1961 5766 8579
1784 1906 43 7269
2383 1 8399 1106
1182 1 3057 3449
433 1784 3418 1895
894 1784 9252 8611
1 1046 4866 3586
994 1 2751 5309
2360 1784 6870 9647
964 1784 294 6362
1784 1014 6617 3648
1 259 6326 2031
1 1178 7110 2972
1426 1784 3083 3431
1784 458 292 1963
1944 1784 7478 4172
1 1994 829 714
120 1784 6540 5647
1784 166 7622 6291
1 1607 9537 7172
2159 1784 6776 4746
1041 1784 19 4976
1784 1849 5385 2554
1784 237 1059 5058
1898 1 4423 8945
1292 1784 8687 2215
1 1316 5166 180
1 1154 2100 5179
1 949 1605 3751
1784 844 7888 8524
348 1784 2953 2892
1233 1784 6844 6051
1 2401 4961 7157
937 1784 3307 4469
1 148 7102 1159
896 1784 9511 6137
1315 1784 7876 2951
1784 2334 3480 616
1622 1 4161 3053
1 2220 6653 6929
1 254 4617 3240
2018 1 6989 851
1 169 7276 1471
1784 467 5254 2049
1784 203 5785 1257
1784 672 2307 2427
1616 1784 8500 4045
1784 578 371 1207
1784 2372 2627 3739
1 1310 8771 5538
1363 1 3392 2065
342 1 6237 3246
1 2363 3162 1042
1784 2132 523 7051
2127 1 8922 7743
1784 1079 8310 7882
1 1793 3808 9508
2144 1784 1933 9116
2087 1784 8252 674
1784 1300 8611 7604
2019 1784 9605 840
1784 2279 4029 312
1251 1 2148 8601
1784 2317 5405 1171
955 1 6749 6138
1784 268 4967 4974
608 1 2612 1603
1 1163 2785 1749
1 543 4156 4485
1 1869 913 5062
1 2096 5202 7543
124 1 8339 5402
1809 1 1735 32
1 2240 1588 6957
272 1784 1649 2872
2021 1784 4889 4694
2162 1784 9121 2447
138 1 316 5667
1709 1 2656 5546
1 22 5025 9118
1669 1784 5049 1583
350 1 296 4713
54 1 8090 542
1 2060 6187 7143
874 1 9733 3196
1855 1 8675 9246
39 1784 1104 3837
1019 1784 8549 1185
976 1784 8546 2497
1784 643 948 6882
1 2022 793 6371
2425 1784 1041 7956
1573 1 4998 3587
661 1 5745 3079
642 1 3980 4041
1 1306 5518 7767
1784 344 3533 7059
50 1 9149 9237
735 1784 5499 3207
1202 1784 6833 6383
1693 1 4748 2632
1784 1695 535 6210
58 1784 8396 5537
2082 1 207 4929
1784 1816 943 3873
1784 971 9704 148
1784 1048 2033 6274
1 1575 514 3626
554 1 1646 1393
1 118 1855 644
1784 2350 5408 6319
93 1784 8976 4653
1 2134 2237 7784
324 1 5339 558
801 1784 9713 714
1838 1 7647 3311
1 2176 3451 3965
1191 1 9988 515
315 1 6606 8420
1784 2313 5625 2918
1784 2290 7495 1871
2501 1 1415 3577
1893 1784 4004 919
2247 1784 6703 4707
1784 978 4068 4942
1 2070 670 6849
2228 1784 6660 765
1 1454 9196 5666
1457 1 1217 2749
1 2450 337 3197
1 476 3540 2430
1858 1 3712 9601
560 1 7210 8769
1734 1784 1940 270
1784 472 9128 4549
2291 1784 629 3702
1784 806 9748 1967
525 1 593 9333
1784 249 6047 2931
1846 1 2629 824
1 806 7672 6702
1784 2172 396 2561
813 1784 7054 3084
1784 1500 7097 4983
1 1156 7335 6145
1440 1784 3394 9384
531 1 7382 3404
1784 1110 6810 6343
1 907 7257 7974
2075 1 6574 4106
1284 1 5633 5020
1784 439 9234 1240
2300 1784 8329 6800
2255 1784 4399 6596
92 1784 8567 5790
1 2373 2888 2780
501 1784 5597 863
1910 1784 3217 4282
1 702 6727 9289
2397 1784 33 9402
1784 1886 8342 659
142 1784 8251 1308
930 1784 5834 9888
1784 1708 5489 9929
1784 2311 2597 3316
1784 461 3547 2927
2106 1784 9478 8177
1 2071 1326 5114
1784 1595 9315 2229
1784 2010 2171 6067
1784 513 8441 4752
2491 1 1025 6388
398 1 4175 1999
1 1002 9321 7703
2263 1784 9672 7303
2399 1 4230 3657
1 1610 6782 3263
1784 1252 259 9622
104 1784 60 2762
2331 1784 3930 9897
932 1784 6827 3249
1601 1 9392 6037
2205 1 3616 2628
1784 2482 259 956
1784 1764 7223 2143
1 1773 167 2648
1784 1138 5169 2168
1204 1784 6895 3800
1 600 3537 392
1787 1 2585 3665
1 2131 203 7355
889 1 5292 3574
1302 1 4529 2445
718 1 8167 3879
1 2211 5629 1370
1784 2267 3612 7852
1916 1 334 1718
1784 227 4161 9546
1380 1 5704 966
1 430 5610 608
2326 1784 1856 5812
1 287 4106 7401
768 1 9696 1890
1 26 4906 2664
1305 1 7619 392
1 1176 1221 6100
1987 1 8606 4271
493 1784 2900 1677
882 1 5375 9818
952 1784 3015 4295
617 1 4043 1604
2431 1784 1860 3939
997 1784 439 1988
1784 2476 1927 3096
1227 1784 9255 5386
1 1481 2259 576
1346 1784 772 7422
1784 1578 5542 9435
1 1929 8720 2285
2175 1 6225 2929
1608 1 9386 1755
1745 1 9664 5441
1781 1784 2833 9698
1 1021 9009 9644
575 1 8163 5281
1 2191 9314 8420
1784 366 87 8714
1 346 6218 1010
859 1 710 7149
1 577 7604 7120
16 1 6837 1208
1 140 7710 2928
2185 1 234 1259
1 1249 1487 6571
757 1784 1530 3870
53 1 6107 8720
1384 1784 7263 8942
1 651 4164 8078
2455 1784 693 5611
1730 1784 3567 5941
1 2296 5787 4700
1622 1784 1047 2649
1 2288 5617 7898
1731 1784 9982 9514
458 1 6588 3619
2120 1 8234 3019
1859 1784 3542 3024
1 2243 838 7288
1 2000 6245 9552
2049 1 9132 7657
1784 2413 2764 5010
628 1784 4042 4015
1 1192 5436 2112
1 883 2085 9566
1 821 3115 5988
1784 118 6656 8052
1784 415 8543 6111
842 1 5864 9679
1 329 1356 7810
1784 2282 1627 2575
1748 1784 9573 8553
293 1 8732 5881
1784 2115 8737 1198
348 1 9405 2105
1 2492 5385 1292
1784 2005 464 423
1784 2059 4476 6475
1575 1784 864 7973
561 1 8851 2762
1784 94 3945 9908
735 1 1355 5209
1780 1784 8884 9397
2108 1 8885 647
868 1 2409 229
1784 1302 7585 3017
1784 1587 914 4278
1 2336 7631 985
1 1518 8321 2674
31 1 979 9752
637 1784 3413 2251
1 1278 423 4846
1 1879 3915 3592
1350 1784 7657 786
1332 1 6355 3681
1588 1 1848 2664
1784 561 9177 2259
1784 414 5435 8137
1657 1784 8481 6464
1836 1784 5493 387
1 113 1848 773
1467 1784 4687 1414
1395 1784 6849 3252
1497 1 779 1607
1244 1 7967 2065
1 872 1081 6134
429 1784 1904 884
23 1784 9055 5309
1 1779 5249 8189
1784 555 2349 1617
1 2498 872 1245
109 1 1385 9248
1784 209 9280 5319
1 1936 3389 5502
1 864 344 9313
1259 1784 660 2791
1290 1784 890 4861
1050 1784 7597 8135
1579 1784 6675 1332
1784 1710 7904 5094
1581 1784 4717 1406
1221 1 7733 2944
1784 1619 4738 7196
318 1 6116 1916
1784 302 654 4430
1 1996 1691 6212
1860 1 9832 6664
292 1 7020 5788
2137 1784 4630 4925
2244 1784 2283 6822
354 1784 9386 162
1 2135 797 2983
1784 306 8855 1944
612 1 7657 3526
1187 1 5443 1670
1784 879 9574 8050
1 1798 9315 4300
1 1808 651 8793
390 1 4515 6065
1784 1608 5426 7781
1 112 593 4363
1676 1 1076 9071
1 1150 6992 237
1784 322 910 4231
1035 1 4347 5404
1391 1 6980 8057
1784 923 2143 5436
1784 1476 5328 8972
1 650 5077 5917
1662 1 475 4346
1784 91 3032 7259
1 2318 8249 3397
867 1784 9580 3271
1784 394 9433 9527
1784 1598 1313 728
757 1 6443 9762
1926 1784 2340 3593
1784 521 4256 6844
2435 1 4900 4504
545 1784 399 1728
1 1874 8046 5327
1784 462 2650 7542
1984 1 6935 7599
1073 1 1174 9211
1 1545 6991 2741
156 1 9254 6687
460 1 6848 5329
1567 1784 7294 986
300 1784 6550 7683
258 1784 5270 9750
1784 866 7782 1061
953 1 4984 6241
775 1784 1828 1592
1896 1 1880 2691
1784 1385 9880 14
693 1784 1478 1549
1784 1775 3249 6122
621 1784 1697 6837
1 590 5224 9603
1 34 9442 5393
1 2446 4360 8628
797 1 1347 7168
615 1 4244 6305
1 223 3813 1236
283 1784 3849 1533
173 1784 3416 9093
1784 42 5541 1669
827 1784 7814 8462
287 1784 5614 5082
541 1 899 7547
1358 1784 1824 915
1784 1820 3328 8026
1 555 4422 5949
1796 1784 9013 7754
2193 1 9410 3237
1 584 9824 2075
1710 1 7469 6218
1 671 6221 4368
1 2464 8772 3007
1784 851 8291 4955
598 1 6921 9698
1 803 1258 8672
1514 1784 8455 6158
1784 2489 4218 4899
419 1 4975 9733
270 1 6498 521
1 1872 2889 6289
1380 1784 1883 7939
1 1557 4649 9423
1219 1 1003 2446
1 988 8959 9116
28 1784 1516 7069
1 1834 7280 7102
1910 1 4156 2183
65 1784 639 9536
1784 468 8620 7683
1367 1 4352 9526
1609 1 6874 2935
1784 2461 7737 8235
1784 1947 6725 6079
1882 1 3702 570
1313 1784 251 4067
537 1 3760 4275
1784 1098 1565 6980
1 1980 5048 5569
190 1784 2179 697
1 637 3396 9529
501 1 475 1999
1961 1 5611 3769
1784 881 1281 3555
1 2352 4879 666
1830 1 2756 8052
2479 1 7429 6653
1426 1 2587 9832
2366 1784 8126 3358
1448 1784 7802 773
1784 916 8426 6590
1 1726 8270 5675
1784 57 9205 8899
2231 1784 4893 6619
2462 1784 7142 6286
1784 1959 1412 1664
2475 1 8850 2237
188 1 9831 9375
1784 267 5166 2946
2210 1784 8606 489
1235 1 7711 4389
1874 1784 5233 2948
609 1784 9824 353
2277 1784 571 7269
1 849 1089 2050
427 1 5949 1872
539 1 4458 6981
1 434 5543 2332
1032 1 2133 2760
1324 1784 3322 2940
588 1784 1579 5141
1374 1 8376 3876
1 2258 6279 777
62 1 1884 6927
2388 1 2942 5143
1 44 4160 6652
1 611 1038 5104
1 472 7818 336
1784 1502 5936 7093
665 1784 9193 4260
1784 1015 6737 3400
908 1784 4792 7203
1784 1429 4478 3369
2373 1784 151 8114
1 2152 3738 3394
538 1 3386 6729
1857 1784 7179 7191
1784 2404 5737 8681
1 1052 93 8557
944 1784 676 6229
1784 761 7356 9683
1784 1352 5495 5357
2449 1784 3350 3856
1784 503 8310 6133
1 2322 6940 3860
1 798 9764 1837
176 1 8846 8092
2056 1 1079 70
1784 498 7692 7029
1106 1784 3167 3833
1784 314 6845 5970
1295 1 6250 3643
1 788 6562 9626
1784 2225 3211 7028
1 1991 9964 5954
1 1124 7422 5545
1546 1 4957 955
1784 174 7987 3538
1 2072 7931 5923
811 1784 5471 74
1784 875 3668 7281
1469 1784 9265 9381
905 1784 4532 7325
846 1784 9496 904
2207 1 1944 9861
1784 2353 7771 1124
1 1347 4187 4252
398 1784 8421 2408
1784 194 5088 7542
154 1 2333 391
1 1918 2047 3023
1784 1421 1110 4182
2314 1 9456 6960
463 1784 6953 6514
1784 1308 8214 4923
1784 2113 3902 4790
549 1784 6077 7113
1767 1784 1981 383
1784 1140 6207 3407
715 1784 9485 4477
33 1784 6655 5991
1 756 3793 3040
2125 1 8870 2598
1784 1282 4032 4159
305 1784 8432 3806
1 2046 9586 395
1784 64 6857 9595
1784 1130 8170 5169
843 1 1321 1202
1 120 9485 8675
1 1480 885 3299
1 2490 4281 6120
1784 421 3004 9023
1180 1 1210 6173
293 1784 5152 7542
507 1 1965 8350
1 754 5889 7960
2099 1784 8237 2745
2050 1784 2029 3103
2020 1784 1699 1871
611 1784 881 8662
1 1446 7793 7692
347 1784 8964 9086
1 384 3132 9841
1 811 8227 5485
1450 1784 7793 9409
1775 1 7990 6820
1118 1784 4831 8753
919 1784 2926 3217
674 1 3804 2048
1784 2436 6797 8512
1784 475 1475 4073
1784 3 921 5301
1 2113 4083 5745
2380 1784 9995 2080
1 1522 6348 6661
1 314 4321 8603
1406 1784 9424 2221
1534 1784 6697 6013
966 1784 6463 6262
1784 1155 5865 418
565 1784 5709 1929
1962 1784 7889 9367
1 926 1598 307
1 182 595 6492
1784 1776 7052 1157
1 578 6433 4032
1784 789 431 4564
1 2245 115 2842
1000 1 363 4520
1237 1 6848 2631
968 1784 6383 2207
2374 1784 9163 2865
1784 99 2657 6826
2163 1 7458 3649
2376 1 9449 1893
1 1199 918 42
815 1784 4183 928
486 1 1826 340
166 1 2502 9611
1311 1784 8073 3100
1784 1402 7216 3043
1784 1720 3386 3464
2210 1 7537 6311
1484 1784 733 4358
2465 1 9556 1900
1784 1506 3114 5337
1027 1 3248 5295
1303 1784 2079 3158
1 2052 8580 3857
1 45 6486 1248
1784 1216 2875 6779
1 858 1511 3869
1 697 8528 6936
1271 1784 8077 9977
1784 1400 5330 1485
1784 1378 8500 7069
2025 1784 6590 5464
1 1783 8684 8187
1784 755 3875 6317
1 2154 1043 8399
1784 111 2657 6369
1784 2165 6396 4436
2396 1784 7524 2238
2319 1 2660 7969
1784 310 9712 8905
1 1949 584 9570
1784 1340 8535 7760
2413 1 3724 1035
1784 986 171 6153
1784 2140 3860 1525
1 2423 9744 3482
2320 1784 8588 1163
1 127 8237 6911
1 1288 3502 344
1784 46 4520 5890
2198 1 7269 828
1924 1784 3973 1779
1 1489 8876 5226
508 1 8260 1160
1527 1784 9234 3140
1299 1784 7691 684
1137 1784 9590 5065
1784 1134 3371 3688
1 55 8554 102
2274 1784 7241 1183
1 1555 6857 820
2495 1 4434 8894
2181 1784 6582 7734
1892 1784 4115 4926
1784 2382 4458 8771
2391 1 4134 6365
1784 1220 4262 5786
1529 1784 8924 8419
1797 1784 2467 6056
1784 1786 3926 5581
1784 1753 7511 7270
1 1209 6386 1937
127 1784 8153 7614
1784 2390 106 1654
1 1121 2926 78
1784 1991 6082 7084
938 1784 4613 8210
1 2224 6316 2435
1784 465 8576 1423
1982 1 4786 2993
1784 1774 7264 8061
989 1 15 2000
1 2095 6697 1864
405 1 3163 8277
808 1 4763 2316
1784 125 70 4997
1 2345 3180 3791
659 1784 7271 6745
422 1 4076 7608
153 1784 279 9387
1 2014 6373 7802
743 1784 8788 992
1 491 7085 1225
1 2364 6768 1067
1 484 4202 4345
254 1784 985 2276
1960 1784 6645 7211
2479 1784 1211 3096
2467 1784 6707 1522
263 1784 9735 6774
1784 1355 4988 9600
11 1 3773 6069
2008 1 6601 7940
1919 1784 3911 6182
1 1409 6434 6576
1249 1784 2044 862
1 741 7987 7292
1784 2002 1879 7
1745 1784 1410 8279
1 1438 1481 1769
1594 1784 5797 1181
1784 1963 9016 794
1071 1784 3877 9133
1048 1 7050 4350
1 89 514 1535
2218 1784 8551 7727
1 1405 7840 189
1 333 5702 4190
1715 1 8240 2761
1784 2492 3640 6832
1 1598 963 5008
2344 1784 8897 2317
1 14 3729 9114
2119 1 3208 2699
1 2337 4145 3445
1784 1957 7191 3627
232 1784 3493 9575
1 526 208 666
420 1 6032 4606
674 1784 4171 8418
1784 1715 5375 4883
544 1 3424 1567
1 2278 5668 5140
1784 1585 9642 6879
2276 1784 1842 1678
1 819 7245 8185
2055 1 4311 1884
1784 490 4062 8296
1784 2439 7681 5460
167 1784 3153 7694
1 1829 7864 7384
699 1784 3547 5663
1706 1 3382 3014
1 572 2053 9331
1 667 5852 5860
1 639 4919 2025
1595 1 4250 2186
1318 1 3685 8537
43 1784 9152 4053
677 1 8128 3115
1 1393 3212 2549
1 1534 8768 9179
941 1 8112 5385
1784 816 6723 4883
1 2051 3837 2373
1321 1784 5453 3758
1784 1875 6739 7564
35 1 8544 8035
1364 1 7604 3859
1 441 2281 8649
1 1357 7693 4821
1784 450 5552 9071
1 302 6610 83
1687 1 997 5373
425 1784 2529 967
2171 1 9531 6254
1768 1 5505 9554
1 1646 5807 7579
1606 1784 5949 8494
1 766 8492 9191
1784 614 9594 497
1784 1897 8722 9083
770 1 8111 8911
2259 1784 5520 9669
1855 1784 823 856
1784 914 3165 1724
1477 1 7125 8744
1061 1784 3649 7494
1784 435 8370 5830
1784 50 8679 3637
2286 1784 7828 9750
1784 1246 7666 4749
119 1 1125 315
1784 607 5548 6267
479 1 5534 8520
1784 1327 3152 7590
1784 31 5047 1782
1784 1213 67 3732
1 1730 5362 7059
2045 1784 7523 1359
1784 380 5951 1077
1 2174 3574 457
1784 2163 8460 4870
1 1246 749 2872
2446 1784 8428 6051
1784 1582 4393 3745
1752 1 1212 8145
1784 710 9524 6665
1784 1902 3983 3477
81 1784 4855 6856
1 108 7663 6572
842 1784 7697 1476
1784 1637 1737 4696
1 41 6719 1843
1968 1784 3764 2146
1323 1784 6637 902
229 1 7028 3810
1784 2359 3098 8892
1784 445 9161 7970
2325 1784 8194 6405
601 1 461 1714
1 1968 6540 8964
1664 1 8226 8113
1784 41 1086 5173
855 1784 3526 9098
1 2291 1829 7850
1784 470 5700 8619
1784 1253 8007 9795
1784 903 8236 6753
1 1411 3920 2028
210 1 6553 5299
1 2123 1762 5673
1784 1004 4985 1359
1 241 8749 268
1 78 3457 6204
296 1784 4322 1003
1 1474 9810 8691
378 1 3864 1878
389 1 5058 2900
1882 1784 5979 6704
1654 1 2261 8584
1784 1628 2771 1205
1258 1 9540 3526
1865 1 7641 2015
1784 590 5294 4455
1784 925 5419 2324
1 480 8363 6805
1 1293 8453 244
1507 1784 6125 8416
295 1 7007 9172
1520 1 3795 6985
1790 1784 5444 2583
901 1784 8623 7178
1784 830 2625 5373
2182 1784 3436 2592
1784 171 1419 2437
1570 1784 6416 2804
1784 1865 4964 9739
313 1 4798 2212
1 115 1771 3215
160 1784 346 3450
1492 1784 1571 9066
1848 1 3215 8171
505 1 1994 5141
2362 1784 665 9400
953 1784 9070 8669
2103 1 8868 3090
1 830 9852 5935
1 1462 5030 9361
2418 1784 5221 1101
1784 769 9714 8950
292 1784 9833 3306
2143 1 1295 3265
1 1903 8688 773
1784 1191 4365 5516
1784 1407 1594 3826
2061 1784 2207 2549
2379 1784 8278 1339
1784 1789 5738 2690
1784 1841 9486 4557
1784 822 7446 4583
1 2451 7767 1221
1212 1784 7048 8246
1310 1784 2876 3836
1 1299 1843 6708
1784 1589 1676 8118
1127 1 2217 2128
1 1620 6001 5314
1 2098 7366 8360
2405 1 9172 5802
278 1784 7054 3979
1 2156 7716 7107
1784 1092 6140 4608
1784 1921 6640 5064
2490 1784 6149 7582
1522 1784 707 6631
1784 1167 9141 5110
1 2217 3967 4475
32 1784 3407 72
1784 1891 2003 5917
274 1784 9398 6237
2460 1784 1978 2836
74 1784 4273 2403
1784 1235 2144 6647
1 469 1834 3393
1 742 4266 6217
1 2145 6444 4445
863 1 9087 1412
1523 1 596 4264
1784 1307 9872 6768
1 1396 7584 1547
1784 1403 1582 7128
1784 773 7013 2529
1643 1 9126 7935
2208 1 2356 9632
1784 261 7395 2819
1648 1 6282 2523
1784 134 9141 9755
1 1946 8606 9426
1784 2453 6791 8953
1784 1376 3660 4219
1784 1700 2020 6328
1 834 9283 3165
1 233 7087 3282
373 1 127 2188
859 1784 2339 3181
1 618 5434 7667
1 1388 8323 2406
1 2485 835 2811
1 2468 1475 5915
1784 1827 2115 4573
1697 1784 1030 8386
1442 1784 8369 3678
2138 1784 1730 3412
1 1304 7767 2018
1784 1210 1156 4741
312 1784 818 2175
1 884 4152 8411
1694 1 8374 5023
780 1784 4562 7982
1528 1 4895 1464
1784 794 6775 6190
972 1784 5066 2796
1205 1784 7467 6339
1 288 236 4924
1784 872 7489 5091
186 1784 402 2407
1784 1281 7867 1687
1251 1784 9300 6772
2422 1784 9036 8178
525 1784 852 1727
1613 1 6245 3350
1755 1784 5021 4101
1 1296 5390 6115
1978 1784 1539 3146
1218 1 3090 3936
1 2042 8863 8883
1129 1784 1058 640
1480 1784 3587 9944
1784 369 6866 6456
1461 1 8950 2980
1658 1784 8727 3746
1784 560 3354 8491
208 1784 571 1098
1723 1784 657 8905
1174 1784 6779 3413
892 1784 9017 9311
1 2323 8508 6428
1784 1175 6724 6676
1154 1784 2755 9048
1531 1 7587 6527
1784 1704 8908 3706
1784 1369 7073 229
2321 1784 5922 7289
1729 1784 6489 6154
1949 1784 8058 461
3 1 5144 2644
1 2033 1134 2330
1784 264 914 4390
1 632 8766 9031
1475 1784 2195 6613
1391 1784 3750 1445
1671 1784 2879 8796
215 1784 3142 3900
1 911 8737 344
1784 1241 2112 8835
1 987 6227 6755
1784 321 4800 7525
1724 1 5044 5543
1 1389 5818 8656
1784 517 9014 8276
1784 2047 2828 4851
1 183 7299 9656
1640 1 9232 4401
1784 1144 2378 9261
2466 1784 5512 92
1784 836 3563 1814
1 1166 8186 2881
1912 1 1432 7096
382 1 8418 8457
1939 1784 7012 1487
1173 1 9617 1654
1044 1 8570 7819
1 784 7786 9497
1 2432 3681 1430
1 239 4883 6790
387 1 1002 1630
1784 573 6591 7182
1 273 5230 8184
854 1784 2890 8110
1784 1912 423 2370
1112 1784 2119 3126
1 99 3985 3513
1 993 1656 3513
5 1 7431 3141
1 500 7851 6834
1 1564 107 650
482 1 5072 8926
411 1 3745 601
1889 1 2967 6644
1 833 918 9438
1 954 6608 8640
1784 2271 8487 153
1296 1784 5743 1916
1 2455 9227 8442
1852 1784 3774 2481
665 1 6391 3930
1418 1 3767 9018
1 2346 344 9292
2107 1784 349 4399
1760 1 8409 2529
1442 1 1503 2497
1289 1784 5074 7314
890 1 7602 4370
1 402 269 3446
1590 1784 5676 8847
1784 1684 2425 2304
1784 671 2924 6473
1 1906 5948 2321
2502 1 4220 2496
2148 1784 2374 2748
1784 1583 5734 7873
1 42 1509 8424
1 1023 8822 5309
1038 1 5862 5107
1659 1784 9414 8638
2083 1 2736 1150
490 1 6092 3096
1 631 7054 1112
1940 1784 4545 2241
1365 1 9088 8199
1784 18 3557 4799
1 1373 1082 7877
1083 1784 8327 607
1 2385 6886 5126
1 2067 7126 5140
1 951 3482 2532
73 1 9016 3672
1650 1784 3609 2473
734 1784 1435 3733
1376 1 3512 4354
1784 1931 1000 3876
1509 1784 6285 401
2441 1784 1762 6771
1 2212 3278 4333
2378 1 8813 8435
1784 154 2677 9104
1109 1 3349 8880
130 1784 8143 8161
1 2190 2692 5963
717 1 8717 672
1784 940 3882 8239
1784 1923 8642 4577
347 1 6295 3592
1 1360 5509 5132
2216 1784 5435 1817
1 991 4093 729
1784 1938 9001 2402
1158 1 6944 5646
1784 1801 7457 2264
1 1806 1415 1388
1940 1 6287 1856
1017 1 6954 9109
1784 1555 7900 5772
1 952 2796 801
495 1784 4159 2457
1 1031 6583 7882
1 1402 5883 9865
1 761 3650 6031
1 824 1532 3441
1340 1 1115 6891
1068 1784 9009 9741
1784 2118 1908 3500
1784 1847 768 289
1784 473 1818 8041
224 1784 408 516
1784 152 7073 9292
1 1257 1638 6655
1541 1784 8916 6303
1134 1 9401 2624
1616 1 4608 7345
90 1784 1501 1645
1 716 4182 5692
1 2130 7608 7169
1088 1784 4824 311
1814 1 2202 6255
1 1425 9228 1804
1 1970 9153 9287
1379 1784 2073 8484
1668 1784 8052 7110
1 1456 7375 9308
2305 1 2799 918
1 1025 5627 2229
1 1702 540 3329
2023 1 7797 5879
1784 2131 4916 9323
1070 1784 1505 7701
2282 1 2172 5046
221 1784 1977 5248
1 399 8117 3200
1784 1267 3646 1312
1 515 3802 8420
1784 151 9366 115
1784 1630 1710 863
1784 2100 1923 7203
1011 1784 9234 3552
1723 1 9028 8604
489 1 1831 2748
1784 736 8633 1956
2219 1 1341 6612
1 61 4631 1967
1 352 6339 9493
1 983 2017 806
1 1439 851 6157
1521 1 6667 74
1784 1990 4976 8567
1784 1075 97 3481
941 1784 6985 6135
1 2005 2733 9349
1784 1707 6460 7079
1 1905 5762 1672
1784 1966 5316 8318
1784 718 1465 3305
1784 2003 2768 3387
1 557 5939 3045
1463 1 1406 1862
1132 1 3127 3322
1886 1 6505 3965
1784 529 6170 3367
58 1 8505 5776
1 527 5308 3963
1095 1784 3898 2777
2235 1784 7220 8480
808 1784 6985 7648
1784 1107 4711 3692
848 1784 3883 2744
487 1 2407 4046
332 1 4571 3787
1784 98 4284 7960
2193 1784 2039 7414
1 2476 4671 3276
2212 1784 9348 2796
1784 1864 1213 264
1784 2371 8897 4920
1306 1784 2382 8387
1 1205 9725 8173
1784 436 4258 8336
1784 1026 3301 9025
821 1784 7196 7507
1 435 2845 6537
1784 2175 3617 5325
1 516 4877 5351
251 1784 1717 887
1 1037 7575 3432
1784 532 9578 2885
1 1538 3048 8359
395 1 5024 2020
1537 1784 2147 9250
1047 1784 1388 4519
2333 1 2634 6388
69 1784 3523 7428
725 1784 7788 1482
1632 1784 9800 9265
1784 2351 4194 732
1784 1414 3732 3443
1008 1784 8469 7764
1784 1699 625 1515
1784 418 6353 3739
1 1721 9628 6835
319 1784 4228 8207
1930 1784 7979 5410
2414 1784 2487 2605
1611 1784 4366 3951
1908 1 4950 2852
92 1 1819 4438
1784 655 4121 3986
256 1 2610 5430
1784 1131 4674 447
1 483 6422 569
1167 1 664 4657
1973 1784 9581 3111
1354 1784 8706 9785
1003 1 7474 8267
1 1947 84 5587
1 147 9983 8811
1784 2191 6163 4516
1784 685 6428 7090
2397 1 2141 9109
190 1 4673 1260
1030 1 7720 6769
1001 1784 527 9802
2041 1 116 4511
1942 1 6797 9346
1713 1784 1980 3873
1 1821 1264 8886
820 1 1177 2714
837 1 569 966
977 1 9003 5647
1 916 9955 4654
1682 1784 4808 4857
2398 1 6967 4927
1194 1784 6026 646
2261 1 766 4650
1 986 3599 3487
1 1128 5004 2519
2252 1784 4391 7055
1784 2421 7582 7104
1784 2117 3637 91
657 1784 5397 5237
2209 1784 4804 9529
1 1005 9942 2137
800 1 7191 9841
1784 117 2361 8613
1 142 7827 180
890 1784 2908 7316
1953 1784 2088 6250
1 1452 3019 6951
1784 1515 7489 4076
1045 1 3914 354
1784 2354 5891 1746
1915 1 2041 3056
2475 1784 269 4840
234 1 298 4492
1784 1824 1027 4891
836 1 4189 8187
1 1213 9623 3561
1784 2432 9680 6720
268 1 1552 6479
2016 1784 2870 3984
820 1784 2974 2593
1784 596 9465 2826
1 1087 7966 9735
1784 790 2513 2464
1536 1 6379 1626
1 1126 4850 7564
1784 2298 3047 2584
1 2462 4067 5586
1784 459 7113 8008
1 361 6970 2640
1 433 7750 1147
2382 1 2492 6442
1784 246 10000 6777
2238 1 10000 6989
1 171 8828 612
1 984 4048 7789
2429 1 1456 5962
713 1 6969 4703
387 1784 8713 2082
1784 1565 5014 9527
1 1765 658 1131
1 319 1872 8898
1784 546 2620 5761
917 1784 2775 6188
1 1729 4927 7970
15 1784 3495 2197
1784 2167 7173 7444
30 1784 6918 9479
1784 1783 8122 5374
1941 1 2752 4312
1762 1784 2453 6172
2259 1 5585 2757
1 1989 8024 6785
277 1784 82 9578
296 1 9254 1298
2374 1 8423 1281
1948 1 1727 1750
1 255 1702 3743
211 1784 625 3117
2130 1784 806 3772
1 1394 8983 390
177 1784 9809 3422
2349 1784 5462 8255
1 272 1658 7507
1784 328 703 2920
975 1784 1505 7808
1837 1784 7410 6527
1784 1615 3516 2426
1498 1784 5168 1603
1784 2094 7439 3123
1571 1 4637 9985
1784 1433 2140 4402
1 93 1530 5295
1 1054 6459 9167
1784 1254 2758 5375
1784 105 4619 4728
1215 1 291 4368
1784 424 3655 539
1 904 6517 7445
1 1740 357 2483
1784 1203 8498 184
1784 906 5441 2014
1314 1 4513 1953
1784 66 7462 5382
1718 1 9821 8993
1 2277 7765 6493
1784 2450 2285 8680
2499 1784 6300 5604
1784 2215 7343 4318
2182 1 6068 9098
17 1784 4253 5194
1998 1784 26 4723
1784 87 1386 7532
1674 1784 2420 1825
1784 1826 5977 3640
1761 1 4980 1096
2335 1784 8746 5054
356 1 5322 1142
1336 1784 4140 6239
1784 1162 6758 182
1 2496 8125 3463
1 998 7025 3419
1716 1 1083 841
1784 85 6559 9707
2088 1784 6526 3776
1665 1 7426 3674
29 1 1619 8230
1 2092 1018 4519
979 1 5812 7688
2012 1 569 1923
1 70 3874 6945
1784 100 5534 4485
1264 1 8860 5418
1784 1342 5909 4701
1784 253 2482 6854
1 179 1896 1727
1 468 7691 8689
368 1 2809 5609
974 1784 4329 9370
1086 1784 7207 2908
1 1876 9199 7922
461 1 3853 2512
1625 1 8051 5933
1478 1784 1657 2794
1784 542 1782 4039
1784 1665 1193 4526
1 104 2083 9689
1784 2108 3173 736
1 896 583 4458
1330 1784 4694 105
1784 2483 9886 2839
1784 920 8750 1414
82 1 2174 8592
2157 1784 5211 2905
320 1 9240 6326
1201 1 1705 8756
1 1123 7692 1967
1784 2336 4275 7341
2215 1 9514 4310
1 1931 8754 5367
345 1784 5611 6782
1975 1 9747 7914
1 1744 4850 3091
1 2438 5415 612
1784 593 558 1736
2376 1784 8252 932
1784 2288 3994 5919
1784 2081 8578 350
1979 1 2918 2616
1893 1 6378 9114
1 2262 6082 8680
1 279 9612 8005
313 1784 5946 769
1 502 8997 2441
1 1827 6395 700
1549 1784 7957 4460
2204 1784 6703 6550
1784 68 3938 7411
1430 1784 4545 3792
1184 1784 9340 7852
1784 2119 1433 7722
1 1155 4523 9366
1 1319 2838 2609
1 51 3270 9389
1 2196 9054 8133
2408 1784 8121 5644
1784 1951 6743 7434
1 652 3539 9099
829 1 7562 278
1887 1784 5783 5944
1784 2389 4143 261
403 1 6674 3679
1784 711 469 1349
1 25 4454 3568
1784 2500 4261 918
1784 2206 3599 8840
1 2074 3221 1858
1 366 1581 3166
622 1784 7485 8233
1784 400 9635 3956
1019 1 2660 6788
1784 616 2240 9329
2097 1 667 1401
1784 1954 442 1111
392 1784 829 5391
1784 265 531 3445
1324 1 4851 1943
1 1343 3051 1176
1568 1784 5143 4821
56 1 2917 4622
1719 1 4153 3267
1041 1 4520 9461
1 924 1902 3127
2080 1 4599 2819
549 1 4439 3296
2184 1784 7561 9540
1527 1 4665 6755
683 1 6281 9615
353 1 8319 5533
1 1974 2281 4307
1759 1 3975 9995
184 1 9776 2363
1 701 2408 9161
1784 474 4695 4945
1929 1784 7505 1531
731 1784 2504 8698
1325 1 3369 5227
1784 2324 2162 5748
1784 40 8256 8836
1784 764 4642 3122
1784 2281 9043 2230
1 1666 4152 3018
2243 1784 7962 9049
1 1443 9775 2536
1784 1005 263 4045
1784 706 6228 4808
1784 833 4026 5509
1784 502 9587 681
1828 1784 262 547
1784 967 9886 6009
1 835 8678 6938
1 1267 6471 1724
1 379 5836 4820
1 1663 2900 6691
1782 1784 1607 722
1 1584 4816 74
1 1986 9888 171
1067 1 6490 6370
1533 1784 250 4011
1602 1 18 2544
1784 1999 288 1297
1784 2 9148 2082
1674 1 8385 9834
1578 1 2285 6632
1784 146 9883 3463
1784 454 5553 6035
236 1 352 3682
1 1464 1568 7001
1 565 7157 4987
28 1 9896 5367
1 46 9705 9936
1784 2338 5246 6168
1 71 6638 9771
1 1556 2609 5971
1 1283 7775 9876
1784 1279 3327 1896
2289 1784 2931 4189
728 1784 7453 3619
1 1101 1186 2515
1 1960 8363 4255
906 1 7705 905
1518 1784 8236 2620
1553 1784 547 929
1 1881 5091 2994
957 1784 113 1595
1784 886 9535 4088
1647 1 8077 2440
1907 1784 787 3176
1 1925 4944 2408
1675 1784 7569 9275
1869 1784 5613 3932
1 1428 2187 5127
1784 1862 5321 1183
1 1070 4617 5619
1 231 9104 3092
1 1011 8974 9966
444 1 7281 4167
1 2436 9177 8746
1 696 6695 7531
1 594 6379 3321
1 1619 380 4955
2248 1 5058 2963
1224 1784 946 220
1784 1593 3256 3924
1784 61 9930 92
1769 1 3304 3108
1784 2386 1206 7040
1 1103 8281 3680
443 1784 2678 5737
304 1784 227 1407
1784 162 7309 8374
1784 67 2161 5074
1668 1 8436 4124
1784 329 7361 5125
1 2227 93 3414
1366 1 6450 8158
1714 1 7161 7456
1 2437 8674 4765
1 2121 9360 6637
1784 2339 8964 9218
2467 1 3346 1846
1784 2199 3978 1630
1 2469 9512 2873
476 1784 8034 5883
1 470 3468 7382
1 528 9939 1897
1170 1 6991 3808
1784 276 3420 419
2123 1784 3751 9262
1807 1 3635 5414
1 2370 5445 3855
1175 1 3909 2016
383 1 7532 9576
282 1 8148 4755
1 2099 9994 1632
1387 1784 3242 1633
1 1076 4891 1455
818 1784 9722 1072
1 1168 8119 4651
1784 870 5572 8165
2020 1 9976 2403
1784 2440 5281 2856
1335 1784 6840 6804
1384 1 9579 4829
1784 385 5637 5449
1 495 9896 4504
1800 1784 9591 3612
1 1069 1160 4546
1042 1 3464 8543
1 1510 560 6771
1 303 2877 9723
1784 1623 1663 1262
1784 442 1819 8076
1784 103 7368 9112
762 1784 6645 5696
1645 1 8358 1213
455 1784 8890 7645
1804 1 5818 3069
1 992 3656 3614
2232 1 454 6101
136 1784 3450 3254
1634 1784 925 5864
1784 1577 1026 9237
2424 1784 4756 8167
2186 1784 7451 5986
1 1282 227 5606
1 198 4696 8997
1612 1 4848 681
1130 1 8893 2652
1784 2029 196 8695
1728 1784 7286 2343
378 1784 5811 2825
716 1784 7651 1308
1 2356 2393 4932
1696 1784 4731 2193
1385 1 7664 3250
1 2166 3899 1390
1351 1784 8791 3096
1784 365 9397 7316
1471 1 9787 3009
1 1611 3961 2871
1 36 8602 2685
548 1784 8447 3349
895 1784 3987 8563
1784 1761 2408 5436
132 1784 224 217
2502 1784 7347 6821
1 914 5135 5830
1784 2180 2663 6160
1784 403 8996 7507
2197 1784 5183 7219
1 1985 5791 3773
1784 2429 7781 8427
1 376 3129 977
360 1784 3978 8850
1294 1784 2202 7555
2103 1784 4847 4260
1784 1013 3385 8076
1 1320 427 3970
1 2043 4455 9832
1 2149 4191 2395
1784 204 3687 1063
1186 1 1898 3379
1502 1 5273 5445
1 957 3027 7119
1 1309 9500 6629
1655 1 886 4673
1784 1831 8191 6024
1784 2262 9961 3384
187 1 6025 7248
1 1431 1683 7602
1454 1784 8575 8145
215 1 5968 9547
1359 1 6204 8905
1 2203 7865 1103
1 2463 6114 3681
1589 1 6905 4393
2194 1784 4438 7869
1784 241 868 6187
1784 2054 4321 2040
1784 834 942 6794
1609 1784 2783 493
2454 1784 1349 2465
1784 358 4777 855
1 1781 861 4454
1 900 1120 2608
1 723 1951 456
213 1784 9812 142
161 1 4255 4543
720 1784 7035 5025
1 1202 2236 8256
1 117 1958 1066
1740 1784 6319 6513
1784 647 7176 1340
288 1784 7113 2475
883 1784 9340 3900
273 1784 2752 9143
1784 77 2288 3668
1 915 1317 3385
910 1 5212 2611
1 20 5723 1407
2407 1 1559 709
1784 1056 8586 9541
733 1 242 1821
1430 1 6900 9672
1125 1 5390 1360
1861 1784 3819 8497
680 1 9800 6170
1654 1784 1435 7533
1703 1784 664 3052
1 542 7493 1636
1943 1784 8677 7718
1253 1 6634 3492
2481 1784 3828 6975
341 1784 3009 3995
1 2139 3204 8416
1 2457 2535 8051
1784 375 4432 1100
1061 1 3322 6986
1333 1784 217 3162
2415 1 1578 3494
1417 1784 1642 5189
1341 1 2117 8304
1784 1366 9909 1962
359 1 9612 9932
901 1 6103 3768
2134 1784 833 69
1784 372 4922 6148
1 414 9455 4730
1 902 895 9849
1224 1 9274 4625
1 2129 2109 736
641 1 1099 8784
1784 2075 6057 7513
513 1 2060 9562
1 566 2889 465
1 1826 9934 4290
1784 1489 9593 4859
1 1057 8254 6889
1358 1 4176 3179
2209 1 6110 7134
1 2287 6704 4137
1652 1 1730 3229
2106 1 7673 9703
669 1784 6315 2491
1001 1 9337 8142
1784 853 1613 9510
1784 2498 3997 4580
1806 1784 1337 7448
388 1784 9098 3727
1 1919 1954 436
1142 1784 1066 5901
1 801 898 8082
1 304 6991 127
1784 1523 3398 1461
1 569 5610 9999
1784 1452 1615 1085
2160 1 5064 7293
1 2015 6123 2052
1 2081 8557 3971
1 261 5205 5749
1784 1437 4709 1598
23 1 6575 2604
1784 1983 7551 7958
1636 1 2678 7408
1784 1102 6727 2249
245 1 747 5683
2499 1 7526 664
1 437 5215 1072
2220 1784 4455 3062
1784 1621 1719 5312
207 1 1434 1983
1466 1784 5594 6612
1863 1784 4091 1765
1746 1 434 6797
56 1784 7751 9855
1 847 3376 9518
1784 247 7480 4760
1437 1 3534 1173
1784 1178 7877 1580
2158 1784 8440 7590
1 675 5879 4441
213 1 9217 6146
1 1822 7314 7648
371 1784 908 8388
1784 202 8106 7592
1784 2008 1740 3581
2170 1784 1093 2390
1110 1 3068 8650
2258 1784 1033 1566
1784 1975 4185 6616
2234 1 9912 6701
1137 1 8122 969
1784 898 5422 3691
1784 1726 8100 4252
1784 2097 9375 696
97 1784 1368 1452
1058 1784 5741 2679
1784 1128 5791 551
1 2326 2998 7748
1784 1808 2160 2430
332 1784 6174 6106
256 1784 229 9774
2004 1 5017 6794
2111 1784 5059 8107
1236 1 8357 6841
1592 1 9178 3752
1605 1784 2155 42
482 1784 7632 5075
1193 1 7174 8308
1784 2237 7829 544
1784 860 737 8940
1784 1620 7372 3088
1784 377 75 984
1 1950 7335 5151
2158 1 5653 6855
1275 1784 3341 2137
1 2384 3429 2925
1 2417 3920 8698
1286 1784 6228 4928
2329 1 8114 4120
1784 1221 3765 4655
558 1 5535 8487
1300 1 3006 5513
1812 1 9085 3623
1784 106 1156 413
793 1784 9098 8230
1 518 305 2509
1 2302 5956 1289
1784 970 7752 2431
1670 1 9277 5148
1784 128 3231 6945
656 1 568 3126
1784 157 2564 1848
1 737 3933 1768
1277 1784 3548 6911
2395 1784 866 2699
2297 1 7703 3298
1784 205 2513 2028
1 1398 4958 4024
1 1771 4255 9359
831 1784 9589 491
909 1784 9755 6987
462 1 1395 1873
1784 1240 5210 7441
1 1427 1960 3589
1565 1 6977 9143
1492 1 4894 5408
1 624 1079 5328
2385 1784 7 4963
1 2199 6658 6243
1577 1 6138 4826
1784 688 8550 3317
2368 1 2587 7750
1298 1 2898 9699
727 1784 1373 4166
2048 1 4199 1421
1784 185 3409 7722
2403 1 6965 9443
1566 1 6458 2645
1 2274 7702 1663
67 1 6936 1301
1 170 1768 3283
1120 1784 9791 555
1784 1305 4587 1514
877 1784 6461 103
1920 1 4243 4872
1 2459 7979 4044
193 1 1226 5008
1784 2305 6998 8063
1946 1784 1823 2582
1784 1260 8730 4326
1 1378 105 6592
1 975 869 8491
1 242 8838 5837
1 1307 8360 2181
2245 1784 7054 1709
1 1850 397 7004
1784 269 4488 8621
1 2335 9614 6157
1250 1 2103 6758
1784 53 6406 8776
2064 1784 4106 7623
529 1 4918 5668
2080 1784 9987 2195
799 1784 2215 2729
722 1 9781 6975
1 358 1680 3074
2058 1784 156 6171
491 1784 2205 6308
1784 1141 2641 7785
79 1784 4236 3335
1784 910 8703 4084
867 1 7872 1135
1 1650 4417 8254
1784 554 3361 4507
1 2032 5920 2216
27 1784 4197 3255
2126 1 5065 6724
2254 1784 5022 4126
1 191 405 9221
1 2474 7468 3057
1884 1784 3260 7106
1 466 4350 9034
1 271 9442 9974
443 1 3577 4154
1784 1148 8377 4923
1964 1784 6724 7394
2222 1 4496 4650
1520 1784 1233 3808
1784 2356 9141 2680
1784 1104 9839 3723
425 1 9472 7285
1 1375 6926 1296
2389 1 3547 5360
1784 2023 3948 2540
1 582 5406 9892
35 1784 4708 8032
1 2228 5264 7261
1 1501 1257 6176
1658 1 6106 9489
2332 1784 430 5110
2423 1784 8977 1149
1 1049 5048 728
1 1673 2205 8702
1036 1 59 6995
1784 1969 8845 162
605 1 1330 7951
1 1274 9093 6096
123 1784 8931 9553
517 1 6987 9535
1 2367 3698 1032
634 1 8022 7681
1784 2448 7151 6698
1766 1784 4302 420
1 212 2447 284
1784 763 9220 1964
778 1 6763 3949
2330 1784 2018 2926
1784 110 3616 8184
1784 286 9416 4460
1361 1784 2850 3050
1784 266 5902 8454
2011 1 6506 564
1 396 6806 3352
1165 1 5063 9037
291 1784 7572 507
534 1 7383 1930
138 1784 5108 7720
1190 1784 3693 3876
1 767 2549 4502
145 1784 8307 5606
1784 1491 1872 4555
102 1 710 2004
1 799 1816 1183
741 1784 5977 4268
1 715 5991 6826
1 2427 2594 9090
1 424 1928 675
617 1784 5187 4965
1 238 829 5597
1784 1773 2066 9264
1784 869 8606 4192
324 1784 4011 3830
1055 1 4037 4083
1784 2166 9785 4287
1 416 616 8373
1784 1749 3031 5080
1811 1 2902 8965
1 1828 3300 4905
1784 1199 4499 2544
1955 1784 8939 66
648 1784 1986 9194
355 1784 4993 4484
1686 1 4829 1628
668 1784 8655 167
1 2292 2014 6790
1524 1784 4223 3941
1 194 6414 7930
1 2281 2486 8286
1784 862 271 6316
644 1784 341 3013
1 1562 4938 2004
1784 1063 8424 5614
1784 889 9155 8901
2428 1784 3763 2755
1250 1784 6385 7712
19 1784 9982 578
1 850 985 2291
1784 973 2539 6758
685 1 8756 9876
1 1644 1067 3786
1509 1 95 4445
209 1 149 2819
364 1 2178 584
1289 1 338 5083
1802 1 7829 5928
1784 1540 4490 1256
1784 1872 2359 363
1784 2007 8942 7151
290 1 9610 2773
1784 1813 4755 9804
1 2181 7729 1772
1012 1784 898 3549
1784 311 816 9307
1394 1784 6423 3407
1739 1 7189 6101
1648 1784 5208 8960
785 1 7010 2180
1784 1458 3161 8495
201 1784 4394 2362
20 1784 137 8700
2390 1 6710 6417
1784 2387 3706 1987
1 668 9552 8502
1 1696 3220 7239
1784 96 2609 8510
1329 1 4883 6345
1 218 1403 3452
1645 1784 2656 322
2019 1 1756 4541
1784 1222 6960 7980
1784 188 2772 3379
1784 368 9596 91
1 2230 8011 4
770 1784 8849 2649
1784 601 499 4752
1784 2261 639 5190
2312 1 7147 5392
1 311 5480 4957
1 1279 5137 2182
840 1784 1997 711
165 1 6297 6845
1784 899 3350 3185
1 559 3929 3168
1 1233 3020 2052
492 1784 154 1713
499 1 162 6422
691 1784 2612 6129
1 1308 9624 8527
1 734 3241 260
1784 395 4303 1035
751 1 3843 4648
1601 1784 9372 5262
1 779 7482 1323
1438 1784 4777 7148
1 1104 6857 7641
1807 1784 9875 7046
1 450 6851 9391
1784 1928 3987 4823
1607 1784 9291 3999
882 1784 1018 2041
1751 1784 7656 2206
812 1 4406 3768
1784 1779 8267 6826
2056 1784 8917 5972
2465 1784 5969 4790
2451 1784 4503 5989
1479 1 7477 3929
1784 2072 3917 3881
533 1784 4658 2672
1 2301 133 2428
1493 1784 9236 1500
582 1784 42 3555
905 1 3923 638
1784 6 7142 9202
967 1 3416 3315
1 659 8598 7379
731 1 7850 7093
1322 1784 9878 4869
1 205 1245 8652
2256 1784 8688 7841
880 1 5955 5576
1784 880 6294 8874
1 2239 5114 9851
1784 739 9749 8039
371 1 4950 4025
1784 1932 3479 4598
1858 1784 3271 8301
1784 751 9228 3732
1393 1784 3012 4414
576 1784 137 5243
317 1784 4922 2157
1784 1332 3314 3243
212 1784 2360 6300
1 791 3488 4493
39 1 438 3834
2299 1 3114 1463
1 30 5657 4041
2187 1 976 3093
1400 1 383 143
1463 1784 6540 1164
1895 1784 4312 9307
1 1508 4431 7546
1868 1784 6805 4715
1604 1 7821 4361
759 1784 4157 5507
1231 1 9562 5475
229 1784 830 9377
2366 1 6900 1812
1784 1521 9590 9289
1784 484 3756 8179
1126 1784 4080 7013
1 2124 9815 5756
1 621 5048 1922
1132 1784 590 7638
1784 1591 8619 32
1784 745 5500 9232
1 2355 3900 3709
1629 1 420 2069
1784 1196 6311 5181
1784 572 2823 8010
1258 1784 9292 67
1 289 5348 3911
1 80 7232 661
1784 695 9412 5489
850 1784 5249 7910
1784 981 5950 8671
1784 1795 176 2642
1784 784 6688 7863
1 1303 486 1103
1784 2176 3431 1632
1 1151 2306 9936
153 1 1738 7516
2188 1784 5367 6905
1 1287 3886 9174
1784 1181 668 285
1784 1554 6725 4017
1 765 7132 9363
1770 1 4208 9281
1396 1784 7255 9202
1784 2401 7260 5149
1 866 411 6445
1 1223 922 4250
1236 1784 4378 1000
1784 1842 7228 8263
1313 1 3925 4654
1185 1784 3428 4025
518 1784 2047 1718
1 827 5374 2749
1 339 4615 2542
1465 1784 3329 2313
1784 2501 7215 3304
1200 1784 7713 4387
1256 1784 9156 1961
289 1784 9589 9826
1 2089 5658 1947
1 969 9479 1334
633 1784 3395 5933
1784 73 5126 1901
1784 11 8623 7272
1 1515 6392 8887
1348 1 5784 3525
412 1 7021 3616
1506 1 2606 4130
1 787 7683 1448
1 708 5678 242
1784 1371 8801 8630
1470 1784 6348 9307
1784 481 1609 7100
1 931 8124 3132
1784 1360 4683 5855
1 589 5239 4311
1 2332 6371 7585
158 1 2802 5864
1285 1 4242 95
1784 2190 5555 9135
1 2086 7431 1129
2396 1 4654 2408
2360 1 5457 4200
1964 1 2773 8086
1 246 6042 8616
1784 1312 9958 8080
1785 1784 3135 2583
2269 1784 5731 570
812 1784 8589 2384
1810 1 5195 5770
1552 1784 5502 3734
1784 407 339 7951
1784 1809 4117 2416
1784 1688 6374 1691
346 1784 284 2077
1784 2028 9221 5029
1 240 2805 5436
2250 1784 6481 6230
1784 838 1839 7045
1 1583 6181 1365
404 1784 1377 1317
888 1 4220 8042
2466 1 638 4439
1784 768 1639 5510
1487 1 4196 2033
1030 1784 6839 6971
1784 290 7622 4566
521 1 7084 4799
19 1 2426 6611
2367 1784 5031 9456
1784 1337 7873 5552
1675 1 1377 8877
732 1 3199 2011
1 308 378 7139
591 1 581 4915
1784 1283 4342 7891
1784 1085 7503 6611
530 1784 8635 8148
1784 990 793 1007
1 895 5045 2622
1672 1784 8606 8292
1784 2168 7430 5491
1 453 5275 8599
918 1 1425 430
2440 1 4305 785
2024 1784 2790 4459
1784 2036 3813 2588
2381 1 6012 5941
1927 1 7352 5961
1617 1 1543 2337
1329 1784 8078 8801
1784 1334 9999 5914
1 111 9744 6165
2294 1 9671 2702
1 485 7008 3559
24 1784 4578 2073
2445 1 3973 6541
2500 1 5514 7914
1784 717 9437 8816
1 1976 1694 1039
2371 1 8012 1918
1784 2343 8751 8066
2110 1 6805 9851
1784 623 8549 5870
1 1500 852 7772
1784 1055 7974 2674
861 1 7567 3864
912 1 9261 6233
406 1784 992 1329
1835 1784 3657 1810
1 1060 9222 7074
642 1784 1233 2791
1784 1942 8568 6289
1909 1 947 3108
1172 1 7256 1670
1784 2406 8901 8785
1015 1 2375 213
1 276 4605 8477
635 1 6065 3670
1784 1225 4437 7090
1784 1487 1906 4648
1 1107 6807 4050
1257 1784 3552 2819
1784 362 6689 1356
1590 1 7700 1172
1 2416 1822 7422
1 1731 8738 1688
1784 613 6339 6498
1784 426 2297 9499
1545 1784 8566 8934
1094 1784 5966 9957
545 1 1290 5941
755 1 1768 8756
1 562 4347 3612
2328 1 8402 7449
961 1784 1979 2758
1077 1784 1968 13
1 2348 4003 7722
1956 1784 3387 1893
1784 1172 385 4218
2313 1 251 4313
2378 1784 5758 2456
1784 1187 4521 5822
2285 1 5348 2060
1784 391 7208 2019
593 1 5991 2122
1 1470 2748 7699
612 1784 1570 9983
2457 1784 2976 9276
1784 1160 8569 7447
1784 2494 3220 8050
1784 2077 8322 8367
12 1 2396 2671
1913 1784 4750 3822
1784 1738 3751 7652
1 1016 943 4225
1784 478 8486 5862
197 1 8388 1365
1784 2236 3449 5083
1784 547 3217 3084
1784 1992 4798 6843
1760 1784 8395 1494
1784 963 8924 8587
1 123 5140 5029
1784 2187 1783 6477
1784 2278 915 1637
627 1784 8822 7407
1 1972 3721 51
573 1 7268 6668
1 1059 8009 9275
1362 1 7641 599
2022 1784 4783 414
415 1 2348 1304
1382 1 849 1654
1297 1 399 8540
2353 1 6214 5334
1784 2309 7125 2398
819 1784 6473 1285
1784 1977 3676 7553
2488 1784 109 9672
1784 835 9163 629
1784 2410 6788 6150
649 1784 7602 4316
796 1 94 4307
966 1 6866 6648
1 1679 6807 7825
1784 802 7624 6237
1 1805 7240 9961
407 1 3120 9701
1 181 2476 4132
2493 1784 1671 7333
1784 841 9722 8144
651 1784 1547 8173
2364 1784 1507 2099
1784 2292 7670 1062
1 2010 1771 8982
790 1 5448 9820
2449 1 4987 7082
327 1784 3847 5445
1784 1655 5282 224
1 334 6346 27
2148 1 7940 415
1090 1 2912 750
670 1 1297 9464
232 1 508 5119
1784 721 7022 9589
1784 2302 227 7685
1 208 8856 8310
1 1243 3468 1320
1701 1784 6758 6710
1784 351 7870 5745
1 74 5523 2804
792 1784 3612 3269
1068 1 960 2996
172 1784 4675 2416
1904 1784 5350 2495
1 1117 568 6614
1529 1 8808 3787
16 1784 1611 1304
2486 1784 3571 6083
2140 1 8341 4352
1 1967 9445 492
361 1784 6275 2555
1784 2474 5467 7333
1 217 6860 6353
1 1997 131 9813
603 1 4943 540
800 1784 5678 8194
429 1 4701 5795
1784 1486 9238 3801
1 602 9782 1146
1784 589 4585 4387
1 354 4299 6551
1 253 2985 1338
1784 1747 2417 3657
1 2063 4604 7235
809 1784 7262 8175
1415 1 1577 1281
386 1 647 1129
1 1294 4517 8408
1 2340 694 3448
1784 460 3283 9715
583 1 1524 2406
1133 1 5276 9185
2306 1 3430 8314
1784 1111 2928 1183
1618 1 9564 7316
350 1784 198 7771
1784 992 7598 7327
1 2350 3895 4705
1351 1 1824 8174
1 2298 9277 3820
2414 1 7932 4538
2293 1784 90 9273
467 1 6378 2159
1 465 5462 2715
1535 1 4112 6349
1905 1784 6445 1286
498 1 5580 7431
567 1 2629 2219
1784 1103 5860 1346
1 2252 3540 5696
928 1784 3140 9404
1 1782 431 4458
60 1784 8557 1440
1784 373 6775 9475
1432 1784 8339 6576
1 2386 5454 1281
1742 1 2176 1275
1 330 2914 7526
1 1988 1572 3011
1784 1873 9946 5517
2164 1 6781 7115
151 1 4236 1279
1 2349 2827 4429
1784 2049 2689 9028
1528 1784 9218 6636
1784 676 2704 7637
1784 1000 2454 412
1592 1784 798 3217
2229 1784 5882 1820
1 678 9576 776
1547 1 227 5992
1 1935 9443 1072
2304 1 5112 9464
1 1519 1969 1630
1784 954 1381 8270
1793 1784 9847 9406
1269 1 8749 7645
1784 342 1588 3051
196 1 6013 1346
137 1 4788 161
1884 1 1485 2973
71 1784 5448 9408
1089 1784 43 3991
1728 1 2076 3326
1694 1784 3609 7111
1084 1784 3120 5002
1424 1 9758 7667
1784 1255 2172 1979
1766 1 2013 112
2095 1784 4103 7678
1570 1 6922 364
2303 1784 5658 4453
131 1 2130 8235
1 804 4813 9563
1 1177 4021 7027
507 1784 2819 3505
1 1558 6227 7928
969 1784 2416 2613
1784 635 3850 7102
1784 1936 5402 8054
1784 1410 6831 1879
1784 1320 5405 3621
1784 1488 8806 9647
923 1 9716 3984
1 1028 5194 9715
1149 1 978 525
1784 1066 8964 676
1784 1562 702 399
1927 1784 4001 2275
1572 1784 4298 1600
1784 524 8321 8327
2246 1784 2507 915
1 959 3011 7162
679 1784 2132 9183
1932 1 4330 4474
1784 243 9637 9329
1784 2419 8405 475
1784 697 1179 3433
1958 1784 6638 8169
1 2456 7004 2625
1558 1784 515 4732
1784 771 6581 2588
1 1113 3015 1768
1784 1510 4938 4989
1 1261 1266 5581
2322 1784 9926 4254
1784 189 9596 3146
1756 1784 3622 4321
1 1403 1712 8737
1784 2044 9725 1491
454 1 2365 5283
1656 1784 6918 186
1 180 368 7420
1517 1 2878 1027
703 1 6516 6950
1876 1784 9368 7196
1173 1784 62 2487
1 1337 8310 63
1 455 1612 1692
1574 1784 6836 9714
1 1661 573 6085
1784 1428 7619 5589
1 1053 1864 6632
1 1796 1192 1184
1784 540 3568 8593
2013 1 6740 9233
1 2264 690 4987
1414 1 4456 9262
1 1013 8122 5823
546 1 1266 3113
1 1704 3810 1815
865 1 6335 9411
2035 1 6976 1014
1784 2463 7188 920
514 1784 578 4250
1 2170 1415 9568
300 1 8122 7463
1099 1784 9469 367
1 2290 4858 7990
2257 1 1134 7597
1447 1784 8070 7018
1 214 6009 6969
1512 1 7656 8092
2172 1 780 1961
1 1579 9447 2974
439 1 2092 1346
1 91 1268 6399
1691 1784 6651 3521
1653 1784 8221 7481
591 1784 4502 1149
1784 483 5936 8511
1 747 9618 2316
2346 1784 2608 2579
1784 955 1105 6541
85 1 6071 1839
1 1998 5265 3977
903 1 6175 5483
1 471 4526 332
1784 660 6176 4447
2369 1 985 8739
1948 1784 2813 4017
1 2358 2691 6740
1 1599 7724 6906
1270 1 9730 8742
1909 1784 1779 6123
1058 1 2479 6391
1 1460 8786 6589
1943 1 3056 3146
1 684 1011 8542
1544 1 9427 7771
105 1 2176 3596
1 769 6039 7307
1753 1 6265 1703
1524 1 7678 8208
1 744 8766 4974
1 686 7720 3474
1 457 5222 840
942 1784 3434 6479
1 1733 3534 7144
786 1784 6281 6739
1 789 3180 136
636 1784 7905 7604
1 464 2219 5595
1784 1195 8964 1229
1238 1 1738 5756
1468 1 6161 7307
710 1 3609 4798
1 225 2442 5923
946 1784 714 6441
1 1369 9983 8238
1 1863 367 3368
1784 440 6504 9061
1784 116 1833 6731
1 2343 607 1734
1185 1 1273 9039
1784 1716 6104 7478
1 948 1973 1762
1784 452 4467 8037
170 1784 9894 3477
1550 1 251 3169
1784 738 9098 1556
1784 989 2923 1107
1784 262 386 1255
1 781 5446 9615
1044 1784 2762 1850
1790 1 3662 3450
1 700 1239 1852
1 511 1820 1703
1 13 6911 2743
2297 1784 3062 5631
1152 1 1763 7797
1 157 4623 5678
1638 1784 2471 3085
1784 849 8033 750
1784 2219 5930 6486
652 1784 6849 1199
1 2204 182 147
1263 1 2288 3011
1784 1867 8814 4837
534 1784 8546 486
817 1784 8821 5806
1 244 8510 3098
234 1784 4237 7419
2351 1 9732 2765
2363 1784 9528 203
1784 1504 5669 9834
1 1206 4222 3947
1784 522 112 2956
1784 2459 2228 9947
1784 1810 6368 3175
1275 1 8005 652
663 1 48 9474
1 1214 3062 2954
1784 2051 7484 6666
1 2178 2289 4246
1 2307 179 2786
344 1 3952 2023
1 1102 7060 2478
1784 1878 5457 5680
1 1568 5088 5009
62 1784 3887 5762
1635 1 3858 2364
168 1 4344 5461
1 2486 433 4072
567 1784 6844 7779
1 1631 5483 2768
2375 1784 3895 1033
814 1 2325 8869
1 351 9470 3199
1990 1 4726 5369
1784 1483 6035 6834
2144 1 5374 8016
1784 1996 8935 5671
1784 2224 1445 5828
1784 1304 8402 2794
1784 663 7820 6982
1059 1784 1289 3054
2179 1 8564 9737
1064 1784 4212 7451
2249 1784 9425 7313
1784 1207 162 1930
1406 1 9380 3875
1784 115 1418 939
1784 1922 1339 93
1334 1 7903 7569
1387 1 9000 41
1 509 6742 5826
1939 1 9782 7331
939 1 371 7959
1784 2161 7277 8846
1784 2038 2612 4686
1 2344 2957 7163
551 1784 2978 1225
160 1 1075 7403
2246 1 5942 1493
1 299 6767 4915
1408 1784 724 3630
1784 386 7122 5953
1784 1339 7813 5072
2255 1 2915 4145
2178 1784 7503 7693
504 1784 146 6152
1784 1822 9367 8041
65 1 8305 3379
1 669 2071 5466
1784 12 225 45
1784 466 8077 4613
1784 1427 8991 9257
2273 1 7 6182
732 1784 5396 3864
2487 1784 8123 8930
2107 1 8181 6270
1681 1784 11 4313
148 1784 4099 9398
1784 1885 4368 9178
1171 1 5084 277
1514 1 6084 2779
1784 1663 3041 9937
235 1 3839 9061
845 1 1069 3981
2154 1784 1212 4729
175 1784 574 2774
1784 45 2658 1978
1784 1952 9052 9852
1 862 9952 221
1 328 5509 1686
402 1784 9781 987
692 1784 4797 1021
604 1784 9647 3895
1 616 8644 417
788 1784 4023 5642
856 1 2375 5012
1 222 9873 4861
1784 411 9249 9790
1784 1856 9367 4979
1160 1 9761 7389
1784 1640 5634 9206
1065 1784 6524 2867
75 1 1031 8432
2136 1 1632 5831
1784 226 3718 2554
727 1 2506 2473
1784 2063 5903 1434
1784 527 2848 1197
1 90 4719 5164
1784 1914 1260 1901
1287 1784 3769 6094
2447 1784 4860 4302
1784 999 5553 6065
1784 408 6641 5366
2280 1784 4123 9857
1819 1 537 3003
1784 119 6212 6591
126 1 7389 6332
2120 1784 2022 8650
1 1741 3584 148
1482 1 2237 4038
1239 1784 1061 5393
1784 294 6864 4888
506 1784 6244 21
1 1548 3568 823
575 1784 4505 6045
1 2026 5118 6292
1784 1472 6633 5034
1 2276 516 436
1784 904 727 8136
1 1247 1551 5076
1234 1 1627 9759
570 1784 1859 960
1291 1784 1126 3955
1398 1784 9846 8135
1 649 3808 3446
2031 1784 9724 4473
1784 2452 4347 2138
958 1784 8852 8887
1108 1 2961 9588
1 125 4628 504
1 620 2348 3702
1784 222 5041 8146
1784 1341 67 7435
1181 1 871 90
1495 1784 3699 2164
1 1229 2990 1798
27 1 701 9222
1784 2241 5379 4422
962 1 546 67
1 493 5419 8891
1803 1784 3834 1152
1784 1647 1702 6379
1 2150 1963 4623
2445 1784 1273 1901
1711 1784 915 5862
1933 1 4040 9812
1 1669 7117 6972
1553 1 3656 6961
2420 1 278 2454
1784 1265 8386 2194
103 1 8478 1429
1759 1784 5794 5932
1136 1 2504 9430
1934 1784 8397 762
230 1 4786 3668
1 1272 8321 4210
2077 1 854 1470
1784 376 640 9687
1840 1784 9958 9130
1784 2156 4405 1759
1 47 6805 5175
1 410 3414 8554
1009 1 3974 1406
1 1039 5423 3493
1493 1 9592 3445
1784 1032 1758 1387
1 37 3074 3299
2026 1784 4478 9572
485 1784 6601 986
1945 1784 8519 5306
37 1784 4735 7790
1784 1503 8764 9332
1152 1784 9337 5546
1784 632 3220 1295
1954 1 7136 2446
1 2365 165 921
1784 2411 6793 7422
1784 1508 1154 766
1784 580 1109 3722
2205 1784 9652 3787
1054 1784 3549 3774
1096 1 3505 6505
1979 1784 1223 5390
1784 619 9142 1004
1 143 6973 8507
695 1 2246 4346
1784 1602 9286 8598
944 1 9947 9790
1784 179 3659 2651
1784 88 3172 2094
1744 1784 3766 8616
1995 1 9090 2544
1784 2323 6160 4564
1116 1784 7594 9631
1784 181 2102 9982
629 1 2841 134
672 1 7982 2567
1 369 1041 2691
2272 1784 7159 209
1784 1370 5858 3289
1 417 989 2862
1784 765 416 2890
1 875 4625 6506
1 1530 9355 2793
675 1784 5150 3482
1784 255 2039 988
1614 1 7330 3872
1920 1784 3706 6949
673 1784 8049 6745
481 1 5865 9262
1784 54 3850 9809
1 2359 6354 8003
1890 1 421 6461
431 1 3002 4449
1 388 4999 1357
1784 1843 3849 3862
1 524 9567 1245
297 1 9207 1350
876 1784 1899 9885
130 1 5643 7748
2381 1784 3243 1957
1 243 5934 4887
175 1 1591 9204
1461 1784 355 5755
1 644 3375 3564
110 1 5252 5726
2342 1 6929 7671
1784 2266 1027 2630
1 2430 2127 2429
1784 1750 5124 1198
1 1379 2660 4689
1 1105 2516 5193
330 1784 9246 7158
1 2141 8265 6086
1784 641 2822 4931
2417 1784 2340 2438
1 1080 3039 2216
1293 1784 905 258
2477 1 6734 4974
1 2109 1794 5063
1784 579 8244 4829
1 1818 6152 8609
1784 2304 6889 4408
647 1 5827 1586
1894 1784 5624 59
2233 1784 3403 3313
1784 912 4692 5187
1 275 4316 5586
1784 1125 6041 7422
1389 1784 1560 2263
1784 592 3185 4919
2251 1 6010 6374
2129 1784 7480 3171
708 1784 1334 6992
2478 1 4665 6143
2400 1784 4948 1981
418 1 2579 3433
1784 156 714 3595
1784 44 8308 7414
1377 1784 5326 2165
448 1 5366 1992
1 1800 8374 8401
946 1 2211 669
1 2200 1741 3938
2375 1 2613 3842
1784 2348 2730 7451
1503 1 4769 6319
1106 1 2782 6582
1 2064 4684 2181
1 121 9295 5305
2422 1 9252 5897
1166 1784 2048 6910
1784 1033 2565 6129
1 1147 2322 9085
309 1784 3686 6683
1 497 4026 4267
1784 1742 9977 6261
1784 59 9 9747
1 698 4717 5709
436 1 5295 8639
1 1634 2203 5479
1784 1519 5568 5754
1784 965 6446 1863
1193 1784 4831 6566
1784 307 9421 6349
1784 998 5497 6597
1276 1784 763 9447
1580 1 3912 7746
278 1 590 1695
1945 1 9150 1055
1784 193 2952 5874
2470 1784 3875 6710
1 492 741 3637
1784 2306 7543 8327
1784 1234 511 238
1784 1415 4858 3845
1621 1 8733 6128
2121 1784 1061 4416
1330 1 3268 6684
1 1707 3942 3957
1784 2361 9231 2651
2044 1 4719 7788
1 1999 2692 7562
1 149 635 4624
1784 935 5623 1132
1784 113 7736 6169
1 2316 6501 5261
1 2441 519 9048
1784 1698 7087 8197
396 1784 263 4469
1784 180 2133 8763
145 1 5424 1336
1 1992 4118 6679
1604 1784 2710 7084
1051 1 5546 1241
1784 767 8415 3189
1784 1211 9549 7926
2473 1 1475 5287
1784 1854 1162 841
930 1 9028 6735
1 1692 502 4081
1784 1072 386 2467
1 1758 1408 2160
1784 2402 437 4603
1784 1105 5213 121
1784 1757 6121 9012
1469 1 4077 2558
1 1143 6849 5482
704 1784 3049 5294
1784 428 6838 7490
1179 1 5117 365
1 1681 868 1778
1784 1284 3077 7961
1 349 8467 1463
509 1784 7144 4726
1784 2365 7786 8999
87 1 4757 6517
409 1 1823 5323
2083 1784 7499 8688
1 2184 3989 6237
776 1 4909 1714
1784 200 9125 3891
1 1695 7515 3558
1 1356 2138 155
1 2214 5832 3983
1 250 9816 9463
1784 2394 6271 6476
1784 653 4382 9404
1784 1272 2237 7345
306 1 2350 1331
1 1537 75 6752
1 2069 3007 3339
1 1222 1676 2073
1727 1784 261 4621
1 1449 8939 925
1 1368 7895 5934
2147 1784 6834 5405
2399 1784 1999 5721
2384 1784 8618 8349
2263 1 2286 9053
36 1784 3248 9431
990 1 3795 8327
1381 1 7256 5474
401 1 9728 5784
1 2295 1688 4930
1091 1784 945 4419
1 1242 6882 9147
1 707 8922 3669
2268 1 8074 6456
1784 147 578 4416
1 690 7153 1909
499 1784 7330 1431
1784 1901 585 1028
1117 1784 5491 7131
244 1784 235 874
2024 1 7764 7560
1159 1784 3628 8691
1 2253 1166 6955
1 996 2222 9450
1 1504 5452 9317
1784 2032 1564 4471
1784 2149 4878 2735
1 1688 3871 4663
936 1 7691 6575
2062 1 5821 5280
1 1436 8361 8045
477 1784 2710 5972
47 1784 6832 9899
1784 367 5627 6966
1784 1431 8854 1251
970 1 1461 3920
2345 1784 1919 5175
965 1 4230 7452
746 1 2099 1661
1 1561 7921 486
1 1586 2945 6838
1 83 5388 7118
1784 280 7022 9346
38 1784 1359 8716
1 688 4012 910
1711 1 5265 6954
1 106 3076 7495
1 1159 8596 2473
1784 1382 3463 6674
2483 1 3876 7358
537 1784 5654 288
341 1 4002 6188
1377 1 2675 3370
1 2216 8948 4953
584 1784 9563 4699
1423 1 8324 1912
574 1784 6194 4971
2287 1784 1304 2629
1784 14 6445 6322
1784 2030 7394 4531
299 1784 8370 1659
1 1386 3024 5178
1784 1082 1817 5574
2361 1 1533 162
496 1 3744 6945
1 1119 4549 3642
793 1 8151 4868
1784 2221 1911 5069
719 1 481 1569
1 968 2671 6639
1784 950 4948 2222
1784 512 3552 7815
1737 1784 1745 8856
2404 1 9367 5362
1 1141 2424 9659
2424 1 7936 6062
1 1755 5846 8507
720 1 4709 4641
2388 1784 530 7799
1481 1784 6786 5910
2377 1784 8892 5015
1 607 9921 3825
1392 1784 5877 8751
1 2202 339 3550
1785 1 3851 1357
1 1486 7399 9309
1784 1497 8900 279
1023 1784 1939 927
1784 1971 6875 4719
1401 1 5700 6716
1 1904 9700 8671
1784 486 7925 1084
2052 1784 5299 6125
1784 1499 1903 8430
1116 1 2244 6206
1677 1784 4209 4692
1784 861 5737 3757
1784 568 801 6859
1 2087 3007 3721
1507 1 4134 178
1411 1784 8153 9152
1183 1784 7403 1766
1784 2202 7133 1844
1817 1 7334 797
1 1672 884 8602
1784 690 9850 542
838 1 988 1570
1784 566 5838 1554
1 809 5793 5915
1626 1784 1804 620
2325 1 6264 4620
1447 1 933 7600
1641 1 7943 16
971 1 3183 230
1784 948 2669 6521
1 1962 642 1720
1784 1180 5495 2749
1784 338 2485 9766
1842 1 6910 3759
1784 390 2370 7536
1784 1231 4570 3826
1 1883 2770 9970
29 1784 3560 162
934 1784 3972 286
1784 1090 7604 5758
1784 639 3187 7221
1944 1 5360 8175
1732 1784 3062 9350
1 1208 3276 4765
1 1934 4836 277
1888 1 4944 9376
1436 1784 1898 8335
1784 1062 1558 715
107 1 6092 2155
531 1784 5474 6606
1732 1 5703 9105
2007 1 6092 1672
1784 86 1910 8718
2236 1 141 5864
1040 1 7156 256
1 2053 256 1609
2213 1 5767 4321
526 1784 2837 3445
2491 1784 1726 9122
1784 1228 5021 3503
1 134 3207 1724
620 1784 7617 1833
1192 1784 572 6961
1331 1 8102 3575
1 1077 2091 9691
947 1784 2584 8521
1266 1 9759 5399
1862 1 2317 1962
227 1 5979 6975
1788 1784 4880 6261
43 1 6219 3239
1784 2035 5057 7668
1784 1752 2455 3253
1784 2105 7621 9449
1 2237 4277 5457
163 1784 8802 2793
1784 2169 1660 428
370 1 1417 9551
1784 405 9948 9613
2055 1784 5371 7911
1911 1 6320 7794
1784 2268 4928 6854
1 676 9648 9087
2037 1784 1785 7109
1784 615 7835 1408
608 1784 6150 2875
2238 1784 1873 3632
2079 1784 5236 3357
2314 1784 7915 6400
442 1 8273 708
1784 666 4582 4907
1784 915 9799 1011
844 1 922 6683
692 1 1332 8863
714 1 8536 6733
571 1 2903 3471
1878 1 497 2538
1784 2004 3031 7409
1784 1215 8471 4151
230 1784 702 611
595 1 4808 7453
400 1 7014 9155
2250 1 8424 4529
1 599 6466 9454
816 1 6625 4088
5 1784 2099 9940
1784 1917 1209 8296
233 1784 3944 282
1413 1 9665 676
2073 1784 9684 6830
1 974 5499 3804
1887 1 5850 5809
1784 2260 1762 4208
1065 1 4014 9244
598 1784 5244 6114
1902 1 732 6702
1146 1784 7600 8611
240 1784 5039 6507
1 876 8503 9916
334 1784 3634 4371
1746 1784 818 3062
1434 1784 8823 5827
2180 1 9793 666
1784 2251 3886 161
1784 1551 3311 1579
664 1 9979 7368
1373 1784 5079 7109
1 853 1786 4997
1784 109 2350 2760
1784 2392 6168 261
823 1784 3366 4406
825 1784 8885 1245
1784 236 9886 8848
1670 1784 7651 5805
2330 1 6650 4000
1784 1418 5264 164
1 1342 3493 1715
1784 703 796 7180
1870 1 872 2749
1784 796 6221 7492
1784 401 830 6614
851 1 5488 2920
2213 1784 6887 9380
2109 1784 4713 9304
1784 1739 9418 7220
1784 1532 9759 1769
1784 779 9912 9134
1784 1985 3978 9482
1 1930 1197 5792
1784 1721 638 6205
1444 1 987 2906
1 1549 1553 3015
1784 126 480 1973
264 1 2236 9520
1784 1096 3694 922
1784 1397 3835 4091
1490 1 3723 5620
1784 451 4352 4487
416 1784 3537 8865
1784 535 9269 906
1651 1 1991 1037
2088 1 5670 9722
1834 1784 8823 9889
1 775 6273 1381
1770 1784 9845 2417
1784 852 9221 8146
1784 1021 3421 3473
1530 1784 9830 4207
2147 1 2457 8348
2324 1 7996 4476
1 1111 9470 9814
2333 1784 6665 433
1 1240 9849 107
1 2394 4069 9244
1 1895 3846 5083
1 581 7496 6554
1784 1792 2731 6898
1677 1 3651 1472
381 1784 1818 3817
1784 778 9220 2465
1112 1 5727 251
1837 1 479 6927
1 1737 4717 5094
1784 1881 7702 2911
446 1 1298 445
1 1301 6398 2615
548 1 3529 3980
1819 1784 350 1816
1784 995 7561 135
1 1786 3221 2327
2221 1 7622 9383
282 1784 8558 3900
1 2102 7045 3859
1018 1 503 8990
1784 1844 1212 1754
1784 868 586 5339
1784 178 3781 6415
730 1 4948 6976
1 322 8281 1483
1 750 8761 3777
1639 1 1011 5560
2393 1784 6700 9837
1784 1994 4775 5537
1491 1 7443 6291
1784 1274 6690 2370
724 1784 3410 8402
211 1 5069 9593
832 1784 61 962
1 1749 9058 9924
1232 1784 9518 3668
1 1859 7373 183
1784 1725 7060 9378
141 1784 507 8226
2464 1784 2370 5623
629 1784 7779 7266
1 64 7189 5212
258 1 6436 3449
1033 1 6936 8314
1914 1 5151 8555
1784 785 2758 6846
1038 1784 501 5427
1 1029 3894 2737
1784 1814 4490 7614
1 1420 1017 2180
2141 1784 7707 9598
2370 1784 9183 460
1784 1042 492 907
1784 2328 8750 5204
1741 1784 3813 3647
553 1784 732 130
1784 977 2251 5638
339 1784 7726 1650
2308 1784 8901 7257
1 1056 2911 4391
1784 2139 1161 5946
1 592 7877 3085
1 2183 8999 3432
795 1 2484 6623
202 1 9644 5026
1 94 1634 8884
1820 1 8603 2365
1784 2060 5831 8337
1 1472 4425 807
1784 1825 9689 1973
1539 1784 9443 6459
738 1 2895 619
1784 2011 248 5924
1784 238 7210 2393
2316 1784 7369 7359
1494 1 8678 14
1 1563 807 7432
1338 1 8769 1989
1554 1 482 287
1784 1368 5965 3559
1784 1127 818 2967
792 1 8825 3007
1 2229 2525 6978
1 705 258 1727
747 1784 7899 2725
1266 1784 2373 5496
1989 1784 3020 3468
1 1092 4069 9664
1 48 4361 3060
1404 1 7391 3076
1 964 2378 6937
919 1 9764 8410
2195 1784 8453 990
219 1784 8984 9010
149 1784 2300 1784
1784 1165 7548 4634
839 1784 1627 2096
1597 1784 545 1358
1784 714 5084 8198
1078 1784 978 3373
638 1784 5341 9722
1784 2312 1587 7882
469 1784 19 2886
1784 508 3458 3657
1784 2027 7455 1684
891 1784 7849 4693
610 1 687 6135
1784 1631 3825 5279
1937 1 3967 1730
1784 945 7441 6442
1 1093 2172 925
1139 1784 3419 6608
1 2235 7063 476
2029 1 2414 9955
1784 34 5139 7236
174 1 5544 9786
49 1784 4892 2034
1 1596 8118 8847
985 1784 9721 4740
1805 1784 5563 8686
1784 943 4670 6210
1194 1 9305 7242
2244 1 5131 8990
1344 1 1431 9583
1501 1784 8176 5492
1784 1121 4177 587
1 1014 7761 2457
1020 1784 9347 4787
1 982 8255 2583
1784 1034 9969 9743
2428 1 1899 4239
2409 1784 6443 7244
1784 447 3046 333
1784 2352 1644 201
1 852 1555 5469
271 1784 6115 1824
2484 1784 1661 6748
1157 1 9278 1146
214 1784 6660 4765
22 1784 8175 7651
691 1 8797 7266
1 1433 9815 9368
1784 885 8440 211
66 1 4556 4916
1 935 9814 2141
1043 1 6162 4147
1123 1784 3692 9357
1190 1 1444 7579
1 1824 52 4116
1 1627 6240 7026
1983 1 251 7747
1 173 7958 9684
1 1923 5870 7295
496 1784 9967 8883
8 1784 6238 7326
1784 746 2723 9102
9 1 7830 5058
281 1784 9117 3301
1784 683 2905 5688
1965 1784 9070 556
1040 1784 2051 3613
657 1 5501 817
1784 1870 7497 2976
1784 1560 9600 7605
63 1 7359 3571
1784 1422 520 6915
1784 301 6134 5731
1 1081 6872 3922
1 1959 7209 8113
1861 1 5026 1247
1717 1784 8318 9751
1784 352 7947 3232
1784 694 4073 4192
1 2271 5057 5769
1784 1866 8677 8213
1333 1 4608 3086
1784 122 4858 2744
2189 1784 8906 6564
1 646 9712 8361
625 1784 7779 9045
2223 1784 8993 1979
689 1784 9380 6470
487 1784 4500 5557
1784 191 9497 6361
1 2338 9236 5912
1784 511 4708 4582
1012 1 8357 2004
937 1 4699 2378
2303 1 3096 5968
1 1659 8442 1256
1 1371 8200 8708
1784 646 9486 9217
1976 1784 3310 6888
1717 1 814 8593
860 1 3948 6867
1 2315 7544 9960
898 1 7750 7436
1 1139 1700 7934
1784 1002 3031 3131
1748 1 9638 2644
1784 776 9163 5763
1255 1 2787 8896
1 1778 8302 3575
1784 364 5592 226
1404 1784 2984 757
1784 1046 5802 3476
711 1 301 3037
1559 1 4476 7282
856 1784 9609 8894
550 1 4288 3908
2425 1 684 5963
2153 1784 1558 457
947 1 3478 550
1 1321 9971 4671
195 1784 531 837
1 881 4770 5595
1 1315 7243 5185
1784 245 704 3083
2161 1 6928 2417
1 1064 8494 6429
320 1784 1721 2457
370 1784 3069 4184
1784 1022 6460 442
1 625 819 2605
57 1 4121 3268
1 522 1968 9501
1784 1903 1310 6144
1 773 1694 5935
114 1 7536 8302
2405 1784 3430 5524
1 1327 1446 7068
70 1784 437 1386
357 1784 7035 9106
1784 2275 3693 340
1 2493 9554 9412
1899 1784 4519 840
1 1864 3281 4564
7 1784 6916 6328
1784 824 6049 3762
1 1050 2895 6197
1784 550 5893 183
855 1 3507 7630
331 1784 3914 8833
1784 159 7119 596
1784 2177 7978 9477
1771 1784 4615 3040
694 1 794 1533
2017 1 8546 4065
1 1122 5932 8027
2200 1784 9096 3751
10 1784 5560 5588
1 1115 7431 9842
1455 1 3483 1010
1784 1080 8184 7554
1784 1248 5399 7920
159 1 7853 5517
1 922 2629 6304
1 687 3478 5619
1784 1372 7724 1508
2310 1 289 4056
2073 1 795 1574
1784 749 6295 4020
660 1 1570 9864
1 540 9668 8744
519 1 541 7803
1576 1 3282 9104
1880 1 9789 1191
1505 1 6132 2804
535 1 1966 7289
1784 217 7377 4308
764 1 9535 988
1 2448 8255 9814
1784 422 7688 8922
164 1784 2816 1274
1784 1449 2062 466
2327 1784 5203 9661
1 440 9311 3601
1456 1784 8590 6646
1784 2296 8112 8861
1063 1 8911 5303
1473 1784 5614 3508
1774 1 2780 9884
1 363 6479 4539
1784 124 5188 7417
1 136 1820 4944
1784 1029 4294 3597
1 972 2154 2860
1784 680 9292 5835
266 1 2116 2246
1784 438 2711 888
1 139 3475 6806
1719 1784 1797 380
1 1200 2907 6460
1908 1784 6493 4276
1860 1784 1699 7952
1671 1 5087 5858
1784 1270 3026 9494
325 1784 233 1928
1 2054 9795 5525
1499 1 3944 5255
1197 1784 316 1894
2460 1 2986 5839
1 478 1101 8121
1381 1784 660 4225
2078 1 3248 5633
1 2111 8404 1048
1 284 6025 6958
1797 1 765 9900
1784 515 3793 6691
1 2186 393 8282
423 1 2346 8054
503 1 4811 1096
1316 1784 3762 3090
1 1435 8577 6695
1784 427 7159 3885
1548 1784 4911 1158
1432 1 1643 4698
1784 661 5955 5216
726 1 9693 1106
878 1 9574 9167
1784 2125 5828 3949
449 1 179 340
1784 1073 4811 5404
1784 949 4140 3122
1784 363 4236 5206
2294 1784 8984 502
1162 1 9844 3841
1 815 9101 2169
2068 1 1683 2968
1784 907 4447 3057
1784 2412 4942 5008
155 1784 9925 6556
1794 1 4068 4032
1468 1784 1378 5172
1 1591 1536 3492
1 1847 6596 3066
678 1784 7941 4214
1784 84 5469 8814
1633 1 2886 3946
539 1784 2997 5258
1 873 9543 7619
2442 1 8284 8029
343 1784 3461 473
471 1784 3841 3193
2240 1784 4064 881
1784 1662 1998 1968
1784 437 6791 739
1 221 3996 7564
1 693 5806 6575
1833 1 4491 4005
939 1784 9123 8726
1784 102 9792 1749
2395 1 1420 9632
1950 1784 8625 4159
1 1971 1113 3368
1 1836 6348 3518
1784 1566 9072 7495
2101 1 9632 7150
1462 1784 2062 3953
1599 1784 536 1262
1 1006 1657 6651
1784 2284 6099 7443
1784 183 1111 8716
186 1 2773 7646
1 1543 6428 1427
2089 1784 2733 2374
1 1699 8661 4723
1478 1 9931 2046
1 76 6712 6109
2104 1 79 2461
1 1823 8636 674
1784 1763 1562 9576
59 1 6382 7175
897 1 2675 9432
1784 412 4857 360
1784 2310 8370 2884
1 2118 4995 9050
1 1323 5811 7737
1 2 9494 538
1784 2151 2281 7878
2368 1784 1363 6058
165 1784 6359 551
1853 1784 4255 7298
1784 1025 6882 8325
864 1784 8048 839
1164 1 1272 174
1784 1997 9627 4721
2086 1784 8084 2423
1 1649 3496 8236
1 596 6346 7294
1079 1 51 2529
1784 393 4214 9970
2443 1 8089 6607
1784 774 984 9744
1195 1 7143 3697
1 1473 2063 129
805 1784 7217 5569
1784 2383 8980 8230
1784 1769 7384 3134
1784 2420 2593 3611
2234 1784 9404 1346
1 995 3878 575
1 1736 736 6735
1 1751 3906 505
1986 1784 3648 4459
1483 1 1518 3008
2091 1 6327 1794
1150 1784 5300 4094
1348 1784 1485 2162
1331 1784 5093 8101
1010 1 33 2099
1784 1635 3427 5921
1230 1 4129 9379
696 1784 4979 3819
1784 544 9515 2120
1 823 7345 333
1784 1846 1860 5724
585 1 1575 5973
2189 1 6597 1344
1784 187 8157 4795
1784 1911 2157 1710
2482 1 9578 6568
1832 1 1245 6488
1 818 2229 7388
725 1 3452 1539
1 2153 9339 9447
1 981 8566 8231
1 1762 8851 9228
1653 1 3953 6936
291 1 1729 1315
1 2090 5948 9563
1118 1 7195 3928
2009 1 6428 1618
1784 1660 447 8176
1596 1784 1492 4194
177 1 165 7330
1 1854 5107 8498
655 1 572 4433
1097 1 7266 4487
382 1784 4731 8624
2168 1 9953 155
1784 630 4458 5845
1784 1262 3104 4662
1 2269 6883 8125
1727 1 1842 6439
444 1784 9786 1666
1 748 4377 3996
1638 1 3441 6553
506 1 7658 694
1 1465 565 7976
980 1784 5336 912
1784 1569 8350 4958
988 1784 2752 2478
259 1784 720 7994
38 1 7858 30
1020 1 8802 990
96 1 5749 1496
2270 1784 8930 1929
1226 1 2974 3865
1 2357 7656 1233
640 1784 2762 3287
1784 2092 2307 5113
1913 1 6197 1114
1784 722 652 8878
1196 1 1730 4680
1758 1784 8599 8673
1784 758 6083 3268
1784 713 807 3204
2307 1784 8194 4322
670 1784 1426 4364
1784 316 165 5920
1 2159 1972 1274
237 1 7986 1048
1784 2341 5297 8219
1784 1817 7921 6860
1784 1531 1826 4928
1 380 7840 3438
878 1784 2842 954
1482 1784 1425 4897
1 101 5740 4194
2057 1 7127 9793
1 1605 9424 5558
1784 137 3859 8988
1784 2437 2414 6873
1 943 4078 4462
2135 1784 267 2104
1 1355 8628 6394
1811 1784 1194 792
1 645 8293 790
197 1784 3152 4469
2311 1 6269 9702
1784 417 1373 7721
585 1784 3726 3002
1784 1031 1707 5841
1784 423 3008 640
1367 1784 2174 166
1784 1970 4805 221
1 2275 4648 7118
2340 1784 3276 3409
2173 1784 3932 8373
1784 1206 8687 771
1122 1784 6843 1973
1784 1765 5207 6155
280 1 742 7367
1444 1784 6923 1974
1 1603 9200 7060
679 1 5230 6055
1784 1343 9074 2281
1784 2070 8168 4423
1269 1784 8562 5060
1784 1049 4755 5708
2484 1 6474 8453
1535 1784 4497 1758
626 1784 5990 8586
1161 1 2665 5874
2150 1784 885 7366
1784 1687 439 2487
1 1743 7553 7651
1980 1784 5851 7507
987 1784 2414 1009
143 1784 5205 4865
1784 1230 3244 9909
1606 1 9265 9306
1784 2133 8751 2828
1784 1787 5139 1511
1784 681 6609 6268
1763 1 5171 5237
1 21 2525 1748
1 2447 1039 1200
2211 1784 3159 8515
1485 1784 923 1361
1784 1988 9605 9109
1526 1784 2102 1761
1784 1477 5517 5390
1 1703 636 7510
1784 168 2328 3273
1057 1784 130 5652
2157 1 770 8483
1784 1995 429 4072
1451 1784 1857 658
331 1 676 2806
1784 1673 6621 915
1784 434 2788 4681
1 2093 4262 2719
1784 298 6131 4104
1780 1 5434 2782
1 2284 1752 7743
673 1 2863 1539
1 1867 4559 4927
1784 129 3854 7509
1784 326 6399 5052
1 925 7136 4124
1395 1 2919 6122
1784 315 9000 2696
2110 1784 9779 5217
1 2066 5398 6247
1784 1151 8498 6800
1784 605 7121 8904
114 1784 7318 6252
1 360 17 3827
536 1784 3929 2745
1 77 1157 2792
139 1784 2602 7491
712 1 4356 1423
667 1784 8452 2768
1784 446 5761 1801
88 1 4285 8838
1 1722 8527 704
940 1 9929 4181
1 1642 4484 9581
1 1399 5767 3428
1784 1223 1952 6195
1784 1460 657 4696
1784 1247 4792 6732
15 1 7879 9751
1347 1784 4209 757
1850 1784 839 4491
1204 1 9506 7822
1 1290 1834 6560
1784 624 251 9058
1784 719 6705 9978
1 2225 1825 8571
1689 1 4520 4553
55 1784 5076 6186
1176 1784 6637 7489
627 1 380 4710
1552 1 4061 372
1784 2329 4817 1174
1784 705 7964 4729
1 163 5122 9083
1 899 5501 8467
2267 1 8670 6007
772 1 2923 1133
1 1852 844 6909
2222 1784 4214 6668
335 1784 1350 5475
2133 1 8832 1470
2207 1784 1714 7103
203 1 2727 7160
1 1750 3910 8160
1 1851 3955 5188
1784 1198 6485 543
1495 1 8779 7953
1784 1584 923 5135
1784 2069 4434 3216
1133 1784 5174 1225
610 1784 4606 7272
1344 1784 3801 1913
1 1352 4764 3076
1208 1784 306 9824
480 1784 3181 506
1071 1 2427 1030
1 1292 4994 497
2372 1 6525 2208
928 1 6464 1096
552 1784 4992 1403
1551 1 7260 5266
1 494 7596 5482
1784 1158 9807 7054
340 1 7010 2133
1 1484 2896 4245
1784 781 1317 3553
1 374 4665 2149
1937 1784 9449 1749
1873 1 2412 2221
447 1 2199 7081
2138 1 8133 3712
