30 1 2 3 4 5 6 7 8 9 10 11 12 13 14 15 16 17 18 19 20 21 22 23 24 25 26 27 28 29 30
15
50 15 1 2 3 4 5 6 7 8 9 10 11 12 13 14 16
50 15 2 3 4 5 6 7 8 9 10 11 12 13 14 15 17
50 15 3 4 5 6 7 8 9 10 11 12 13 14 15 16 18
50 15 4 5 6 7 8 9 10 11 12 13 14 15 16 17 19
50 15 5 6 7 8 9 10 11 12 13 14 15 16 17 18 20
50 15 6 7 8 9 10 11 12 13 14 15 16 17 18 19 21
50 15 7 8 9 10 11 12 13 14 15 16 17 18 19 20 22
50 15 8 9 10 11 12 13 14 15 16 17 18 19 20 21 23
50 15 9 10 11 12 13 14 15 16 17 18 19 20 21 22 24
50 15 10 11 12 13 14 15 16 17 18 19 20 21 22 23 25
50 15 11 12 13 14 15 16 17 18 19 20 21 22 23 24 26
50 15 12 13 14 15 16 17 18 19 20 21 22 23 24 25 27
50 15 13 14 15 16 17 18 19 20 21 22 23 24 25 26 28
50 15 14 15 16 17 18 19 20 21 22 23 24 25 26 27 29
50 15 15 16 17 18 19 20 21 22 23 24 25 26 27 28 30