30
167
1 25
1 24
1 23
1 22
1 20
1 19
1 18
1 17
1 11
1 10
1 9
1 8
1 7
1 4
2 27
2 22
2 15
2 13
2 11
2 9
2 7
2 5
2 4
2 3
3 29
3 27
3 21
3 18
3 17
3 13
3 10
3 7
3 4
4 30
4 26
4 25
4 22
4 18
4 15
4 14
4 10
4 8
5 30
5 29
5 27
5 25
5 23
5 20
5 19
5 17
5 16
5 15
5 14
5 9
5 7
6 29
6 28
6 25
6 24
6 23
6 19
6 17
6 14
6 11
6 10
6 8
6 7
7 28
7 19
7 16
7 15
7 10
7 9
7 8
8 30
8 29
8 28
8 26
8 25
8 22
8 21
8 20
8 18
8 16
8 12
8 9
9 26
9 25
9 19
9 15
10 29
10 27
10 12
10 11
11 28
11 27
11 25
11 23
11 20
11 15
11 13
11 12
12 29
12 28
12 27
12 24
12 22
12 18
12 16
12 14
12 13
13 30
13 29
13 26
13 17
13 16
13 15
14 30
14 25
14 23
14 22
14 19
14 18
14 15
15 28
15 25
15 23
15 21
15 17
15 16
16 23
16 21
16 19
17 30
17 27
17 26
17 20
17 19
18 29
18 28
18 26
18 21
18 20
18 19
19 28
19 23
19 21
20 30
20 29
20 23
20 22
21 29
21 27
21 25
21 24
21 23
21 22
22 25
22 23
23 29
23 27
24 29
24 27
26 30
27 29
27 28
28 30
