100
1305
1 100
1 98
1 96
1 94
1 91
1 79
1 73
1 71
1 70
1 67
1 54
1 52
1 51
1 44
1 39
1 38
1 37
1 35
1 33
1 26
1 25
1 21
1 19
1 13
1 9
1 2
2 98
2 93
2 90
2 87
2 81
2 78
2 76
2 64
2 59
2 51
2 50
2 47
2 45
2 44
2 41
2 39
2 34
2 33
2 32
2 30
2 29
2 24
2 23
2 19
2 10
3 100
3 99
3 96
3 95
3 93
3 79
3 73
3 70
3 67
3 64
3 62
3 61
3 58
3 43
3 42
3 38
3 30
3 25
3 22
3 19
3 13
3 10
4 96
4 93
4 92
4 84
4 83
4 79
4 76
4 67
4 66
4 65
4 63
4 57
4 54
4 52
4 39
4 33
4 25
4 23
4 22
4 20
4 13
5 85
5 81
5 79
5 74
5 72
5 71
5 67
5 66
5 54
5 52
5 50
5 49
5 48
5 39
5 36
5 33
5 28
5 25
5 17
5 15
5 8
5 6
6 92
6 86
6 75
6 73
6 68
6 66
6 64
6 62
6 61
6 59
6 57
6 56
6 55
6 45
6 41
6 35
6 28
6 22
6 18
6 16
6 15
6 8
7 100
7 95
7 94
7 91
7 90
7 86
7 80
7 78
7 75
7 73
7 71
7 70
7 61
7 60
7 56
7 50
7 43
7 40
7 38
7 26
7 23
7 20
7 14
7 13
7 11
7 10
7 9
8 99
8 98
8 95
8 93
8 92
8 91
8 89
8 88
8 86
8 85
8 82
8 81
8 78
8 76
8 74
8 73
8 67
8 66
8 64
8 54
8 51
8 50
8 48
8 43
8 38
8 37
8 34
8 32
8 24
8 20
8 19
8 10
9 100
9 98
9 96
9 94
9 89
9 82
9 65
9 64
9 58
9 54
9 52
9 49
9 46
9 45
9 44
9 43
9 39
9 37
9 36
9 33
9 32
9 28
9 25
9 16
9 15
9 12
9 11
10 100
10 99
10 98
10 95
10 92
10 90
10 89
10 86
10 84
10 82
10 81
10 80
10 75
10 66
10 64
10 49
10 46
10 44
10 41
10 40
10 36
10 26
10 21
10 14
10 12
11 99
11 95
11 90
11 88
11 64
11 63
11 61
11 52
11 51
11 50
11 46
11 44
11 43
11 38
11 26
11 25
11 23
11 22
11 20
11 19
11 16
11 15
11 12
12 99
12 97
12 96
12 91
12 82
12 80
12 79
12 69
12 67
12 63
12 61
12 60
12 57
12 54
12 53
12 52
12 47
12 44
12 43
12 36
12 34
12 26
12 23
12 21
13 100
13 92
13 91
13 88
13 87
13 81
13 77
13 76
13 75
13 73
13 70
13 66
13 62
13 58
13 53
13 49
13 36
13 29
13 28
13 26
13 25
13 23
13 17
14 100
14 99
14 93
14 86
14 84
14 83
14 81
14 72
14 69
14 65
14 64
14 63
14 62
14 53
14 50
14 49
14 47
14 45
14 42
14 36
14 34
14 31
14 30
14 24
14 17
15 97
15 92
15 89
15 88
15 80
15 77
15 74
15 59
15 56
15 45
15 43
15 41
15 40
15 39
15 36
15 27
15 25
15 24
15 22
15 17
16 94
16 88
16 80
16 77
16 74
16 71
16 64
16 62
16 61
16 60
16 56
16 55
16 49
16 46
16 35
16 33
16 30
16 29
16 24
16 21
16 19
16 18
17 99
17 97
17 96
17 95
17 93
17 92
17 80
17 78
17 75
17 73
17 69
17 62
17 58
17 41
17 35
17 32
17 26
17 25
17 23
17 19
17 18
18 99
18 97
18 90
18 89
18 87
18 82
18 79
18 65
18 60
18 57
18 52
18 51
18 49
18 43
18 41
18 40
18 38
18 33
18 30
18 28
18 26
19 99
19 98
19 86
19 85
19 83
19 74
19 70
19 68
19 66
19 63
19 62
19 59
19 53
19 52
19 49
19 46
19 41
19 38
19 36
19 35
19 32
19 31
19 30
19 28
19 23
20 96
20 94
20 92
20 90
20 86
20 80
20 73
20 72
20 67
20 45
20 42
20 41
20 33
20 28
20 27
21 99
21 89
21 85
21 82
21 79
21 78
21 77
21 72
21 59
21 56
21 50
21 48
21 46
21 45
21 36
21 35
21 34
21 33
21 31
21 27
21 23
21 22
22 98
22 93
22 92
22 91
22 90
22 83
22 78
22 72
22 69
22 68
22 59
22 54
22 47
22 45
22 36
22 34
22 32
22 31
22 25
22 23
23 99
23 93
23 90
23 84
23 81
23 80
23 79
23 78
23 75
23 67
23 63
23 57
23 50
23 41
23 40
23 39
23 35
23 29
23 27
23 26
24 99
24 84
24 83
24 82
24 81
24 79
24 78
24 71
24 68
24 63
24 62
24 53
24 47
24 46
24 44
24 42
24 38
24 35
24 34
24 25
25 90
25 87
25 84
25 80
25 79
25 78
25 70
25 67
25 65
25 63
25 62
25 52
25 50
25 39
25 36
25 34
25 32
25 31
25 29
26 100
26 99
26 97
26 93
26 91
26 86
26 82
26 81
26 79
26 77
26 72
26 71
26 70
26 69
26 66
26 63
26 58
26 57
26 54
26 41
26 37
26 36
27 98
27 86
27 73
27 70
27 66
27 59
27 58
27 52
27 48
27 45
27 41
27 39
27 29
27 28
28 92
28 86
28 84
28 81
28 76
28 75
28 73
28 72
28 70
28 69
28 67
28 64
28 58
28 55
28 49
28 46
28 44
28 40
28 30
29 98
29 96
29 92
29 89
29 85
29 78
29 77
29 76
29 74
29 73
29 72
29 71
29 68
29 64
29 59
29 55
29 40
29 36
29 35
30 99
30 94
30 83
30 81
30 79
30 76
30 74
30 73
30 72
30 71
30 70
30 66
30 57
30 54
30 52
30 51
30 48
30 46
30 44
30 43
30 40
30 37
30 31
31 100
31 90
31 89
31 87
31 86
31 83
31 82
31 81
31 79
31 77
31 76
31 69
31 68
31 58
31 55
31 52
31 47
31 43
31 41
31 36
31 34
31 33
31 32
32 97
32 96
32 94
32 81
32 79
32 72
32 71
32 62
32 51
32 49
32 43
32 39
32 35
33 99
33 95
33 90
33 86
33 81
33 79
33 75
33 72
33 71
33 69
33 68
33 53
33 51
33 48
33 40
33 39
34 99
34 96
34 94
34 87
34 85
34 80
34 79
34 78
34 70
34 68
34 61
34 59
34 58
34 57
34 55
34 53
34 48
34 47
34 46
34 44
34 37
34 36
34 35
35 94
35 93
35 92
35 91
35 88
35 85
35 80
35 77
35 72
35 62
35 61
35 51
35 48
35 42
35 41
36 98
36 93
36 92
36 91
36 89
36 88
36 82
36 81
36 63
36 62
36 55
36 50
36 44
36 42
36 40
37 93
37 88
37 86
37 85
37 77
37 71
37 70
37 66
37 63
37 61
37 60
37 55
37 52
37 51
37 47
37 41
37 40
37 38
38 87
38 77
38 76
38 75
38 73
38 68
38 64
38 63
38 62
38 61
38 58
38 56
38 55
38 53
38 49
38 45
39 97
39 96
39 95
39 90
39 88
39 87
39 82
39 77
39 76
39 75
39 70
39 69
39 67
39 63
39 50
39 49
39 48
39 46
39 43
39 42
39 40
40 95
40 93
40 90
40 77
40 76
40 75
40 70
40 66
40 65
40 61
40 59
40 57
40 56
40 50
40 49
40 48
40 47
40 45
40 43
40 41
41 100
41 94
41 92
41 88
41 85
41 82
41 80
41 79
41 60
41 50
41 46
41 44
42 99
42 96
42 84
42 82
42 81
42 74
42 73
42 72
42 65
42 61
42 59
42 58
42 57
42 56
42 55
42 46
43 100
43 94
43 84
43 77
43 75
43 70
43 69
43 66
43 64
43 62
43 57
43 53
43 52
43 51
43 48
43 47
43 45
44 99
44 97
44 95
44 89
44 86
44 84
44 83
44 82
44 80
44 78
44 72
44 68
44 65
44 62
44 59
44 57
44 50
45 97
45 92
45 89
45 81
45 79
45 78
45 76
45 65
45 63
45 61
45 55
45 49
46 100
46 95
46 94
46 91
46 83
46 82
46 81
46 80
46 79
46 77
46 68
46 60
46 56
46 49
46 48
46 47
47 99
47 90
47 86
47 84
47 82
47 79
47 77
47 74
47 70
47 59
47 58
47 56
47 55
47 51
48 96
48 90
48 87
48 82
48 80
48 78
48 75
48 69
48 65
48 64
48 62
48 61
48 55
48 52
49 94
49 91
49 89
49 82
49 79
49 71
49 63
49 58
49 57
49 52
49 50
50 94
50 89
50 86
50 85
50 82
50 80
50 78
50 73
50 69
50 67
50 62
50 61
50 60
50 57
50 56
50 51
51 95
51 91
51 88
51 84
51 83
51 82
51 81
51 80
51 76
51 74
51 73
51 68
51 67
51 66
51 64
51 62
51 61
52 97
52 96
52 87
52 79
52 78
52 69
52 66
52 65
52 63
52 53
53 100
53 96
53 92
53 85
53 81
53 79
53 76
53 68
53 67
53 61
53 58
53 54
54 91
54 70
54 69
54 65
54 60
54 59
54 57
55 100
55 92
55 90
55 88
55 87
55 79
55 69
55 68
55 67
55 64
55 63
55 60
55 58
56 97
56 95
56 92
56 90
56 81
56 79
56 71
56 68
56 63
56 58
57 96
57 90
57 78
57 71
57 62
58 100
58 99
58 95
58 94
58 86
58 77
58 74
58 59
59 99
59 98
59 97
59 95
59 91
59 90
59 86
59 84
59 78
59 77
59 73
59 72
59 69
59 67
59 65
60 92
60 90
60 85
60 73
60 69
60 68
60 67
60 66
60 63
60 61
61 100
61 97
61 96
61 90
61 84
61 83
61 81
61 76
61 74
61 73
61 71
61 67
61 66
61 65
61 63
61 62
62 98
62 97
62 96
62 93
62 90
62 89
62 87
62 85
62 82
62 79
62 78
62 77
62 75
62 74
62 67
62 64
63 94
63 93
63 88
63 85
63 83
63 82
63 74
63 70
63 69
63 66
64 100
64 93
64 87
64 79
64 77
64 76
64 69
64 66
64 65
65 98
65 92
65 89
65 88
65 82
65 81
65 73
65 69
66 95
66 91
66 90
66 88
66 82
66 81
66 80
66 75
66 68
67 100
67 97
67 82
67 80
67 74
67 70
68 92
68 85
68 79
68 75
68 73
69 100
69 99
69 96
69 94
69 89
69 87
69 85
69 83
69 81
69 78
69 70
70 100
70 95
70 92
70 88
70 87
70 75
70 71
71 94
71 92
71 91
71 90
71 83
71 79
71 78
71 75
71 73
71 72
72 96
72 94
72 93
72 77
73 100
73 98
73 88
73 74
74 100
74 80
74 79
74 76
75 93
75 87
75 83
75 81
76 95
76 93
76 90
76 89
76 85
76 82
77 97
77 96
77 94
77 87
77 86
77 80
78 99
78 96
78 94
78 92
78 86
79 97
79 95
79 94
79 93
79 85
79 83
80 97
80 91
80 87
81 100
81 99
81 98
81 97
81 95
81 89
81 86
81 82
82 100
82 98
82 95
82 92
83 98
83 97
83 93
83 92
83 85
84 100
84 99
84 96
84 93
84 86
84 85
85 98
85 97
85 90
85 89
85 87
86 98
86 93
86 92
86 90
86 87
87 99
87 98
87 91
88 97
88 96
88 95
88 93
88 92
88 91
88 90
88 89
89 100
89 94
89 92
90 98
90 92
92 99
93 94
94 99
94 98
94 95
95 96
96 100
97 98
99 100
