5000
2707
1878
2695
953
3861
1923
3903
712
1258
3092
2166
2737
1704
4543
4672
2441
71
75
4540
127
1011
4610
4732
1539
2074
3317
92
1939
3493
4604
4187
3202
4133
491
4106
3122
2176
2243
3337
969
328
378
1964
573
2097
3442
4324
3954
3286
4052
3950
2770
4102
4452
2295
3929
4913
3688
2665
4059
4155
3377
4783
310
2070
1401
4644
598
1840
1951
2579
2157
4907
2505
2294
3344
2319
4297
1804
3451
4815
3284
3427
4943
3931
3207
90
2335
4394
3816
4914
507
2738
4279
659
4074
1891
3331
1341
2323
1893
799
3
859
1848
273
4555
4793
252
237
4584
845
437
3363
3103
2887
1605
3879
4186
1839
4669
4781
3477
3709
3609
2235
1616
2289
2809
2017
1970
1398
551
3492
4325
4981
4091
854
4851
4701
719
3735
1039
974
4876
4261
4159
223
292
4991
4539
3599
2771
1442
3009
1287
1201
445
1858
4042
2322
1248
3057
1712
3633
2534
1426
1324
349
2153
4160
1749
3663
2310
3524
2023
1064
2197
3602
1384
1734
3024
4551
216
4263
2987
3840
2479
4152
640
2261
2854
4905
2888
1649
855
2111
3290
2507
4918
3696
321
2759
4752
2375
3624
2057
3876
4529
2162
304
950
2678
4209
4801
520
1961
1234
2823
1500
3429
915
1555
2474
4013
3365
4280
4218
699
4545
1219
653
2686
1413
3436
1519
227
2160
4710
1844
2902
2331
509
3737
1755
1110
1506
1184
4720
132
1894
847
196
4321
2780
4759
1789
1982
3726
1157
660
584
920
1239
4342
1484
3503
4241
1697
2692
883
4863
4347
3679
3979
3927
1383
2315
56
1030
3045
4225
1559
615
4989
376
4685
603
1057
4233
4508
3905
899
913
933
2026
1613
4553
2512
569
3241
1099
1657
277
3530
3537
941
610
745
1783
4803
602
3026
634
4910
3155
654
2303
4532
4286
760
1735
808
3987
3703
1145
4903
2958
3107
3174
2600
3040
2795
1618
4957
125
2135
4423
171
1230
2423
1525
4996
500
494
2755
279
487
3048
1505
3913
4382
2643
204
3505
1974
1890
3157
2819
25
1082
4365
2937
3947
713
4770
3414
928
3060
85
2597
1031
2428
3277
4242
3986
1369
662
3820
3628
3426
383
616
489
3729
3121
1780
1077
3504
1824
3454
1705
617
3218
4453
3354
2193
1823
4120
4285
3691
3332
3392
126
3262
4388
3003
2469
3025
2491
89
526
367
1768
4511
3762
4915
2822
1164
4329
642
4249
4864
4911
2429
1007
1797
1567
3725
2204
4185
558
821
727
3320
1305
344
628
147
2986
1973
3775
2125
2164
2143
2036
2574
4800
4430
4353
4475
556
1085
21
1860
2610
4704
1285
266
2671
4236
3980
3855
3629
4829
691
4078
3627
4730
892
4124
3117
3259
421
2170
380
4534
1729
2891
4332
880
3464
1177
764
4695
3935
4001
88
2455
4092
606
1093
370
2174
856
4809
4271
2198
1277
1225
187
3612
1054
4742
3853
4677
3962
1394
1158
409
1627
2110
4665
1869
3870
2834
3372
2379
3052
17
3075
3690
3989
3523
3446
442
926
701
3459
3741
4203
3063
1152
931
1719
2761
3895
4495
1203
354
4827
4922
3911
315
554
3398
4784
1133
3031
2724
3294
33
4630
4434
2112
3388
1098
1779
3922
2881
995
1655
4861
996
1236
546
2248
2720
990
1714
1554
4472
3891
2779
779
4632
1490
1887
2075
3874
2374
1852
3519
4334
458
3884
564
2283
3369
3942
73
1393
3037
976
1752
3598
123
4395
1139
2346
1244
2010
664
20
1820
2183
4744
2875
3128
4277
1006
1262
3306
2454
3758
3131
4950
4313
3771
1543
2628
4811
1971
418
1708
4486
2607
3191
1592
4656
2997
992
1739
4844
914
3788
4839
3424
2756
3697
1921
2734
1767
4362
4265
709
3139
2532
1831
708
4231
2072
2305
2106
802
3646
198
423
672
3970
1457
2981
60
2134
1259
3678
2956
3672
4483
2899
3852
470
1046
3536
3743
4041
4942
1451
4516
4476
4118
857
4933
4202
2973
3673
1575
4377
2225
3856
2369
4953
2802
4122
158
3802
2046
963
611
1732
3717
1517
1254
1013
2772
988
3957
31
1166
199
678
3956
590
4690
2894
4892
3904
4929
4909
2979
3812
3182
134
3439
1449
462
1470
4221
228
2296
4211
1590
2206
3179
4536
1885
1818
1791
2311
4679
4142
1195
2975
2642
3391
2754
205
4354
1149
4725
1866
4302
820
202
2286
2304
1931
1100
368
4736
53
1611
3909
4643
2792
1189
3196
3750
419
2674
111
2263
3483
1587
3260
1096
4684
3095
1765
2101
980
3167
3455
2210
830
940
1416
4359
2993
3791
1306
51
1197
3298
9
592
987
2390
183
2059
2404
1846
4930
4638
2892
83
2640
4572
2537
2337
817
4166
4217
652
725
1793
1074
2444
1361
2085
4842
231
2439
1089
3635
1603
2685
3256
4956
2602
3573
4627
3405
1249
485
1429
2656
2654
4726
2182
4243
4274
363
1147
794
773
3433
2733
536
2885
2063
696
3974
663
3161
1760
519
4228
4499
3021
4949
1864
4088
4761
2748
3410
1316
2475
1497
110
4460
4590
3834
2653
4135
1512
3233
3364
1898
1423
4097
4466
1336
2791
4917
3243
2039
2595
2139
3225
2807
4481
4967
4706
4533
2306
1155
382
3631
3887
2858
3521
4060
3721
2776
1124
426
3768
3347
4303
2758
3932
1459
471
1385
2648
1136
3518
1348
210
4143
1808
2395
4268
2355
4480
2352
2350
3617
3753
4966
312
2767
1227
2983
4449
307
345
3206
2863
2743
1794
1448
4897
193
1477
1489
2561
1180
3952
1743
4954
1750
3385
1632
4649
2082
1481
1829
2396
3842
2972
4883
3857
1235
2797
2083
4136
115
516
2211
4749
4224
2297
4301
1358
3736
2388
4376
1759
1377
2416
2837
1979
1682
4964
3047
827
3471
927
2625
809
2480
1724
2025
1331
305
4978
1581
557
2131
858
3608
4854
184
3965
1527
1656
1585
2044
1574
131
4750
3676
1464
3020
3375
626
4358
1851
645
2189
4657
3526
3761
2142
2194
1945
837
3733
3166
3288
4050
1737
3630
1430
474
2333
3983
2262
3755
4886
997
346
1121
4877
4436
4826
1291
2536
3285
530
4250
1572
4848
269
2992
1445
2777
882
398
4195
2220
1218
2717
3450
1120
1458
2524
1264
2058
4311
523
2130
658
876
3165
518
758
3680
884
486
2015
3164
1854
648
1199
1123
3074
1181
4546
1912
539
492
1344
98
129
1163
766
3920
360
2132
4716
4636
4931
3912
1745
2527
3119
1084
4290
2752
3897
1849
4032
4857
1372
4711
1397
1069
2230
3146
1276
4067
4858
4595
4410
478
2487
3415
2093
4997
3605
832
1441
4716
2145
3527
3258
3972
1307
3467
170
4774
3972
2991
3757
3387
1374
4500
3809
4500
290
360
1950
2576
4067
4982
1733
2560
401
1836
1335
1728
4623
1929
1247
2088
2804
2301
552
413
3019
3572
4812
4341
4756
256
2919
4662
352
3695
4985
2405
2062
169
747
4756
3958
2405
4489
2088
4634
1276
1991
2800
3338
4859
3998
402
1865
3734
3415
162
4885
2499
2446
2173
2565
2804
4664
2177
1929
3740
4664
4230
1569
2041
2955
4662
4624
1514
2073
2325
571
1450
3556
4995
2687
3545
1936
7
4489
1466
538
3461
4101
3738
2370
3501
3099
1144
2067
3611
4834
2800
1354
2152
192
1969
1131
256
3055
2856
415
372
771
438
3156
7
4037
4740
3187
3070
1037
4411
4028
1569
1388
3605
4790
2320
1514
1730
3809
1004
1144
286
681
861
4010
1463
1826
839
4757
2269
1998
1106
4183
3273
4220
4790
1328
2114
2539
2113
1176
1996
246
1699
482
1350
5
2114
3896
2443
1327
3801
2789
4747
4137
3849
4341
4898
3757
306
4660
313
1975
4310
4168
512
3273
2519
2449
3548
1812
361
3548
3940
4727
503
1996
3611
2928
900
4518
4542
3641
1962
2697
4498
2122
1913
2556
1042
1355
2203
4498
4043
1913
2038
1731
438
832
2918
2906
3447
2156
2605
427
3787
3236
2278
4867
681
4183
1256
2893
680
1368
4747
1105
143
4101
3730
2820
3740
1975
2000
2334
540
3022
627
900
332
680
2539
1437
2838
464
4767
747
3841
3561
3467
4757
1178
2637
2844
455
2334
1556
4144
4517
1178
3889
3055
2697
1207
4487
1275
4049
1962
1967
911
2122
1275
2119
4335
4426
1293
3319
4872
1333
2801
4898
2728
3236
1880
192
541
4824
1598
4240
2467
4578
2004
243
1699
3319
2909
4071
4026
1577
2541
1573
1480
1156
697
137
1469
3897
3511
3356
3738
3356
1269
2021
4878
3351
738
1888
3223
2806
1376
4944
2268
313
176
4579
3185
560
2728
3538
4872
464
72
4594
4011
3576
2042
850
3514
3014
4517
2127
4524
4879
4026
2236
4192
3732
1185
3571
538
4737
935
2562
385
4507
3889
620
1723
3099
2367
475
2486
553
2736
2611
401
831
2467
3514
2207
2314
2034
2549
2159
1774
4766
4298
4696
2531
4745
4439
4292
563
4252
3649
2513
2098
1726
4592
1900
4034
2644
1721
1207
3561
4000
4298
1071
553
2347
1071
3958
2208
4002
960
2463
2076
1196
1391
1141
3250
428
2637
2557
1573
4431
2076
1631
4145
2919
118
4262
4397
984
2950
2380
3625
1142
1446
2090
2519
450
3896
2558
3760
2638
1260
2367
620
3799
2661
2764
1051
3022
1538
1472
824
3808
116
1368
2152
1132
3346
4411
2991
3223
2045
353
4519
2420
4414
2274
4969
2047
1660
2380
2014
3747
1538
4219
1461
3640
112
4631
4885
3541
402
872
2397
1026
4431
1072
4372
2317
3760
1097
4636
540
2814
3591
2680
2238
4080
4994
2115
2808
2810
3487
4994
2833
2245
4493
2320
1472
433
335
1109
3407
3482
2021
724
3522
1417
4740
3443
3668
4153
2301
2912
2430
3437
868
3747
4567
2904
3278
3601
1660
3681
3527
2565
2115
1880
1395
1922
1437
4379
4766
2177
1922
4292
1307
4767
3149
1356
2970
3036
1052
350
1226
2970
2825
4220
4043
4080
1972
3147
1557
165
2667
120
3822
4004
4176
3785
29
3407
3194
2238
3621
1142
531
2341
3411
1115
2848
2005
3214
984
1801
975
2853
1350
177
1003
1137
4391
3670
677
3421
430
841
3341
1256
4154
4605
3322
177
2999
1577
4503
4519
1948
3638
2316
3192
262
2999
1304
4418
638
3449
638
3136
2790
1658
2000
4000
1552
3872
1115
1308
2096
787
4614
2430
532
2585
4244
3789
3400
629
439
28
3271
4820
4165
2038
427
352
4215
1598
209
2873
4728
356
4588
3234
2836
4774
567
2810
2127
3428
4645
4858
4417
317
4173
3640
1301
3355
1169
1899
716
34
700
4567
3428
989
4182
1304
3866
4182
1243
3772
2274
293
3670
2207
2347
1318
3162
293
4173
2955
3621
1170
1949
1170
429
4039
4969
1003
4700
3333
1290
958
4838
107
1977
1868
4717
3658
1215
3682
68
34
1215
369
2929
1334
3535
4645
4707
4373
3606
3036
2601
3828
3400
2163
1097
2034
3291
332
3535
2803
1086
215
2487
4194
3434
1242
348
2145
4252
3866
2558
994
2808
3192
3071
2946
2948
595
1685
4513
2785
4417
454
636
4406
4068
3403
4094
2317
3348
4728
3403
454
1969
1668
3447
2614
4629
2812
1131
2073
3585
4465
2601
4845
2820
910
3373
627
1311
1210
1073
4145
1229
3086
3307
3596
3981
2200
1564
1658
2105
3086
2105
2557
1076
1462
4773
3126
1542
297
3975
3449
50
3267
3322
3938
3267
4496
2785
1915
4129
411
422
4129
3967
811
910
396
4588
3346
2231
3491
4618
3583
2338
2926
1685
960
468
4008
3836
589
4951
2740
1371
2190
1508
3486
3023
4687
4573
2641
2272
3583
2006
4288
2421
3597
3355
1716
306
4614
797
2525
4962
3668
4606
1769
3123
2212
1558
317
3051
3981
552
738
1521
568
3307
4628
4984
1977
1900
1633
2641
3453
2348
643
991
2740
4698
157
4278
4586
480
541
3062
1956
353
3318
4251
4583
639
3062
4304
716
2811
337
335
4944
282
2814
1122
348
1494
374
180
3613
224
3304
2592
4312
4592
3064
1926
3706
4556
2848
3291
2360
2098
3940
1534
3083
1909
318
3795
3490
3146
3938
4984
2572
3065
751
1687
2709
4566
3689
2498
428
2764
3023
1776
1653
4507
3491
1301
3689
1659
4108
4372
625
2789
172
3695
3620
3183
3006
3038
3967
3776
577
417
4955
3253
2383
952
4573
3606
1688
4165
4154
95
3882
3239
1642
506
3054
3622
4176
2662
1926
2846
748
298
1911
1549
3975
4518
1270
1811
1637
697
254
4127
2846
3882
2169
2611
4993
3832
2702
4775
2839
4993
3253
2169
1915
3994
1806
4197
1441
3978
3871
4427
4283
1534
1579
4112
864
372
2216
588
1004
4855
1086
4422
4058
2218
2974
751
4008
318
93
4312
4556
1476
3822
1205
861
2236
3115
4227
3083
2760
1286
2096
894
162
3094
4794
4213
4229
1990
201
50
1733
3943
4161
2543
2107
2938
1493
734
297
4424
2249
3847
2712
2264
4549
3234
2547
4558
175
2468
4227
1223
2840
2673
4112
113
578
136
3669
1834
3153
4977
3255
1664
2563
4845
2563
1669
1633
2948
3114
422
2377
2481
2190
4399
1493
3739
1972
2504
925
444
1409
396
1092
3278
2494
1868
1293
3576
2340
4566
4999
2339
4465
989
4651
2689
730
2867
168
2942
3271
4510
1863
3172
4974
4229
143
1903
1806
2353
2916
2377
2368
3501
803
301
2543
4119
2760
1375
2249
1801
2786
1608
3374
919
2786
2107
3094
3389
2568
2217
2806
450
4608
815
4410
1813
2265
803
1310
2279
3310
4127
2947
2568
4064
1992
1229
3482
2460
3114
2527
4846
1696
870
537
4002
2784
1353
4512
3217
2481
675
537
122
2657
336
2080
303
1095
4117
2712
2401
4506
4857
3936
1728
1146
4114
221
4463
4278
2924
2027
4190
3811
1210
1487
2657
1637
1713
3393
3423
1257
4194
932
280
4741
872
113
1067
4731
350
3538
3255
3440
3423
2421
4262
3393
3102
4445
4977
1204
4510
1696
2862
4549
4846
2515
136
390
2158
1821
1202
2766
3230
2011
4004
1814
294
1298
4642
3497
955
3358
805
4786
2364
4999
207
961
1154
3667
4445
2348
2401
3440
2598
3510
74
2265
2109
3785
246
4601
3843
4414
952
2612
4309
1884
631
1400
3997
2504
3494
4153
1501
3667
4048
1021
3997
2438
565
2339
1593
4936
3264
1400
3053
2089
582
625
2683
4924
3706
565
511
1813
4797
338
1122
4447
1113
1454
3358
4642
1352
1669
2397
1112
4459
812
1698
338
1608
1026
2799
3053
1662
3607
4367
2726
1371
1814
3190
4691
3832
3276
1117
1509
2109
3187
2302
796
3147
644
3177
2521
3510
3665
2108
3219
4595
436
1037
1662
711
2410
831
2340
643
52
2626
1035
4852
3276
1761
4867
137
1748
3996
4172
253
1209
4862
475
3557
3058
2571
2742
2855
2918
2946
4874
1242
3966
1990
3966
1511
2598
3111
1736
4283
3368
1628
3081
4663
2870
1269
4841
130
2161
2693
1469
711
2855
1558
4891
3148
3091
1375
3160
3675
1216
1257
3058
3650
1167
3443
959
128
1821
278
3990
221
337
3006
2343
4631
404
2542
3112
4172
1595
2708
3662
411
1483
4547
4700
1992
3145
186
2141
3590
2318
355
3061
3594
3620
1648
796
4083
3571
1406
3387
3990
2473
4371
4777
2859
730
3590
4446
1335
404
1579
2683
3836
907
1744
632
1706
4282
4403
1510
3811
342
4197
724
2723
2449
666
3739
4429
3136
948
1987
4007
4439
806
2461
3289
2840
3662
1871
4306
503
4862
336
983
4852
1965
3397
1511
19
690
2842
2596
4284
4323
1485
2381
671
3205
904
2240
4939
2461
4855
1578
1108
524
1715
4934
1959
3349
1253
4985
122
531
1884
3993
1228
4093
1406
1132
2179
3685
3847
93
2108
4003
702
4267
2851
4550
4707
2709
4056
737
812
176
4037
1185
2498
3091
3647
2022
1253
2618
3687
2618
1896
1325
1960
142
3101
362
4363
639
3833
448
1281
957
966
299
124
3654
4663
3532
649
3625
567
2042
1198
1638
4108
4874
1764
2200
2468
3490
2869
1108
514
4199
4459
2009
2028
3340
675
4765
2043
1286
4007
806
4294
1436
3784
3654
212
3992
1102
1706
3308
4427
4962
2722
1958
3266
3468
1090
4988
2158
2359
3419
2168
4140
4554
3463
2968
692
283
3907
666
577
2859
4587
865
2877
3348
2726
2024
2288
1721
208
3945
4900
2312
3159
3946
215
3754
3180
2061
1850
700
1830
1260
4688
1188
3807
904
3469
2890
2949
4692
3064
2271
4692
3988
2281
302
208
3665
550
4188
3496
3645
3562
2614
2246
4363
1960
4371
3102
3297
1061
4580
4307
4733
740
4117
2552
4830
3513
1223
3205
3580
4433
3946
3951
3297
3399
4433
2827
512
3411
3384
1513
3888
325
4234
1261
2925
788
2312
641
1892
2821
2489
3544
3502
3563
4399
3513
2942
207
4832
4140
3769
1008
1711
2400
4754
4881
2689
2974
3425
3133
1196
4317
3833
1710
1681
275
1736
91
455
4022
1747
4021
2053
4110
4121
3425
3858
1782
16
1681
777
2053
1549
79
95
1803
4841
4675
1374
4356
1693
1513
3837
2705
1811
3327
4471
501
947
923
2181
1428
4126
366
1292
947
4738
483
270
2853
4563
2701
2605
4471
787
194
3149
862
3595
890
1415
4820
946
4497
1642
3542
3638
3042
2004
116
4776
2141
3498
433
946
3301
2022
2381
2165
1117
1146
4207
4373
2359
4093
2949
270
865
3384
2998
3051
2736
4284
3458
259
3289
1628
3705
3216
3394
3299
3919
929
2662
1949
4470
3042
3386
1205
4828
280
3126
2028
3883
4621
2940
2420
3902
1428
4738
607
4891
2464
937
1659
1396
77
3389
4054
2813
2406
2464
777
3169
278
3494
2545
4424
2811
649
3724
3807
936
389
2872
3473
2440
755
4403
635
4537
2435
4055
4070
937
4496
1877
12
212
2545
3171
1782
807
1334
1414
1816
2542
2356
4597
151
3456
3901
2774
3171
2923
4799
1042
3269
3194
2081
934
3078
3153
3919
2742
2412
3756
3783
4504
3029
2148
3305
3112
4207
314
3579
2585
4401
3579
2500
2027
334
1861
994
2216
4276
3018
1224
2747
4245
582
1224
524
1417
4234
4064
1137
2418
400
514
2705
388
3016
4689
434
1237
2148
1318
3767
2240
2087
209
850
4937
2260
1322
16
414
3649
4525
3924
4389
2495
1281
4983
1711
4832
3769
2451
718
4111
403
677
2835
259
2821
2247
3901
1668
2422
763
1012
4718
3216
1179
3622
4585
4054
983
4765
851
203
3759
4400
4267
3235
2591
4463
3101
548
4824
3254
1029
572
2521
4680
3084
3264
1692
1693
2903
369
2047
3310
2612
4689
94
3693
4282
2752
733
939
1059
395
1252
3541
1643
3883
1692
2061
3067
2473
3054
2938
909
2693
1329
750
2714
3032
1803
94
3468
2554
2422
2159
939
4422
1452
3968
2256
2906
4879
879
762
2398
2773
3645
3496
3456
890
4587
2828
1624
2847
4838
2232
798
4748
3915
2805
2154
302
2528
731
3143
4884
1440
1807
1051
4276
1999
1602
3072
726
1059
375
203
4548
804
3936
851
3592
168
838
1404
1357
965
4717
1452
1382
502
2482
2271
925
4821
44
4289
1796
4289
356
3068
1049
4398
863
3185
342
2432
935
241
2154
4797
2828
549
4044
1675
1509
1578
2998
4254
3520
4513
3798
1892
3401
2325
2552
2525
2661
2330
3730
2676
2623
2138
1837
1297
2259
2688
2995
70
1932
3685
3321
3520
2045
755
1460
3338
2715
2747
2513
3268
3616
144
629
2704
2412
1902
2773
1766
2830
1255
973
2896
3159
4378
3982
2241
2921
4027
340
2768
3772
2163
4714
201
513
2494
973
4477
3998
3488
502
982
4878
453
776
2280
4401
891
2007
10
3334
1217
3143
3594
1716
891
3607
1624
4635
4875
1109
3498
1001
3604
572
4889
3268
4254
3244
1529
217
2566
2547
2260
283
3722
1320
2673
1899
942
4785
2880
3666
689
1963
1957
1270
4168
1895
102
1237
4238
2476
4426
1200
3000
3313
1638
2831
1052
2528
780
58
2181
3030
2921
4698
1807
1228
3460
308
1902
2230
64
2715
3069
1050
469
4028
1113
3334
3132
2535
4005
599
67
2562
2308
4504
4723
1345
255
3127
4680
469
22
3183
3585
4937
4819
4244
1382
2223
4926
1903
3132
1168
717
19
4995
3556
343
1419
657
2489
4488
2923
1297
4451
4177
2646
2963
3046
3588
886
1016
3067
3228
1140
2084
1407
3012
619
2259
1407
4296
3127
3720
4583
3580
1591
2009
4785
1016
657
1700
2940
78
504
3999
1828
2482
281
3200
864
1486
3070
3158
417
4521
3412
1345
1963
4009
4468
2140
2217
2483
3224
3158
4369
461
3658
846
385
1700
2995
2844
2835
1701
750
2438
4808
1420
2984
3849
4157
2451
3732
4773
4010
3299
1591
3586
4429
4691
311
2081
726
3084
22
3528
4339
309
1290
2869
4620
4912
4339
3235
2037
746
3650
4089
2746
186
3280
2221
1435
174
986
2221
1622
4796
2280
4212
986
2386
4272
65
1001
3296
4212
4833
1111
1140
1863
2351
676
3560
4272
1520
1877
1263
4033
1021
2663
4364
3238
4356
314
3675
3296
1609
1909
1744
2880
2453
2173
4687
3814
4300
1419
1952
2138
901
429
1036
2360
767
3217
1038
4184
612
3244
87
846
775
58
2976
513
4461
2615
3488
46
1994
2508
191
4110
4723
2341
1376
4598
2587
2660
4469
798
2279
2550
1114
2659
3693
2872
3012
4550
622
364
4591
3819
784
3097
46
1288
1101
4281
2100
2436
3089
166
4032
2447
4787
3770
3081
3829
1606
767
1796
1528
4635
4603
170
4787
3532
1101
3458
284
473
477
84
4633
1625
1342
3238
548
4603
4087
3720
3231
788
260
3770
284
2560
3575
1476
3588
3945
621
2508
1435
4287
76
245
4825
3744
4392
2870
2192
4345
901
3801
2488
3315
3261
4367
1114
4062
251
2192
776
2796
276
213
4620
1597
2680
434
2935
1041
635
4598
2990
2406
637
3104
4526
4714
4951
823
2877
251
3827
1861
119
4894
2935
2523
2721
119
1279
637
2453
3862
1397
2460
4959
4318
4095
3666
3069
3015
1816
2155
3453
3603
3902
341
2389
2947
2246
3698
4100
375
576
218
1454
4948
1528
2925
4450
2329
676
2186
669
156
1271
1460
4948
4467
4746
272
763
276
4515
2258
1770
4162
3397
4374
4960
4525
1952
4875
3138
1317
4260
4386
4616
2856
2361
4882
667
4882
2659
1473
249
1024
1112
3601
734
1838
333
1396
971
1019
4442
300
151
3032
1524
1987
4177
689
3113
4515
2688
290
3977
188
490
682
3838
4230
4070
4753
3823
4
2486
504
3616
1620
74
4713
3135
3283
1560
1529
3396
1849
2364
1601
2922
3626
1609
2922
272
4121
3643
4018
4616
2959
2470
3544
3224
3015
2627
3175
1468
4258
461
41
2252
4514
103
3657
2933
4035
2252
289
4083
1670
669
3844
2825
4442
955
440
1041
4402
2961
4104
323
784
490
1325
780
2103
977
1980
3030
3589
3893
707
641
3603
1761
1036
3565
571
3810
1856
740
4374
1200
692
218
3475
866
4721
1250
1029
1250
3949
871
3138
671
191
3399
1842
2904
2291
3539
299
4137
3776
3304
3004
818
2291
3028
2668
3924
3029
245
2258
2801
3759
449
3104
2599
1000
3892
707
4778
4126
2632
4487
3655
1524
4733
4132
4444
1856
4412
4366
2878
866
587
2652
1895
2794
3906
3486
4893
1953
1040
2292
650
3502
1552
3898
1670
1373
3113
2292
4240
2739
4305
1751
650
943
2839
1664
2703
267
4926
2609
1580
153
2739
389
244
4745
4825
4205
3714
3367
4821
106
4170
1116
2338
2990
1751
4538
840
1268
609
2725
1389
3581
1443
4731
2492
1069
1095
965
977
374
3198
1777
4760
991
1701
1268
4174
2168
63
3865
4754
964
588
2256
267
818
281
3656
1610
979
2879
4239
4626
1226
2314
824
838
1589
1965
4709
117
4058
1937
233
585
3540
2843
181
932
3604
3651
2123
752
1471
1209
4667
1937
2371
2506
3865
4369
4084
3643
2578
4326
4009
906
3487
107
1876
4491
529
4291
3569
138
2592
1308
3148
2307
505
4404
4799
2996
138
2871
365
4890
109
4502
4246
4574
3923
4
4798
4569
4199
3240
2876
3431
4859
4582
285
2985
3724
2857
1983
4568
4849
3923
3744
289
1740
3481
1461
599
4900
1571
3336
966
4150
4836
1910
1740
4309
1981
4812
2226
4639
4330
1075
3647
2619
4179
3988
3575
651
477
2684
4023
436
1953
2080
1563
4772
3151
2911
4150
2667
2833
2392
4823
2472
4960
3480
4843
1176
3305
4612
3282
2852
3343
4798
828
2144
3343
399
77
3351
341
3656
842
3269
3222
4819
4973
3752
4320
2124
3589
3028
3137
2765
3215
242
3752
64
4835
323
3396
3116
2056
2829
4894
4100
2358
79
3619
3961
2488
810
2606
2140
2476
4238
1594
853
2229
2415
757
3444
4089
4873
2037
3168
2639
4390
2394
4652
612
3550
2358
870
622
244
2302
388
3731
3586
3470
4782
3470
448
99
3481
2933
4538
2813
2783
3655
4048
885
1474
4612
1075
1299
4119
2910
4444
1521
534
2378
4079
972
1815
1643
1944
4777
4348
2984
287
399
384
1474
4317
1330
2234
1769
3892
757
4404
2898
2796
2500
3254
1738
1942
3581
2434
912
3751
3509
1924
4718
749
257
1330
1023
4835
4023
3623
2254
840
3749
574
971
4105
3270
1967
247
2924
4180
3376
581
3376
2682
4167
1756
4391
3778
2700
4103
3756
4086
2926
4653
298
4315
3198
3041
1387
4509
4132
4586
3281
3485
2572
2033
2615
420
792
2961
117
3124
1467
1993
3888
737
3110
3370
1815
2905
1725
943
4660
2370
2365
3660
4170
4315
1465
2391
1562
762
1725
723
4634
674
1707
2324
3702
2496
4184
752
2985
2496
3973
167
3977
1035
804
4021
695
4409
4467
2799
1636
163
4648
981
4629
39
4111
1504
100
2988
3188
1119
682
911
3281
1263
4648
633
1106
1872
1653
120
1594
157
4270
3828
2186
149
3156
2226
2636
3941
2151
3068
521
1443
1499
2151
149
4103
27
2663
2531
867
2104
1222
4056
1222
371
4834
4031
585
3330
2298
2575
3098
3508
3105
4931
2575
895
4896
1433
2171
3558
2171
3815
1901
1389
907
936
3506
679
3374
2229
141
2647
3565
2255
918
2407
683
4175
2704
4804
2867
4778
1548
3330
379
1540
2120
3973
2477
2913
381
618
3563
3151
2783
1563
2084
330
2719
330
3010
2631
10
3749
4087
1284
1265
521
618
2234
4003
4893
3370
3592
3711
5
636
3671
3824
3711
1717
229
2951
3846
3448
103
4599
4932
3002
4171
4438
4076
4360
42
3894
1323
3528
1467
2392
4385
695
1058
4387
2233
3188
674
2857
4053
4258
2391
3466
3263
942
1695
4925
3731
2434
3444
331
4771
2959
3079
3558
4599
1775
2124
142
1667
3295
2631
1520
4531
2541
2634
4925
1615
608
2484
570
4179
4762
214
2703
4477
214
2484
4699
2089
506
3379
4919
4853
343
3335
2957
1717
4012
3180
1202
2398
3066
4675
4193
4144
2253
1916
2696
2007
3125
1834
72
748
549
4622
4715
1944
3303
4333
1911
1072
357
2608
3805
2437
2613
1090
4860
576
4464
180
260
3713
4287
1346
164
1414
1216
1914
2966
4928
1663
4360
1784
3150
4666
1754
2831
100
2554
4541
3614
574
679
4968
2884
2954
3078
2708
2150
2702
4443
1610
4269
3017
2876
1265
3050
1910
3422
3010
357
4296
121
934
3480
3460
155
2426
4061
1645
4105
1540
1942
3858
1025
3452
3163
3250
906
3193
822
1695
3422
2553
3263
2425
2518
3463
1322
1601
562
2013
528
1468
912
2957
2523
4970
3826
3539
3804
4344
2954
1837
4305
3014
2730
451
3065
3324
3125
4033
4548
2033
4997
39
4526
4884
4107
4582
144
3829
3230
38
4191
2321
4402
3708
2868
2223
1179
3926
4901
1916
2478
3805
562
254
885
4697
1771
3515
4870
44
1380
1586
1040
3162
2328
4167
3683
2658
3213
2719
4762
2716
3862
3448
3452
4542
4938
3683
3554
4753
1362
1636
3569
4970
2149
2660
843
2490
4447
3961
4986
104
13
2443
2636
3718
181
3495
1148
4686
4344
1836
4771
1629
2054
2701
651
1188
4019
1049
2161
3349
4574
1648
150
2008
2269
4061
3476
1986
3214
4035
2609
361
3302
1663
1546
4264
3335
4974
687
347
929
4570
217
3177
2099
1997
4560
4044
4975
822
1087
1243
2328
2342
4554
1359
3402
3359
1323
2650
4269
2590
8
1994
1486
2313
3531
2920
4699
1020
917
4968
347
879
3597
395
2582
4174
510
4079
3359
1644
1630
2155
3844
4729
1775
4201
226
2766
1206
4219
1362
4743
3246
4570
3016
4049
57
1008
964
2466
2589
2008
4709
4370
4418
3671
930
4326
249
1550
4018
3846
4239
4693
2589
3085
4682
3813
150
82
829
3723
3105
1798
4626
2448
384
1998
2408
3240
896
3723
631
823
998
3200
4188
4729
1635
4075
3314
1066
665
4256
2470
3908
3531
2927
3591
2436
1126
2462
3261
1190
2005
4086
2332
2907
1630
1329
2120
3568
415
4836
609
4806
2195
1588
2621
908
2623
42
4485
1925
4544
3324
962
496
4887
1933
897
3993
1771
4927
3764
1206
3013
2266
2006
1217
371
4383
3485
2812
3469
3511
2032
112
1135
2630
1298
644
2898
2630
1623
2721
2497
3669
3781
1571
1792
3880
1871
3465
1665
1762
4392
4715
661
4763
3034
4428
4961
3386
3705
4871
2387
825
2448
2621
2584
2874
4076
2516
4370
3412
2257
2298
2402
2577
2387
3246
1088
3813
2716
2580
1211
4849
3418
3626
1547
2285
3401
3508
2649
381
4333
825
226
2909
2437
1171
4602
3708
2879
2313
3880
3960
24
3687
156
2843
4906
1547
2253
909
686
66
2466
4856
948
4232
408
1557
4163
3682
2266
993
4535
2591
4380
2826
1424
4600
178
595
828
702
2371
4214
4299
4772
488
3766
2233
4724
4251
440
3145
3017
3545
2069
4992
2649
2976
451
754
1510
4020
3773
1550
4565
528
1792
2492
1119
3584
35
3507
2886
1526
4438
811
2032
1533
355
2745
3163
3079
698
2497
819
3038
3110
1918
2332
3780
1211
4941
3657
4478
3780
4559
3910
233
501
1588
2219
668
3766
2593
446
3968
3553
2668
1076
1288
1772
795
3409
4366
3826
4446
3221
829
179
1799
4535
248
2530
1418
4428
4860
4246
4804
2710
4904
605
1626
358
3418
2996
1023
4413
3815
4232
3773
478
446
3461
1914
2939
4986
2156
1918
3824
1622
3402
1599
3700
668
2426
4615
18
2056
1045
2718
4024
329
4522
863
3013
3476
257
4856
1822
2195
951
1134
1935
3116
2188
2214
232
1981
81
4611
661
331
4139
2669
2645
2980
4624
365
3301
3985
4175
2402
4162
2040
3546
3722
4955
3002
916
3195
4180
1194
4796
1958
999
1762
1300
1440
3211
2055
1352
3869
3751
2548
2516
152
3251
3552
3251
3300
1444
2538
435
4547
4318
309
2696
4813
3129
11
1282
3803
443
435
4257
2330
2698
377
4322
4602
1194
583
3129
3011
4017
358
2219
4017
2578
2874
2446
517
3664
1081
2691
3345
3694
2691
1995
1411
4722
3781
4065
2730
4378
4531
2029
1859
4871
1116
2442
1134
1938
285
2040
488
2710
1436
4959
2548
3742
1081
951
561
1359
2049
4625
1978
1092
4628
4853
4952
2201
4020
1720
476
66
2270
2264
52
3878
2215
3515
286
4712
3061
1859
4432
3082
2658
3867
4673
3915
2564
4560
749
3044
1063
3434
4421
2442
3270
962
4082
4823
4615
2945
4350
2569
2389
1833
655
1473
2564
2209
2187
424
4114
248
733
195
2209
922
1941
4541
2787
3851
897
178
3292
253
1232
3648
4337
3420
2126
430
972
2052
1351
4421
2517
4594
3379
4082
2146
4923
3141
2456
3380
3823
167
172
2285
2276
287
3323
4206
1522
4385
4456
27
3457
3698
4722
1078
919
4248
3930
754
3893
1045
255
2014
4520
790
3382
2616
4503
2750
561
545
2239
2939
2655
2201
3873
3715
3475
4932
3404
3999
1479
2744
1955
4667
4703
3034
82
1522
2566
2616
694
155
2824
959
2582
4591
1246
4346
4039
1190
739
4407
2188
3860
3404
4998
4380
1213
3050
3124
4139
4047
2052
35
4361
1680
4896
2980
3381
3939
4025
2679
739
1232
4361
2282
4248
1995
2284
4763
2927
1479
4528
3457
1822
3939
1129
1955
1928
3195
3071
2608
1596
1928
833
1710
1366
1167
1333
3175
2741
4134
793
1867
460
1548
4164
2043
242
2750
793
4273
1111
3898
3795
1282
4751
1317
1580
1542
4077
3933
1730
1010
2440
2883
4775
3869
867
2746
1411
3890
268
4564
1066
1193
1776
200
141
902
1063
3421
4973
2832
2951
2722
4673
4622
4322
1764
2842
3636
814
4223
1956
2700
4520
2893
3827
3019
4646
2517
3593
4257
1088
3995
2483
3677
3008
4151
2239
2016
4654
311
1403
2218
1154
1867
2699
4019
2342
78
1954
1160
4719
1186
166
1424
295
1646
4600
1326
2167
1422
2205
185
1565
2634
1786
4613
3383
3804
4544
1639
32
3543
4712
1646
1968
291
2522
3282
30
3584
1364
3702
2977
1694
4939
4151
2144
1421
1536
4470
3350
4314
2889
96
3700
2706
2639
2456
3184
40
4605
2196
1192
1299
40
4703
3011
3710
1279
2911
4963
1048
1125
2393
2570
1565
2613
2276
1870
3593
3072
4791
200
3745
517
4843
3867
1380
4596
720
3910
2273
2794
4256
2393
1061
4561
4670
443
4530
1997
1647
4501
1850
3525
3222
1746
786
2593
1810
1516
2093
4490
3173
1870
4678
2838
2016
1405
1518
405
4576
3249
4794
1160
3342
68
596
3613
3248
1650
684
1204
4490
4327
3707
2282
3686
3799
3134
3323
3686
3316
4492
232
3371
101
893
1518
4746
1689
2584
2784
4748
4457
2099
4724
2645
1000
4806
2048
2594
1327
1387
2373
4568
1129
476
683
3495
4613
2805
1787
1772
3204
4300
529
2774
2060
835
746
4941
2208
23
3087
705
2670
1496
2179
1800
316
1284
76
4505
3272
188
2751
2003
2594
956
308
670
4387
4575
2633
4501
581
1418
956
589
1446
2570
2383
3432
3875
3221
1009
4505
2126
373
1800
1799
3438
274
467
1948
1599
4565
3134
4889
1019
4319
3088
3441
1533
1447
686
775
2250
1028
288
614
768
4537
473
4456
300
1370
4625
1370
4420
4596
1677
3632
4290
979
601
4678
4335
4405
2553
1434
4441
601
4760
2599
3782
1650
2638
2417
1957
65
1754
4808
4346
2011
1471
4869
670
1785
1060
1271
1604
4210
3778
1495
424
2944
1483
1641
30
2535
405
4396
4210
1198
3272
1686
1405
3229
189
449
3283
3220
2963
1686
3266
3907
768
4146
3316
466
2257
1373
3796
3540
3632
1827
916
4972
1720
457
1713
2765
3312
1976
4609
2478
2336
4792
4637
4609
1932
1296
4961
655
3080
1908
978
4618
3817
4719
3985
4065
3144
729
3652
2336
2706
4200
1908
3943
1495
4881
1600
3046
2540
483
578
694
393
4069
4400
175
1541
4972
717
3150
3875
1989
2273
3742
4637
2580
4451
2883
334
2515
3474
4577
1817
2679
4319
465
1875
4776
4390
1817
1857
4375
3144
1447
2048
922
4223
1959
1917
3120
1412
441
2988
3994
4980
4509
1925
1694
621
1830
444
2684
4348
2199
4327
3193
868
1118
535
2477
2587
4215
1171
1048
2903
555
1857
4952
2896
4458
2435
2493
1283
4316
2244
2321
1770
3438
1488
4578
4095
1683
2224
3818
3825
496
4055
743
1274
522
4314
3567
3381
84
1087
4902
2514
1936
1896
4947
2969
2013
3587
3219
3228
1897
3169
2826
4440
2077
1349
3168
4260
4482
2832
860
288
3137
497
771
2385
1337
1985
165
3311
3360
3315
412
3664
566
2886
3552
596
2699
4494
2254
3360
1503
3380
4381
3173
460
1683
3371
4688
3245
2727
1652
2652
1641
3595
4577
1988
3314
1604
3430
1680
587
2095
3930
1753
4098
3373
3204
2798
1619
4461
893
466
1988
1047
698
4193
2501
3577
2815
4633
819
2386
3478
3694
4457
2969
3817
555
1503
161
1274
2745
1784
86
1983
2462
1619
2694
2522
1993
4085
3098
3786
1665
3681
4340
4138
2199
2824
1882
2465
1827
608
262
810
2117
1342
32
543
3587
3567
4654
3478
1261
3786
4340
1907
463
2514
4791
4589
1950
185
3007
1183
2864
86
3361
1388
3366
3361
826
1175
4887
3814
510
1842
1874
4482
1985
2895
4425
1812
3559
4425
1532
2368
1635
1562
1162
1907
4189
2055
978
2118
229
3825
3559
2868
4792
3430
3248
2506
1126
3213
3341
1364
888
1444
4331
4128
1351
4788
2003
1391
508
499
4412
2817
1105
4817
1412
2024
1312
4670
826
3941
3704
4138
3249
2573
3800
3245
152
2569
362
1168
1488
4743
4405
3432
1901
3378
319
1568
2184
3517
714
4683
744
4990
3008
1623
2410
3570
1104
949
1614
2433
547
1738
2581
4473
3863
4904
2581
1295
1855
3863
4128
1583
2150
2241
1917
3109
4936
1875
2202
1294
853
2244
3109
2917
543
4015
3154
3357
4702
121
2917
3982
2077
2910
570
3906
2002
303
2982
1367
1647
3800
3141
4259
495
2465
1855
3027
1778
4408
579
4351
1292
568
4975
1349
1570
3550
3073
3325
4868
499
4045
2845
1888
2363
4639
4807
4927
665
4912
2035
114
3088
3868
3499
4383
2326
2345
3978
3357
4485
4928
1487
3506
3390
3201
3871
3279
482
4134
4523
3845
439
756
4493
1625
4523
230
3890
4158
41
2407
954
2308
4619
2117
2936
2768
4866
2817
970
1339
481
2604
4840
3641
4640
1213
515
1091
579
2212
2104
814
1788
729
62
4923
3933
190
3154
889
2175
4552
1758
1280
1482
366
3279
881
4866
4786
756
3991
1240
1278
2567
2788
3835
2788
4899
2132
4980
2945
889
3765
586
2091
1366
4920
4552
61
2345
4619
3837
1356
3382
1989
2228
2272
3623
2213
390
1246
1381
1453
1312
12
393
3765
2309
3784
1935
4971
4381
3274
3830
3080
3321
4661
688
274
795
1758
1025
108
2485
3059
525
4200
4564
472
2900
394
2018
2676
4458
774
4014
4085
532
4779
3100
4521
2664
873
1084
1671
3215
1346
407
3614
4045
3557
2091
4579
3275
3868
723
3568
1024
497
720
230
3466
2376
1427
1381
1938
329
61
3525
1976
463
3027
447
1080
3782
511
2827
4473
3707
1421
4216
2729
1570
2647
2841
1674
4468
4331
2960
1631
2203
2944
3001
1044
2087
2228
1017
4192
4895
3479
1302
91
3479
4971
1786
1672
4015
4408
1153
2128
4069
4947
1332
3881
1947
1357
1187
1238
2890
1499
2549
1187
4066
4647
4396
3274
614
3366
4758
235
4868
447
1247
3582
109
1748
791
2729
2577
1485
4024
67
3096
3239
1354
2861
1679
4963
4288
1722
59
2604
4755
2457
2735
4201
2
2408
3774
2394
1047
2757
2962
1560
4880
4935
4062
4810
1687
2
844
4308
2982
1763
359
1927
467
4988
2977
2510
2936
271
4437
1238
718
3059
1390
2113
4255
484
4810
3176
4115
2583
1079
4512
4711
1079
1056
1940
3033
4621
3368
412
1267
560
4320
2950
1778
3803
1390
4435
2095
2775
4109
4661
1313
2035
1153
1672
452
3949
4011
2550
70
3066
4109
1347
211
4764
271
3300
3878
2178
1005
1313
1319
954
2079
772
154
319
765
4908
2962
3899
3570
340
235
3186
154
1408
2900
1143
1295
4734
153
3899
878
2502
2741
55
2714
2711
4308
3582
4734
80
3312
4865
1005
1947
4416
3963
4454
1586
741
241
2267
896
4764
3275
1162
4607
3572
1365
3085
4171
38
190
3639
3715
4450
1905
4255
1504
1788
4916
4245
239
4294
2224
2307
108
4940
4908
1363
1107
3378
3512
2068
4807
4935
2316
2490
268
2769
2030
1272
2175
998
3551
2965
4266
3637
4865
1773
480
4671
2372
3610
4393
1302
4658
414
1289
4393
1174
124
3340
1634
4012
1034
2675
1634
1300
2588
4157
2030
1845
633
3566
2300
3793
3830
3089
3416
1010
3789
373
3714
3712
522
1009
2629
4435
544
4247
2757
4266
4920
3779
3007
4488
1294
735
4437
4098
888
1919
887
3574
2851
903
778
2687
4674
3652
1873
3716
3779
2071
2062
2596
3835
3712
881
1676
1044
4464
1067
2529
4090
3763
1532
544
1677
3710
2775
6
2681
1881
2277
23
2533
2971
2050
2518
2123
1809
3574
2753
1309
1283
1889
1810
2727
3199
3764
2245
597
2588
4275
3653
4455
4557
3229
1785
3417
2655
3659
3416
4432
4705
1553
2895
2071
3474
3912
4235
2270
1034
391
3843
3619
3242
1128
4235
2128
3821
4888
1296
4479
3517
3004
1017
3390
3499
547
4870
2966
1676
4379
2526
3917
4696
505
1828
789
1597
240
3203
4130
4441
1874
949
2769
4084
3596
4337
1726
515
1853
4164
1809
1251
3203
2463
2718
408
3311
4676
4833
1883
4693
1379
2078
1832
4293
3727
3199
1718
1309
1169
3252
2530
296
4617
594
3727
2967
261
630
391
4304
2191
1502
1872
3077
1515
594
3500
3252
3435
1496
3610
1091
4440
351
2864
4443
2066
4617
4057
801
2094
2065
3326
2349
1379
3309
1507
2054
2782
465
1245
2782
4196
2735
4557
481
4196
791
55
533
1763
1531
705
4040
3969
493
1245
2362
721
4992
2051
4817
1564
3637
179
2356
2865
3500
4364
2457
1427
2146
2373
2586
3787
140
264
944
2651
140
37
2326
1954
1688
493
3881
816
1661
2250
161
2060
1595
1582
1028
4107
3227
1535
4075
3097
508
407
1340
1531
735
3845
4237
3792
2343
3793
2675
2725
3792
898
2090
619
4674
2351
4802
2353
2068
1372
4307
456
1251
452
1626
1392
715
432
2424
1535
189
3917
527
2002
3413
148
3326
1438
805
1790
2247
1319
3212
2051
1673
1675
3507
2349
4769
118
744
2417
1897
1966
4652
81
1795
291
715
4641
4497
1386
2214
236
1568
3302
225
3745
3362
4940
4585
4077
4409
575
238
782
2567
457
400
693
1340
1612
4051
4293
3308
2920
2573
2495
3864
104
1399
2411
1315
4606
1889
4869
386
3848
3293
4291
1320
4338
3362
3806
263
2382
834
1703
3309
2121
647
4123
3546
1272
4818
2419
4273
1582
772
797
873
3201
3142
2889
4131
3914
4131
875
3142
1703
236
1118
4051
3885
1456
852
1104
1690
1645
833
2385
3413
1425
495
1337
836
3992
3130
3328
80
3130
4739
1315
4818
1690
2213
3926
2790
96
240
3964
566
15
114
2284
3087
339
624
1678
339
4352
4306
219
1422
2989
2415
4104
1173
525
4355
2681
3232
3339
1684
1255
3090
1546
958
2908
2418
1311
4191
135
4113
3417
2965
774
3293
4030
3839
2050
3819
4916
4397
3431
1347
2586
2275
4682
359
684
1125
4005
2744
1353
2841
1940
4676
759
3839
1612
3056
3944
4902
3208
4683
1273
498
2672
1273
1709
1328
575
849
239
2290
3152
4149
3991
2862
4149
4559
2149
164
4830
2830
2363
1589
97
1266
1930
2178
1182
4216
59
101
2237
1193
2064
456
852
2382
815
3367
1498
3473
765
2943
1600
250
4237
1280
3848
2908
4527
4569
2934
741
4659
3328
3336
4147
2231
4527
1083
468
2268
1083
1906
406
1339
2222
3231
36
2620
886
4651
3677
13
4659
1491
459
801
2968
1491
1946
3258
3648
2447
1583
2185
4181
1946
397
247
4057
2690
4658
3394
327
1617
4040
4336
1593
2222
4386
688
3005
4831
2191
2540
4522
4593
2187
2118
3406
3916
1482
45
49
2290
1654
4593
607
2763
1220
4259
406
1404
3039
4415
2861
1321
4416
1654
4705
1819
3076
213
3039
4650
225
1191
4181
4115
1826
1753
194
1060
1175
703
1723
2803
4576
4758
1438
3035
4270
36
4368
3108
3547
849
2066
3767
1819
4336
4563
2458
2651
2509
3728
2365
3934
4213
1689
48
2092
4686
593
895
3186
4491
45
685
647
4384
3232
3383
1607
2237
2884
11
2357
135
690
843
3900
3964
2431
4681
769
351
145
3352
4027
2731
2136
2344
2603
222
301
2929
4741
3777
4156
4130
2845
4802
3636
57
3170
2329
410
1498
3684
1494
673
2763
3184
4081
2136
1332
47
2202
1966
1865
1773
2324
1050
1151
2185
2409
841
3774
4650
4281
3674
148
2172
2409
1107
1055
1150
1127
102
3549
296
545
3894
2165
3247
4822
1984
130
918
3674
1127
1537
3692
99
2445
3746
3339
2635
3860
1386
4116
2526
1652
3692
2172
1478
2860
790
2419
3854
4116
3854
1020
1614
3746
2520
3435
4528
3350
2129
3280
2129
3325
923
1835
2905
3176
3152
4016
2287
4053
781
4641
961
4837
902
1805
2626
3543
4204
3960
1541
1943
43
4006
1395
1338
3522
527
1943
1338
1478
3578
2432
326
3701
844
842
2694
4094
1014
1566
2103
2928
3701
1415
4990
1220
1802
6
559
3806
1015
2544
4030
2533
3577
3971
324
4623
1214
2620
294
1173
1130
623
3578
1756
2619
580
1191
1707
4945
3406
1266
597
2882
4071
4462
2624
2669
3644
4850
14
2860
1425
623
1022
4681
2041
3178
1584
2632
1365
3566
4147
1843
4478
2629
732
3794
1566
1576
8
197
3516
2354
3914
3659
1022
2731
4204
3465
2576
2571
1053
4558
2309
1841
1667
3408
2677
1182
533
219
2603
4805
604
1508
4355
3292
2299
3100
4350
3408
3352
1310
4979
924
1015
761
3963
4415
4924
1727
18
2019
2952
4247
3885
250
5000
3242
4816
43
985
1278
1002
2064
1148
4873
3533
2357
1629
2871
3953
4349
1673
908
2664
2019
3937
4474
2133
1904
2300
3748
1584
3748
731
4946
4751
1731
106
3562
2067
4571
3534
2934
432
4755
1161
3033
1545
4474
2677
3810
1073
2472
1980
4352
265
4831
2793
1027
1702
4805
1904
583
1805
721
605
3553
2793
1062
4946
2930
3120
2778
1847
3265
4847
3049
4958
3265
2930
2450
69
3043
2666
3886
4847
2133
921
2503
1862
2849
413
1027
4850
1905
4068
1392
4901
2912
2227
63
1536
1537
2749
862
968
3618
1161
1718
48
1881
2502
4779
3237
62
459
3190
542
3818
2327
3971
710
1053
4666
4413
2953
2666
2121
1233
275
2327
4158
4713
944
69
211
1466
1212
2971
1408
1882
479
2818
3850
1475
1781
479
4708
2672
1314
2069
3106
2633
2277
2538
1192
3287
2147
2778
1644
968
1141
1453
4671
2749
1231
4668
1679
4368
1999
4123
2049
2400
2167
3419
4206
4462
2411
3716
1920
1835
3925
2116
2650
1065
742
3516
1702
1014
1781
3542
4448
2403
3850
4727
3420
2941
3115
3661
2865
197
3661
26
2751
970
2882
2941
2818
613
1314
2690
3018
4025
2299
3639
1103
3489
2458
1674
2100
397
704
4697
1143
4469
4099
4163
3318
4113
3287
2907
29
4226
3796
2180
1252
3754
1212
3734
1439
3925
836
3342
195
1991
4036
1068
3257
3953
1068
3549
905
2646
835
1303
1455
3108
3043
4351
4589
4934
1984
3976
3111
4769
28
1018
4514
14
1862
2932
133
3295
685
3995
410
759
563
4895
37
1727
3660
728
3916
3140
1515
2354
1303
728
1456
1151
1378
981
1661
1409
441
4608
1032
2275
1403
1930
2866
3864
2952
2644
4492
2459
1
1606
2847
105
4822
1402
2713
4099
4310
4668
3533
1640
789
1640
1289
379
1757
1924
1757
4328
4647
2020
742
782
3181
4029
1845
1078
49
4384
848
894
3093
4066
3093
2901
930
4840
4375
238
2617
4814
1876
173
4038
2184
1838
848
4156
3209
1933
1214
2180
2459
2445
3600
420
128
3996
3937
1103
2020
3209
4275
2376
1233
1462
3529
1607
1841
1906
3237
2119
4479
1431
4161
985
3327
3123
2403
1399
3160
1492
4580
4958
1420
3618
4813
710
4945
320
3197
3918
3555
4295
2849
4398
2031
2215
3928
320
3684
807
4795
3644
3719
1576
887
4814
2012
4921
586
377
4816
839
4029
1790
3719
3554
3073
2989
2978
1378
4419
2018
2551
4090
2551
4448
917
4208
1651
2670
3642
3178
222
4125
4575
3976
4739
2431
2287
860
2147
770
105
2471
4357
3790
1873
3118
2635
3928
1070
785
4420
4795
4828
4253
1879
4253
1602
4607
4890
4938
324
2994
1691
4921
2510
1502
2509
2242
2251
1018
2732
667
394
2078
3437
431
1360
4611
921
498
3247
1843
387
1621
1886
15
2433
785
265
3877
2931
206
1886
2137
3090
387
243
1651
3197
1774
2471
2031
3303
3794
704
993
542
604
139
4640
2897
1545
2953
3329
3877
3181
1174
3838
1480
2372
425
3210
3509
54
2994
3329
1065
146
2627
4782
3790
761
3170
869
2414
2029
1208
2366
1798
1934
4299
472
3076
3921
3257
4655
159
1055
1691
4330
2414
3984
1825
3984
2815
4597
999
1825
159
1715
2424
3210
4655
3777
3959
322
4780
3005
2232
2943
1355
1128
706
4407
559
2931
4072
3959
1241
4789
2452
1267
2452
2318
4965
3106
2278
3564
593
1433
1
4965
693
4036
3841
1741
550
4561
3642
1722
1832
1221
2116
4047
4081
4349
1561
224
263
3555
2242
2281
1450
4178
1208
4694
2897
4141
877
1360
4694
4646
2829
1455
3353
2850
1847
1934
4737
3135
2622
4494
2450
2622
3220
1678
2520
4198
3851
1941
1742
2001
1766
4571
600
1032
600
258
2485
1463
3873
392
4141
220
2606
3489
877
1343
3512
874
386
1434
4178
322
1968
1639
4987
3044
3951
3651
3353
2293
938
3699
1530
4987
4419
139
1070
26
1102
2914
778
1321
220
869
2617
3212
133
4031
4006
2001
1561
1062
182
327
2501
1883
1138
4735
1439
1523
160
1523
2901
3529
1465
3000
3763
4343
4073
4226
4357
2914
4788
4096
781
403
1156
967
903
1033
3934
3333
3718
1432
173
1526
4295
4014
4454
2065
783
580
1221
282
753
4169
1709
2493
4979
4601
673
1326
258
3704
4016
3560
4919
2964
4072
874
1432
714
3808
3226
1038
2753
2255
4208
2878
4708
4653
1410
3615
3462
3118
1615
2967
800
3484
4837
2361
1621
169
2873
3041
4148
1745
2094
2413
2012
4189
3948
1056
3955
2413
4146
3948
1058
2366
4721
792
703
416
4096
3955
3859
4983
4063
416
3653
3189
4976
753
3859
4063
1551
3462
1596
392
1172
3189
234
3172
2559
938
3798
3140
2559
2425
4343
3077
3472
4976
325
4530
4998
1551
4506
2915
431
1671
3049
4205
630
1795
326
1431
2344
2399
87
4338
24
2529
3944
816
2932
722
2288
4022
2362
2556
1012
206
2503
4562
333
2762
4502
1150
1231
4524
2711
1747
1138
3035
2511
1741
2816
2762
1240
2852
3797
2915
3211
2267
3208
1507
3445
1183
2960
3713
1159
3797
2682
3395
2399
1002
1556
4768
4899
4190
1410
364
800
3908
1802
3409
4034
2798
1927
1920
4735
591
2511
1684
1553
687
722
1165
4222
624
2698
316
3831
3886
4148
1742
4406
1879
1094
967
905
4038
2850
3699
2816
160
1516
4169
834
4789
1919
3728
4484
4125
770
2227
3547
632
2732
982
1978
2384
1130
2384
3497
4046
2092
3634
4046
1787
1617
2836
736
975
3345
4455
2544
2866
945
4345
898
1853
4484
1043
2787
878
813
3551
264
2137
2102
3534
1165
3564
3634
813
1620
1363
2293
1043
2583
1094
3872
1666
1698
261
1241
3082
4198
3096
3600
163
4328
2546
945
1172
2205
3119
3484
1402
1833
2555
4264
1186
4316
2964
2499
234
2916
1666
2781
3001
871
646
3821
4389
2913
1544
4222
3056
957
591
3918
2251
2546
1159
3133
425
646
3831
786
4581
535
4906
4888
5000
2781
453
3472
656
4323
736
146
2427
1777
1343
2079
1530
145
4214
1135
2723
2086
3313
4581
613
4880
1492
2427
484
4982
656
783
182
1746
3445
174
732
3615
924
1475
3900
2196
3969
3395
97
2624
47
1080
1501
2713
4702
2102
4073
2378
743
706
1033
4562
3227
2590
2978
1986
3226
54
1544
4780
875
3783
295
4768
1367
769
534
2555
3441
2086
3921
3920
766
1163
129
98
1344
492
539
1912
4546
1181
3074
1123
1199
648
1854
3164
2015
486
884
3680
758
518
3165
876
658
2130
523
4311
2058
1264
2524
1458
1120
3450
2717
1218
2220
4195
398
882
2777
1445
2992
269
4848
1572
4250
530
3285
2536
1291
4826
4436
4877
1121
346
997
4886
3755
2262
3983
2333
474
1430
3630
1737
4050
3288
3166
3733
837
1945
2194
2142
3761
3526
4657
2189
645
1851
4358
626
3375
3020
1464
3676
4750
131
1574
2044
1585
1656
1527
3965
184
4854
3608
858
2131
557
1581
4978
305
1331
2025
1724
2480
809
2625
927
3471
827
3047
4964
1682
1979
2837
2416
1377
1759
4376
2388
3736
1358
4301
2297
4224
4749
2211
516
115
4136
2083
2797
1235
3857
4883
2972
3842
2396
1829
1481
2082
4649
1632
3385
1750
4954
1743
3952
1180
2561
1489
1477
193
4897
1448
1794
2743
2863
3206
345
307
4449
2983
1227
2767
312
4966
3753
3617
2350
2352
4480
2355
4268
2395
1808
4143
210
1348
3518
1136
2648
1385
471
1459
3932
2758
4303
3347
3768
426
1124
2776
3721
4060
3521
2858
3887
3631
382
1155
2306
4533
4706
4967
4481
2807
3225
2139
2595
2039
3243
4917
2791
1336
4466
4097
1423
1898
3364
3233
1512
4135
2653
3834
4590
4460
110
1497
2475
1316
3410
2748
4761
4088
1864
4949
3021
4499
4228
519
1760
3161
663
3974
696
2063
2885
536
2733
3433
773
794
1147
363
4274
4243
2182
4726
2654
2656
1429
485
1249
3405
4627
3573
2602
4956
3256
2685
1603
3635
1089
2439
231
4842
2085
1361
2444
1074
1793
725
652
4217
4166
817
2337
2537
4572
2640
83
2892
4638
4930
1846
2404
2059
183
2390
987
592
9
3298
1197
51
1306
3791
2993
4359
1416
940
830
2210
3455
3167
980
2101
1765
3095
4684
1096
3260
1587
3483
2263
111
2674
419
3750
3196
1189
2792
4643
3909
1611
53
4736
368
1100
1931
2304
2286
202
820
4302
1866
4725
1149
4354
205
2754
3391
2642
2975
1195
4142
4679
2311
1791
1818
1885
4536
3179
2206
1590
4211
2296
228
4221
1470
462
1449
3439
134
3182
3812
2979
4909
4929
3904
4892
2894
4690
590
3956
678
199
1166
31
3957
988
2772
1013
1254
1517
3717
1732
611
963
2046
3802
158
4122
2802
4953
2369
3856
2225
4377
1575
3673
2973
4202
4933
857
4118
4476
4516
1451
4942
4041
3743
3536
1046
470
3852
2899
4483
3672
2956
3678
1259
2134
60
2981
1457
3970
672
423
198
3646
802
2106
2305
2072
4231
708
1831
2532
3139
709
4265
4362
1767
2734
1921
3697
2756
3424
4839
3788
914
4844
1739
992
2997
4656
1592
3191
2607
4486
1708
418
1971
4811
2628
1543
3771
4313
4950
3131
3758
2454
3306
1262
1006
4277
3128
2875
4744
2183
1820
20
664
2010
1244
2346
1139
4395
123
3598
1752
976
3037
1393
73
3942
3369
2283
564
3884
458
4334
3519
1852
2374
3874
2075
1887
1490
4632
779
2779
3891
4472
1554
1714
990
2720
2248
546
1236
996
4861
1655
995
2881
3922
1779
1098
3388
2112
4434
4630
33
3294
2724
3031
1133
4784
3398
554
315
3911
4922
4827
354
1203
4495
3895
2761
1719
931
1152
3063
4203
3741
3459
701
926
442
3446
3523
3989
3690
3075
17
3052
2379
3372
2834
3870
1869
4665
2110
1627
409
1158
1394
3962
4677
3853
4742
1054
3612
187
1225
1277
2198
4271
4809
856
2174
370
1093
606
4092
2455
88
4001
3935
4695
764
1177
3464
880
4332
2891
1729
4534
380
2170
421
3259
3117
4124
892
4730
3627
4078
691
4829
3629
3855
3980
4236
2671
266
1285
4704
2610
1860
21
1085
556
4475
4353
4430
4800
2574
2036
2143
2164
2125
3775
1973
2986
147
628
344
1305
3320
727
821
558
4185
2204
3725
1567
1797
1007
2429
4911
4864
4249
642
4329
1164
2822
4915
3762
4511
1768
367
526
89
2491
3025
2469
3003
4388
3262
126
3392
3332
3691
4285
4120
1823
2193
3354
4453
3218
617
1705
3454
1824
3504
1077
1780
3121
3729
489
616
383
3426
3628
3820
662
1369
3986
4242
3277
2428
1031
2597
85
3060
928
3414
4770
713
3947
2937
4365
1082
25
2819
3157
1890
1974
3505
204
2643
4382
3913
1505
3048
487
279
2755
494
500
4996
1525
2423
1230
171
4423
2135
125
4957
1618
2795
3040
2600
3174
3107
2958
4903
1145
3703
3987
808
1735
760
4286
4532
2303
654
3155
4910
634
3026
602
4803
1783
745
610
941
3537
3530
277
1657
1099
3241
569
2512
4553
1613
2026
933
913
899
3905
4508
4233
1057
603
4685
376
4989
615
1559
4225
3045
1030
56
2315
1383
3927
3979
3679
4347
4863
883
2692
1697
4241
3503
1484
4342
1239
920
584
660
1157
3726
1982
1789
4759
2780
4321
196
847
1894
132
4720
1184
1506
1110
1755
3737
509
2331
2902
1844
4710
2160
227
1519
3436
1413
2686
653
1219
4545
699
4218
4280
3365
4013
2474
1555
915
3429
1500
2823
1234
1961
520
4801
4209
2678
950
304
2162
4529
3876
2057
3624
2375
4752
2759
321
3696
4918
2507
3290
2111
855
1649
2888
4905
2854
2261
640
4152
2479
3840
2987
4263
216
4551
3024
1734
1384
3602
2197
1064
2023
3524
2310
3663
1749
4160
2153
349
1324
1426
2534
3633
1712
3057
1248
2322
4042
1858
445
1201
1287
3009
1442
2771
3599
4539
4991
292
223
4159
4261
4876
974
1039
3735
719
4701
4851
854
4091
4981
4325
3492
551
1398
1970
2017
2809
2289
1616
2235
3609
3709
3477
4781
4669
1839
4186
3879
1605
2887
3103
3363
437
845
4584
237
252
4793
4555
273
1848
859
3
799
1893
2323
1341
3331
1891
4074
659
4279
2738
507
4914
3816
4394
2335
90
3207
3931
4943
3427
3284
4815
3451
1804
4297
2319
3344
2294
2505
4907
2157
2579
1951
1840
598
4644
1401
2070
310
4783
3377
4155
4059
2665
3688
4913
3929
2295
4452
4102
2770
3950
4052
3286
3954
4324
3442
2097
573
1964
378
328
969
3337
2243
2176
3122
4106
491
4133
3202
4187
4604
3493
1939
92
3317
2074
1539
4732
4610
1011
127
4540
75
71
2441
4672
4543
1704
2737
2166
3092
1258
712
3903
1923
3861
953
2695
1878
2707
