10000
390
801
928
7522
2534
6916
2650
4870
6708
5336
3771
7532
3535
1306
3093
2584
7917
1509
1444
3062
5046
5418
4742
5658
5537
1499
3898
5801
2797
8792
5595
7398
6327
6023
8757
2499
8372
2454
2257
8457
5684
1935
7728
2109
6267
6865
9134
8487
8392
9024
223
6819
3311
5468
6818
774
6588
2638
7442
1038
8488
7661
3375
6864
1866
1616
5787
5890
6593
8913
5379
2693
3836
6499
6401
6772
5008
5106
8196
1821
6938
493
8815
408
2179
1007
9994
3067
5381
8259
560
2610
3728
8779
2371
341
3084
8280
8759
9728
4782
4258
5235
8020
297
3721
8223
8719
1860
1244
1682
316
7171
2579
3023
9040
2255
8353
1445
9652
6379
5687
6361
3420
6332
7978
4991
7571
7546
3172
5996
8159
4876
6136
4824
8473
8936
7685
3795
307
9365
4109
8991
805
2097
8778
9018
7936
2275
9827
5930
1441
3788
866
4682
8490
3392
6561
7237
498
6323
8146
3336
9354
5999
7417
4661
502
4726
4472
5306
336
8712
5044
9127
3722
2309
9439
1396
3734
5967
1743
8579
6217
6420
11
6107
6638
5548
1156
6693
8686
9655
5585
5213
2476
409
3228
4615
6259
5675
2456
4083
8879
4852
4025
2903
6330
9958
2605
695
8696
9178
2089
873
570
2256
5350
5055
8145
4364
4200
7955
6477
3457
8840
7182
6574
2052
4940
9933
585
5904
9821
7358
385
2183
7965
4131
5169
1019
8571
6091
6481
6899
4956
2755
904
1980
5876
7684
920
280
2564
8482
7399
7713
4582
3197
8072
6303
7312
3345
847
3417
2582
9104
97
1492
5875
1267
2523
3220
1245
4140
4801
2805
8695
9873
8477
1895
5070
5550
6036
3152
5806
3563
1483
9563
2082
4093
1174
5838
1104
5348
7332
7653
3969
9131
5382
2248
1338
3038
8546
3278
7133
6378
3697
9805
899
9677
2651
9687
8319
4934
3066
1636
6797
8047
3925
7012
1925
4071
4462
9274
1587
4227
6758
9233
9006
4845
7265
4640
9649
4064
7320
573
7934
6388
152
6288
3511
2177
2541
6573
5208
6568
1168
1373
8313
4148
2502
4927
9446
2
6655
4395
8413
1064
9289
7605
5261
9477
330
2601
6490
6147
6161
9955
765
1881
2115
2018
9299
2113
7510
369
1855
9182
4947
6866
428
7643
1706
7528
2820
1938
938
3555
7211
6311
7493
2727
3073
3961
9564
7432
1344
98
7948
6798
3981
8966
450
7087
5931
88
5483
1033
5561
267
3340
9286
5992
5089
7245
936
6525
2140
9803
546
6260
8911
3344
3342
5416
9264
9502
5287
9435
923
499
6151
340
4277
6087
481
6664
1724
6083
3216
17
9455
5520
5874
9429
7149
6104
9657
1466
2034
6620
8161
1525
2024
1605
3581
9944
4864
6455
6276
6142
164
7908
2118
7817
1834
8847
4248
4820
1717
3387
9867
9645
414
7498
5831
8816
9110
213
7449
2486
8896
6459
500
8462
6530
8714
7143
5029
589
6914
3759
4839
8724
5239
4070
6508
7549
1584
1275
1983
9577
3438
113
3934
8752
4508
4730
4401
2474
699
5617
3265
6242
8510
9907
9947
8460
5965
5969
3233
2361
5719
3127
5943
9840
301
3813
1083
5047
7504
6407
3887
3939
5840
9707
2354
9237
5511
8235
9173
6562
3148
9151
5262
1515
6197
6496
8781
5948
2400
7795
2898
6289
9177
6211
2135
2790
1644
7837
6943
9544
5182
520
7574
1079
7151
7313
3911
8251
7637
2002
781
9316
5589
3570
9739
9583
6732
7940
9982
8823
7191
5508
5934
3188
8964
8185
4292
1910
5188
4525
4817
5172
1130
174
2316
4616
1193
3700
4365
1568
1474
4487
4449
3110
5299
1330
7703
8329
4651
9839
7056
2767
7654
6356
4397
965
7790
962
3452
8340
5739
6363
6372
9186
2338
331
3977
5189
1197
7981
3680
9857
1260
3615
6222
9266
8628
3994
4289
550
374
8345
5143
9008
7834
5247
5402
9037
9204
6821
1673
8640
2751
9931
9787
2217
7058
4014
710
9050
5726
4256
5426
1852
907
6022
3050
7559
6900
2276
3258
5481
4055
5375
8152
9443
5494
4030
2351
3206
9485
3247
1076
9535
6536
8403
7727
2435
693
7496
8387
4387
9438
3236
3778
4283
8519
1203
6572
9137
7575
7820
3547
8305
725
861
8414
1555
4054
1223
5499
1249
2760
110
4186
5484
5910
1082
5472
3992
7124
6506
6641
3499
3611
449
567
3427
8536
3552
5525
3835
6890
1540
7185
5899
2921
8983
2245
1265
5061
2652
9
2857
424
6095
2859
9586
5457
8082
3482
3589
6980
3303
9450
1088
5327
987
3765
6789
5045
2294
5966
7768
1692
7635
6869
5543
7876
8424
4774
1564
9445
4369
1993
8615
2383
6384
6934
3386
2709
8539
4690
9120
3140
2215
332
4437
8544
3341
5757
5637
232
383
8796
1853
2244
6447
9163
1431
6239
7650
7214
3870
6850
3069
5216
8085
4234
649
2510
4210
1554
5038
8098
8283
4473
8295
898
3796
5272
7976
2616
8926
3712
2054
4831
1708
6008
7636
9259
5460
7321
2732
8273
2080
3261
9189
3221
1990
9773
2175
702
549
3287
4273
5835
3150
7658
2039
4174
3681
7200
733
7870
1222
6683
8960
8035
7589
7112
5133
905
5124
9430
2936
1477
3573
4792
8469
1503
9122
5444
814
3133
3092
8701
6112
6907
3031
657
318
5097
8077
3677
818
9355
8232
3921
955
4170
6587
2449
6936
90
7939
5902
9581
8278
4547
1446
6794
9518
526
4474
7110
745
9558
3817
8806
4285
750
2675
7770
5797
3102
6606
5455
4480
4149
9096
8318
9872
3277
5822
1508
5009
1922
388
352
6003
7340
5028
3859
9539
3818
1778
2241
9054
918
4329
6580
2814
7994
6579
358
5105
7475
9625
6357
3883
9301
48
134
3884
2059
8461
108
9340
2809
3739
8786
3321
611
7086
2965
5884
8582
2288
5852
8270
4861
5878
9370
9213
3731
8867
3374
4808
3753
828
9129
7446
8588
5667
844
2622
8585
3184
3730
4672
3791
7527
1516
2457
1073
8688
7165
7485
9575
2036
7931
6504
1631
7792
7591
5264
1335
7463
149
7691
7742
8543
3658
6846
8357
1014
3928
2213
6283
6048
7385
714
878
5833
9296
4545
4445
3659
5252
240
8547
4538
608
3320
1232
682
399
5048
4981
5668
4471
8885
2100
371
9250
2030
4399
7606
7991
8044
8968
6757
1872
5980
9700
1311
3483
2491
5496
5754
8912
4151
4504
2186
9157
7266
3783
5463
1433
9670
9898
1755
1845
2900
8772
9667
5590
7803
4385
3151
7603
8573
9927
34
7394
8083
4645
1480
313
5140
9885
7594
5691
93
2443
309
4643
5250
3361
3857
4832
7405
6335
4251
5341
3807
3531
6799
8998
5016
5198
1806
3683
1666
6326
8910
8426
4693
1598
822
235
9201
5888
7592
1178
5144
9995
6647
6370
8716
9515
5347
9101
2249
8665
3590
5093
6189
7055
6241
8065
764
5588
448
9859
1713
1642
308
6533
1665
8774
7655
7172
9312
9401
9708
5975
1230
759
1646
9906
5756
1534
6355
4966
6135
6395
9568
9058
6521
3362
5954
6628
4007
8725
6745
7616
2442
225
1324
1715
1439
7329
9699
117
8187
7845
7108
9798
9125
1406
3326
7263
154
5307
6188
2922
3605
3733
3903
7821
161
293
2007
4823
1841
9894
1600
9676
491
645
5688
8107
1873
273
817
8530
8947
9751
5596
7946
5373
2519
6224
5450
4333
3239
5436
9895
4694
3519
37
8064
7365
3827
6296
3880
6302
8433
1218
8660
286
3232
8898
5084
5753
7992
3577
1671
5811
2424
7933
2729
3803
3476
9031
7657
8745
8182
1669
7678
9272
4099
8955
823
3732
7089
9278
2749
6675
5398
3376
6251
395
9768
933
5560
2704
4539
7026
2302
451
910
9934
7714
5083
6105
7663
6486
3142
5620
4233
9966
263
8693
872
5800
7583
7201
677
1412
1847
8728
5607
7135
1679
5740
6908
5241
9964
2313
9392
5587
4968
6054
9963
370
3861
9742
2230
7103
4523
6414
455
5606
3112
8224
5755
594
3960
1505
6347
1517
4303
7290
3774
5128
8556
6625
9441
1274
4031
566
4563
5266
5082
5641
4326
6889
4263
6882
2011
925
4427
3867
1353
8635
9920
7240
8606
2815
8764
3906
4079
983
1165
8853
366
4391
207
9899
8320
2157
7004
2430
6602
2883
2420
8382
6880
9962
9466
5681
1521
2522
8570
5236
5909
4187
675
6275
661
9725
3085
3971
3037
5815
5337
3126
2715
1133
5033
3737
6176
6754
2536
5956
9883
8057
850
1276
20
7253
8994
7855
3704
912
2293
2227
8591
8081
5322
3661
5211
9658
2447
9388
5555
5784
6826
3610
3024
8492
9115
7688
561
3845
5456
4704
1741
4091
7331
2633
9265
8619
6391
4392
1528
4355
7925
9672
8594
6090
3792
3978
4714
1150
6957
8906
1596
7478
7634
4777
2514
2391
4020
2439
71
2957
7194
9559
1137
6993
2800
5510
8810
4075
5998
7309
7966
7375
1575
7977
854
5495
3411
105
2916
4863
2915
6219
7481
4126
3708
7199
3798
5609
2575
536
6402
5843
4529
5569
6673
9852
891
3036
4849
5078
9633
4910
2273
1947
6272
3238
4595
5760
6321
953
5424
9062
1233
5098
2629
6849
7118
417
5500
4592
9179
4907
257
5851
2120
7693
9113
5423
6910
7866
7517
3891
8770
9606
9599
345
1106
1608
1212
1125
3636
9426
9946
115
4938
8058
7289
516
7791
6146
5122
6790
72
7724
9209
6155
7346
1217
1586
8874
1569
1469
9109
8289
9042
8659
3688
2198
7010
5534
1979
6471
4540
5937
7813
972
4926
6988
4463
5317
1107
5630
314
4454
7511
3422
8720
2373
4943
6182
7454
519
8255
1346
6723
9315
6618
5203
9758
3252
8865
468
1936
5428
431
1161
1653
2091
1250
3542
3918
1204
9587
7541
9013
7710
3219
5333
9351
532
3979
3025
8753
5148
5775
5279
9579
2239
6919
7798
9086
5580
6939
9318
9740
6551
377
9832
5926
4493
9197
3964
9011
430
8369
2545
9320
4758
8246
504
3373
7105
7785
7920
335
4548
8541
7264
7950
5276
1736
6857
4674
8672
2414
3080
150
7238
3431
1614
1345
4206
8909
5564
3132
9717
2812
1051
7639
5104
1828
6981
6687
2667
2237
7804
5708
3749
256
8330
6020
1262
6623
3338
8208
1721
1901
9293
8832
7262
4484
7538
6149
1952
4264
9159
683
1632
3408
7786
8368
1071
9056
8537
9889
4771
9402
6701
5624
6595
6555
8554
5672
4644
4111
4805
4699
4673
1567
397
641
7161
1378
4930
6793
3377
6042
1413
4159
1484
5971
4589
5790
229
1731
4913
9420
716
1390
5453
7998
1788
6489
9221
326
9507
4231
2048
9212
9607
9843
4374
3520
8063
9494
1562
6208
3908
2336
1320
4604
8616
7535
622
248
9548
2327
5066
1050
7901
5522
3259
5377
7060
1784
5682
8734
6099
9930
8481
3993
5940
780
7473
8632
3794
7749
5215
2055
8100
6482
8266
5388
4297
9164
54
8023
1359
5690
5059
6577
5489
9232
8514
8992
6410
2419
6612
4686
1449
8821
5309
7882
9901
2071
4370
2671
9967
7334
2138
6108
8888
3051
2875
6898
1934
7670
7552
508
7784
5400
3664
8876
7875
7914
5808
8287
2349
829
2525
3167
2609
6250
3656
7543
2077
5040
4828
6759
1544
7466
5939
5202
8925
1572
3772
5810
9833
4879
6043
1911
3329
8987
9366
8581
2181
6200
3227
2890
5204
5370
7347
4268
7393
5642
7359
613
4278
6377
4067
2677
3349
3965
5715
998
3029
2121
8324
8649
3383
913
1259
1749
2310
8550
8652
5894
2056
9451
2332
2106
3654
6233
7890
3076
958
7308
6570
4697
7371
3078
3445
4925
7807
8980
2195
8834
6520
1533
8531
7134
539
6854
8074
8904
6162
6807
6249
3044
3119
4586
3766
4412
5849
4751
1797
800
939
2761
8342
3237
1785
874
4431
5376
543
819
5873
2547
5716
1753
7260
5673
6989
2707
6440
7279
8525
8423
2410
1712
1684
5449
3761
3517
5186
7080
2594
4971
6788
8670
3335
821
6964
2644
116
6098
4488
7270
3690
8872
2027
55
4521
6271
9207
2094
2528
459
7673
8377
8722
1018
3086
9819
8794
2166
3034
3943
1465
7066
777
2923
7150
5178
9866
8761
177
5269
5378
7700
1417
8735
8097
1192
1814
1816
2995
7924
1726
6168
475
6277
5069
7094
4229
2087
2262
3518
6237
2477
4128
7049
3758
7002
6847
3251
3359
8314
8511
3816
2207
7100
793
2208
7865
2368
145
4408
1404
7027
8443
1440
5783
9400
5131
1180
4676
4375
9765
4236
5518
6832
9291
2666
739
6218
6287
8976
8899
3117
6226
3651
1134
1179
9220
6582
9519
1025
7526
4898
5803
1626
3935
5789
2782
669
3937
4414
553
3018
3852
8851
825
5340
8297
3301
3962
8710
3493
4923
3410
3198
6209
4894
2029
9985
255
9467
162
840
5454
8162
9979
9397
1558
7382
3492
973
1056
4226
6109
1744
1856
9850
9071
7353
8526
3222
5717
3295
9305
6451
1494
1998
6351
5473
2225
8532
5578
3164
1661
5184
4652
8478
9468
1912
8103
2350
8132
6057
8533
35
6324
4207
4613
3003
6891
4281
2740
3279
5553
2542
2038
944
4597
6077
2791
6692
8435
3956
4090
3462
2148
6550
5853
5827
2796
8931
5820
7300
9281
8940
7091
4958
4780
3543
3435
894
859
9194
4514
3469
554
8466
783
3678
2150
8402
8512
5035
5501
6129
2459
9142
5834
4895
8726
4660
7524
5973
6996
7781
8166
5335
9428
9844
7640
5865
6442
2894
319
3143
2390
9904
9162
1067
9574
4587
282
401
1263
9027
8802
3645
5727
9418
7057
6771
9020
2572
8171
5107
7841
5024
9480
6927
6497
5961
1424
6750
2868
7343
1409
2885
8708
438
8014
7356
8479
7830
855
1290
1877
1793
8108
1199
4295
7044
8022
3762
775
3585
2462
9915
2634
616
6163
9697
1489
1294
666
1579
6269
7016
5640
8524
6063
5780
9421
4681
3284
6113
3842
7960
7567
4593
5332
1298
89
1810
7632
853
2234
7277
8247
5174
3995
3010
3877
945
7274
239
7187
7258
6500
8444
2145
244
6096
334
121
3285
6760
4675
1859
8199
5964
2130
7916
6855
6390
9691
7217
4601
5167
4594
8491
7572
5443
9861
9635
8046
3490
3525
4287
897
584
6230
6001
3850
1379
5285
7136
6862
7819
1278
7261
1842
1611
9893
5440
6893
2437
581
4924
4018
4700
8622
555
241
6634
7152
3357
153
3169
3561
6080
1577
9542
4478
9726
9997
3735
9724
168
8568
1677
630
8859
4636
8799
6304
8120
3180
3116
4811
5036
1084
5989
3074
2480
1932
4184
5068
5063
482
8562
7447
6432
245
9856
7491
7782
4647
2176
1487
9363
6844
5091
9984
3738
8844
6762
6202
3576
5581
9083
6691
287
5462
6426
2692
7159
1926
3609
8195
8031
1268
6839
5086
3193
2394
1982
2146
3446
5535
8767
3491
6446
4204
9033
2236
1142
9779
2967
3322
3115
9682
3096
2897
8453
79
1902
2040
3090
9509
407
2580
609
8691
8167
1148
5922
5254
2591
7624
8956
740
7709
4623
9882
2128
6005
7918
6088
9135
1635
593
5619
9263
2190
7173
5037
8748
9520
4422
9718
2614
4077
9244
5199
8003
8202
2095
2379
8646
7456
9307
4961
700
422
8923
4689
354
3394
931
948
1655
2862
1662
6396
9594
3291
4342
2061
6603
9118
3579
4378
1401
6985
5258
5027
355
2726
6785
4646
1316
5986
7333
4760
8864
8574
1972
6082
8155
9680
2527
2645
3676
8892
5507
9605
5631
5970
8128
5448
9161
1808
9488
5386
1526
6403
4996
6044
4269
2827
4106
564
7609
4973
5646
8087
5850
1949
7735
8636
6718
8227
4935
6739
4561
2904
6654
5659
6581
6827
5342
9693
1309
6255
4600
6121
1000
5191
43
6010
1531
4012
6101
5622
1535
236
1991
7221
2070
7877
4265
2035
25
7468
6434
4021
9235
230
1307
171
2073
8584
6709
9618
130
6805
3874
9759
2487
3747
9851
1112
8
5469
7568
6062
1297
9941
7459
7139
9495
9472
5125
9547
1751
964
175
6860
4457
4189
3882
9156
2019
3065
426
1546
4324
4010
2057
4037
8254
1687
2178
9079
9796
4245
9349
2317
9973
6814
6431
7881
6962
2712
4990
1815
5227
2246
3181
4901
6931
9634
8666
5354
5892
5268
6621
4049
6125
6983
5898
8740
1381
1305
3757
8972
6353
3866
4728
6154
7296
7806
7927
2993
2063
5524
3754
2571
9880
2821
2159
9205
4191
9436
7928
1946
708
2935
9284
2869
3975
1786
4157
9582
2158
8269
8575
5051
6535
8914
3488
8437
6021
9824
2648
1879
3007
3314
6782
7422
412
9132
6172
2432
1532
8070
5497
1638
6982
1628
3245
8206
7013
4033
295
632
8808
8916
8105
876
8618
5576
2284
4036
4518
3526
1292
56
5917
946
4023
208
8549
9091
6382
252
7401
9012
2738
5734
8507
9378
7783
6669
1385
8882
8785
6699
3789
5207
4977
9636
5824
9935
3727
429
9632
9841
1166
8350
7396
9853
7506
658
2600
4440
7962
5471
6512
8141
4196
982
7648
4103
9409
446
5298
2981
7098
7508
6263
2005
5635
7373
2012
5845
8674
6466
5665
2214
4992
3945
6639
7020
3400
1714
1862
2640
4481
5928
8871
6617
2162
5120
1337
3806
3686
3243
7407
9610
5255
830
8941
2892
350
1410
4211
5877
6299
7905
1118
8351
7164
5316
2975
1641
9124
9834
373
9326
5945
5886
9815
2495
5476
738
8317
6830
9799
1527
2010
2506
5793
6059
3944
8559
3871
9891
2846
2016
7158
2153
8086
4804
3539
4872
2573
3997
7178
4501
5438
7109
9996
712
6596
4089
1511
5933
3039
5209
1356
214
3648
6755
294
4339
569
8837
5900
2685
5813
67
9342
1144
1113
9374
1085
1620
7419
3063
3763
2944
7672
8257
298
2324
8271
8639
1139
729
5326
9517
9524
1512
4827
6258
3902
8623
5180
788
995
4571
3234
1154
5115
6328
3545
1529
6559
7738
1238
7744
1819
5568
4622
540
6876
2116
1630
2786
6933
2393
2315
737
7564
5390
8993
4835
4453
4388
2075
8822
8205
8607
4847
8558
1927
1839
4891
5745
488
8123
4259
2801
9338
9391
7054
6813
6677
5356
133
9396
2672
5857
5901
6345
6944
1198
8572
9512
6770
7131
7752
1091
250
4797
3316
9133
9199
5058
2615
3671
1602
1848
10
1167
5703
9005
9877
6085
1716
7426
3054
600
7038
8362
6127
9766
3705
2690
3828
8129
83
2402
7872
3182
8515
5766
6130
4319
7052
3352
9025
4311
5300
3669
2829
1570
8705
879
5670
3130
4255
761
8290
1837
6439
4252
1447
9604
8990
9028
2060
9434
2621
9269
3672
2848
6229
671
5794
7773
4074
8116
4565
1582
2968
8154
1171
3769
447
5702
1563
70
4558
8349
7252
2529
3286
3013
2405
7793
7469
5223
3495
2001
1637
8485
7138
2933
2699
5228
2068
7911
1639
5271
8034
2076
7175
4461
6140
6261
356
8826
6767
254
7326
9337
1971
1950
4598
4745
4724
3398
2197
7755
2877
9926
1108
292
574
4223
1739
1420
2794
2986
7064
3255
5689
1044
1140
2992
4063
7416
3299
7833
4987
7226
1937
6845
1565
4954
1869
8323
5616
3513
2037
1948
8942
8902
3125
2384
6050
633
7869
7627
9166
9066
8396
3087
9224
784
2045
3186
8817
8455
6736
8122
932
5004
4073
5153
6619
5771
7705
3948
6828
811
5277
5320
128
3224
9837
8680
8352
7233
9323
4356
1219
3553
6110
359
870
8516
2191
6806
8007
7497
2817
2509
8346
5777
9546
3568
1899
864
7082
4860
5369
3933
2881
831
87
5651
9644
6565
4095
3264
8634
6712
7818
857
7255
4394
8218
9425
8580
9522
660
6457
4776
487
8495
7823
2532
1301
7223
7412
7130
4425
2123
4224
1574
6157
9591
9651
4442
5270
8040
9081
2784
7350
181
976
9999
7828
7072
773
5764
5984
2792
6033
9038
2503
2641
5427
18
1493
1110
3079
4659
3209
329
1182
1286
7427
9630
2008
1190
9193
1416
1495
827
8399
6674
7361
1649
5694
1123
6035
7458
8995
2905
3217
9862
9875
4605
951
6488
4507
4353
9900
6282
3267
8505
8766
6137
4424
6018
4620
5014
9807
9790
753
7390
1021
625
268
46
6468
4160
7439
2853
1889
2184
3976
5129
1227
3502
394
9957
5175
6796
4743
7409
9812
3717
2026
7499
118
1153
4180
8379
2339
1194
7659
1624
7588
8268
5950
1208
5030
6915
9570
6756
2946
3405
5071
8385
1557
5545
2098
5656
8321
6986
4711
782
3831
3635
7196
2661
2235
9275
1960
346
3631
480
8468
7429
9598
895
193
7477
6415
3642
6719
7628
3215
2429
5065
2926
2807
3980
5323
1771
1590
2840
8662
2009
1187
6704
7585
1783
7626
701
442
9283
3797
2806
867
4877
7488
1234
1722
6433
8945
5565
275
5772
1775
274
6959
4040
246
6662
9593
4627
1158
1507
5022
7492
3839
1426
6103
525
3583
3288
9249
2463
7024
9706
6016
5163
5017
1313
2893
7388
6236
7090
2979
860
5243
9688
9367
3332
6528
8596
7652
102
4756
1468
7980
3179
4667
2830
1432
2880
3006
6926
8039
253
7836
7248
1733
9622
7926
9523
8073
7216
81
9638
8252
6069
9572
3473
9210
4951
4061
3864
2134
4985
919
6884
7614
3865
453
138
4883
9500
3633
3317
3355
4677
6483
757
1738
6513
2808
158
4250
2370
1974
8164
8006
5399
9046
9714
3562
5446
2482
1163
1288
8565
231
9152
6887
4088
6633
7202
9180
7288
2779
3959
4982
2376
4293
2263
7155
4995
4451
9483
1094
9167
806
8893
4082
4185
2750
2386
8891
3917
2694
3550
9525
9654
5195
86
1811
7101
2733
1791
5634
6274
3208
3190
3128
1500
9138
4181
7619
178
991
2521
3632
6897
1272
8566
6511
9615
9662
5015
1833
1095
9465
6556
3510
1121
3060
4011
6804
4815
8629
7415
4006
9928
3773
5351
4727
8233
4288
678
5092
3716
9505
2891
9254
6968
8144
1090
9029
8593
8165
4767
1595
9800
9292
3230
9019
8388
2737
914
68
5357
1261
9729
7943
2668
4983
290
9802
9279
6150
1285
4347
6747
8170
9285
2031
4683
3334
7676
1930
2096
8707
896
503
7197
6297
2465
7183
1350
8999
9330
7031
5251
4499
4543
668
3743
2160
9785
5860
5923
463
9057
6613
8356
2125
2211
6726
7077
1456
9501
4108
1986
7800
124
6118
4357
3091
9147
9473
2356
5593
9990
1398
1924
7061
5260
3666
7675
4826
1361
3409
7711
2961
6114
3223
2526
6605
73
763
6650
2568
59
1336
5712
9993
3521
8620
7114
2286
1097
1135
1437
3160
9567
2346
4042
7242
7406
5809
9992
4796
2945
9776
9487
2744
4769
3147
1882
6329
3767
9016
5012
7719
9757
8113
2367
7857
376
5297
3009
626
4735
3306
2335
652
6097
160
1407
7162
4221
8903
1280
941
3554
6503
1419
1327
9187
6128
1667
4912
4436
6068
4266
5094
2714
1005
9105
6007
9641
2543
9846
5839
776
6309
8401
8175
5134
3015
3830
8094
1966
3718
2192
6626
1362
2017
3924
2144
6978
3177
8943
6685
1761
4599
8176
351
1962
8301
8089
9165
9614
131
5714
1691
5185
9974
6295
5324
5267
5912
3607
1377
3229
5315
6912
2415
4142
3068
4813
3290
7450
8927
5629
6791
4404
6445
1923
4881
9981
200
7208
1403
8115
791
8215
5644
8612
4059
8641
6751
3246
8555
5367
1583
889
4830
513
863
2458
6987
4158
6946
7839
6953
929
8721
2278
5832
4330
9905
950
5447
6834
2557
2687
7625
2720
5870
3549
6009
5521
2265
6143
5638
4402
6522
243
562
6700
5221
1472
3297
1803
2743
4584
7547
4065
803
2669
6047
7701
676
5467
1765
4917
7805
3300
648
4766
2964
1625
3501
4434
792
6698
7904
3623
7410
7771
5020
3443
2320
4568
1341
5636
8758
6519
501
4415
2366
2866
114
4254
4822
1315
647
7500
3719
413
8188
5197
2989
9381
1391
6517
5187
8483
1256
9511
1802
4302
8599
9499
5313
1939
5601
9536
5110
7871
5219
440
4062
2450
5846
3679
3012
141
8887
3653
6967
1959
9319
4866
8521
586
1747
6516
7731
6141
3515
9225
6858
5049
3986
8060
7815
3720
6972
790
7364
619
6266
3273
6205
5319
959
4710
6333
6076
5385
1421
458
8630
6194
4051
6475
7656
7707
3888
603
5818
5177
8504
3572
4400
8183
7315
3711
416
2240
1942
6153
6231
1048
6360
4482
7762
8523
5685
6348
5812
7354
8025
7812
4228
7680
2334
9406
9744
3191
343
7570
1318
8407
3257
5023
4716
3008
1773
4739
7128
529
3114
1122
9382
4609
3381
1072
1011
8219
3876
5586
5257
6727
9192
8265
1032
7847
8042
4477
122
4997
2501
6695
64
6185
8608
3968
14
3599
839
4377
2199
4332
1367
26
3608
306
209
2151
5168
8194
378
8657
2119
9942
3296
4372
713
795
3083
7848
1704
3890
1762
2326
4517
5683
2852
7741
8248
1629
96
4338
1933
4855
7580
681
6725
7003
7395
8578
4279
5408
2403
9789
9516
7041
5292
2588
2219
8673
6649
9004
3999
1231
1756
3139
2928
1880
1868
3840
1875
3174
4492
1723
3768
9112
966
2431
5983
8678
6240
8220
2818
2886
5861
2033
7015
8744
4698
8244
9462
4000
6999
1849
7341
8643
596
8017
4308
58
7381
5530
2567
5441
283
5854
1892
7949
2505
1782
8173
5579
533
5465
4791
7006
3740
4272
4244
4752
8755
2716
3548
7157
8797
4656
8880
5664
7975
6169
9410
432
6037
344
3538
1078
2422
9629
7734
5531
2342
1258
467
2136
6548
5280
5371
1100
4120
9328
8053
1750
8848
8198
6716
1191
2185
1541
8463
6058
3926
8234
1160
441
2421
427
644
9686
7219
3497
5006
1697
2626
3707
4115
5720
8459
9036
362
9077
809
5474
9648
4554
3385
7856
8564
1781
3481
5263
3021
8655
2758
6429
2530
5897
3202
4687
8508
511
6611
7732
2103
3929
7745
1885
5671
4176
6369
6894
3695
6424
5643
9681
3268
1252
6298
6965
5621
2347
5238
6404
9698
3070
2858
975
2013
4022
8304
8935
9592
36
4322
5573
5979
6359
1004
8055
4291
6622
8475
5041
4668
7620
4068
9048
6564
9936
1652
5413
8915
3124
9047
4490
5724
7366
5743
4013
6093
2261
5506
2104
4854
8363
2565
6320
170
1255
5863
1522
5417
602
5368
7995
9287
5610
4809
1389
607
8749
29
8965
7048
723
4328
3292
3516
3574
4416
7518
8938
6116
3618
8263
6752
4531
8699
4680
5000
9611
9713
4557
3379
9414
5149
3042
7686
8260
1835
9650
348
3474
7822
4312
4138
1917
3592
5710
3858
3557
4403
720
8677
6268
9053
7779
7723
3434
6571
6030
2132
8228
9015
2200
1903
471
5273
2322
120
188
7586
5924
8416
5387
6294
8614
3447
3815
3171
8069
4155
4066
5509
4736
3309
4657
8805
2832
7900
6138
3401
75
195
312
434
1718
7177
3838
3479
4821
8645
3244
1354
1386
4706
4167
7982
6441
6089
6724
6412
2445
3569
1823
3923
4175
2678
6800
8027
4781
9437
3146
6552
5566
8763
4194
1513
8432
5002
5147
7414
3450
8905
6901
3412
2438
7363
3595
5490
6223
542
6991
6487
8750
2924
7071
9719
8240
1502
2204
9569
5677
3201
2705
4261
8114
6531
9806
8590
2433
4247
5026
2107
1086
1034
3972
7482
9820
8769
1769
9245
6815
2006
3275
558
2698
3533
8820
6545
2170
2939
1392
1700
5885
4848
5321
234
2129
6376
3118
2224
837
147
9107
2050
3901
327
3307
6485
2467
3715
9549
688
1742
5212
4878
9149
4921
4147
9276
9908
4842
2887
9361
5713
2823
9602
2657
9659
9922
4721
6244
4406
6450
3580
2771
2516
1919
185
4810
7250
5361
8106
8291
687
8919
6458
7428
2047
7712
1363
3751
9822
4757
3606
9026
7120
2041
1136
9747
4166
3786
7431
5946
6930
3109
3028
651
3764
9393
3353
2718
3745
1046
7294
4631
1690
3931
595
9780
8110
8788
5289
6697
425
3460
6398
8238
5799
656
6657
1241
7844
6081
317
4703
6885
7227
3620
7509
7117
8890
9130
5384
8883
3646
4235
5245
284
1650
3168
5151
5504
942
6418
8718
4632
8339
1978
5639
7765
2377
9808
2461
3004
2844
1111
4836
4653
4352
3095
8970
9732
1799
8858
2375
7579
7121
1696
3920
8038
2411
9848
9513
1566
5805
4897
382
169
3
6589
6040
9457
7520
7125
6645
4419
7514
6448
4337
6947
8341
5959
2380
2836
2587
5401
6409
7647
270
1754
8375
7295
4479
7232
7380
5432
5562
2596
6184
6905
9521
1772
6523
869
9998
4015
2888
3185
375
6411
9720
1752
9268
7249
2364
6498
6848
3064
3565
2856
6629
1622
2602
5605
1643
8303
8367
6315
9206
9240
6198
1450
4868
7644
6422
7646
5395
9597
1210
2950
9743
849
911
7814
4092
1030
1022
3919
9532
4344
1003
758
3310
7664
6913
6715
5181
5034
6024
7413
2092
60
7674
886
4641
2058
1770
9258
3879
6935
748
6824
2300
9565
9230
1181
1387
820
8088
380
9188
8476
6878
2233
9174
7123
6070
797
2544
2701
997
9108
7971
249
1383
5935
2914
8895
4573
8404
279
8454
7600
8036
3477
6256
6707
8548
5126
1838
8016
9613
3313
5516
8729
242
6056
6969
8954
6428
9510
4119
99
2152
7111
6990
2654
2165
856
8338
47
9369
7551
1473
9168
8545
7746
5132
4448
3629
8299
4076
5355
9918
9353
7764
1674
9228
1089
8731
7760
6955
1883
7073
9335
1830
6924
2066
1213
6637
7293
816
5650
8163
6449
3241
8438
2810
8709
5325
8243
1037
8534
980
4017
7292
5895
2721
5944
6438
9628
2141
4802
3426
368
4553
142
2203
1143
3744
3467
3500
9924
6688
6631
5744
2999
5731
4080
862
3138
5916
4003
590
7377
6584
7107
2127
8648
9359
2951
5076
4048
7622
6119
949
4639
1293
1804
826
1921
3211
9749
6792
7739
6494
5662
9781
5194
8419
6833
908
8328
8405
7553
5001
9921
9202
1807
7809
2079
9339
6292
9470
9552
9764
6672
1009
53
7513
4004
2795
315
8383
4137
4366
9793
6746
2763
5380
1257
9830
2507
3912
8852
1757
3463
1458
51
6904
3235
9219
7523
3841
8365
2546
3254
4053
7536
7209
930
6314
9371
5439
7119
2022
6156
6977
5062
1524
5968
8937
3030
2953
291
7188
8417
3498
2353
7899
3456
3946
9169
3011
6514
2413
1977
6925
9069
8239
6812
7222
5056
9858
8447
3047
1843
4534
2409
461
1312
6870
4993
8005
1448
1975
6668
9357
9562
1270
2920
8151
1146
4833
7850
2697
5430
9484
9145
8978
1640
3821
5741
6115
8843
6196
4773
7316
8863
8502
1186
3584
7043
4819
9723
9257
1329
2085
6743
1453
8442
4838
1593
4552
6676
7078
7470
2484
9551
2913
8267
5679
9637
7974
4343
1851
4039
5608
3041
7996
6385
3122
57
6212
2404
3668
299
3098
9009
7374
9809
4709
1455
2298
5224
2931
7941
7677
6509
486
7699
7484
5412
9139
4638
4274
1846
2469
2590
5116
2956
9253
1240
1840
8738
2131
2899
4580
6183
2702
8411
6656
2049
5556
960
8348
3953
8395
337
5109
7203
557
1463
8801
9242
7825
8451
9678
476
1442
5054
4551
9876
845
7034
2270
4225
6720
6538
6557
6635
6397
8470
3200
6544
45
1941
2171
2363
7035
3588
302
915
6711
4136
1552
8934
5164
6
3987
5419
2576
1418
2783
2909
9578
8697
9170
9486
4899
2725
926
166
3868
3468
2991
4270
5150
4890
2554
6646
3413
2974
4900
3465
2861
3103
992
9838
7623
494
123
6265
971
4763
984
4433
2556
15
4276
9845
1857
6386
9712
2578
8425
9295
3507
1149
342
9767
7501
6325
5604
7883
6214
6305
4524
2646
6802
1898
2378
4301
2919
1145
3019
3534
404
8894
1209
7387
1300
1041
6346
9621
3113
6729
3905
6614
2299
5919
9347
8513
6829
6502
7235
9332
9461
5826
7666
5523
8292
8929
7897
9619
3682
470
8331
9755
579
4829
8741
3834
1774
9914
2850
2489
3204
7129
3162
4628
7153
381
5597
1152
7166
9088
4732
7314
8212
9208
1479
5409
7593
9531
3428
6413
9573
4497
5042
2907
6737
545
7051
349
7889
3508
2143
2735
4606
1491
4629
9067
7285
3824
1536
3823
7758
495
3363
5196
4209
9214
5858
1542
5680
2412
8408
7987
9417
2927
7074
3804
1996
5383
1956
4858
5552
367
9490
6479
7276
1884
2311
6816
3367
3415
509
541
7083
572
4193
7021
9372
3494
5611
2777
1393
6322
1812
9216
4135
3627
2762
9343
2531
7604
813
1251
8496
8921
7099
2520
6053
7910
2381
6350
4163
419
1340
176
9411
7140
3875
598
3226
6257
1809
717
4232
7951
7689
3061
6427
7584
1543
1854
9902
5141
9322
3847
1734
767
1451
6534
1904
7453
575
6065
4922
631
7858
8061
2285
3189
2793
443
7577
9481
5281
8133
5274
8664
7968
6270
4575
5746
6578
7668
1668
744
3016
1675
1326
5649
6984
6501
477
6362
3475
3444
1055
8996
1092
3213
7740
8803
3998
5039
80
8431
7106
5393
3551
8762
4976
9329
9360
2511
2581
3691
9978
2599
5515
7726
6642
4084
4840
6246
2569
7081
4998
4969
4345
1266
1348
5544
3660
3108
2124
7937
1995
8434
8765
8637
6052
2863
3985
1279
6484
6462
7330
2625
2637
3536
3776
6903
6976
7961
5660
4052
7017
4086
5265
3770
5346
4618
2759
8121
8782
2180
1459
5248
460
4146
5571
727
6373
9937
9051
5312
462
2271
6678
8347
8168
8286
6235
7863
6470
2719
1075
6131
3270
3702
9433
5296
7531
8398
5352
5759
6840
6765
3634
7554
1002
6658
2940
6648
1066
7030
5074
6019
1006
227
4902
2972
4340
2065
4240
2664
7389
6174
1236
3849
187
2406
7602
2604
7617
7022
6822
4346
4873
1844
690
6371
1322
7480
8849
5995
935
194
1664
9431
1124
3022
2496
3652
4435
4989
4156
5200
2620
5557
5372
8075
24
2548
4741
6027
5669
237
3071
2780
8436
3242
5796
9871
4172
324
2788
1900
7717
2114
9454
8024
5085
1131
3370
7397
8464
3832
9154
9222
4296
1349
437
7840
1538
5157
5582
5700
7595
8597
8306
2337
2833
1425
3440
5305
2535
1024
2446
9021
4455
2754
7403
8723
7954
9666
5158
2563
7423
2441
2540
9153
4928
4887
6610
3809
888
643
808
2842
9534
2250
1126
1043
5253
2398
1597
2287
6992
7367
1008
5003
4722
6970
5031
5978
2242
6971
3698
7372
2722
5171
7988
9959
4310
6932
5090
3630
9282
7011
4744
680
9987
4572
9092
2301
9932
1399
38
5692
1758
6195
9954
9590
1826
5425
9198
2770
1609
9640
9673
7942
2216
2988
4129
9596
4275
9710
6160
5985
1623
393
1454
2854
8746
1242
111
5103
1207
2682
5952
9076
4665
8638
6461
3256
8210
7032
91
9716
8977
9190
8231
4867
7796
9117
8204
6599
1402
1211
6055
2912
1748
4112
433
8679
1559
9474
9639
6094
9965
4696
9203
6714
7730
3655
2427
1916
2202
9736
967
3388
4161
4936
2308
9087
3045
4669
752
5222
2603
5349
6393
8611
4371
2483
7667
5816
159
7065
3621
7311
3750
5411
2451
5491
7376
4655
3833
9478
8374
6853
4152
4178
8780
1964
6273
9476
5302
2333
2734
4880
3820
1813
2434
9102
1518
4884
7000
9002
9238
3899
6950
2147
7324
4486
5955
686
6117
9080
7207
4239
5829
6032
6825
1820
6307
9498
1871
6835
1801
5864
8021
9761
2728
9741
6666
2860
2365
2816
565
5283
6706
2330
2952
4029
1963
8157
1347
1719
3380
6671
2110
3212
4001
5602
7921
8737
6861
32
1155
5138
2533
5486
1060
7854
8310
5480
8689
2023
4542
3564
3395
2323
8037
9538
9331
6177
1618
6585
5686
9617
8465
3351
4019
6167
2632
3622
259
8971
2562
8958
9733
6387
9223
9060
9422
1681
4602
7425
9646
865
3158
1768
9530
1115
3137
6100
5011
1865
8052
4624
5693
4439
5308
4072
8661
3263
6039
1530
4024
4134
8127
7147
5949
7566
6380
7241
2670
3393
3752
1289
6164
7598
1101
9647
6689
3354
4555
2724
151
276
1430
2504
1894
9817
4630
8604
2252
3941
7471
5802
4423
5653
9325
6306
2466
3225
832
3240
1478
7694
9554
8793
548
3503
251
9690
8062
9972
8018
3710
1909
3504
1490
6123
527
3161
7338
1224
4519
2983
4267
1422
6775
4217
1215
7067
7736
1603
9384
732
7040
7915
8134
7225
6280
2804
1175
2663
3149
662
7007
1323
402
7892
3872
7220
1967
1606
226
403
9385
6046
5288
7448
6394
9302
5737
7418
5823
4190
9143
7132
8373
5478
386
1302
2831
4390
5559
8603
8207
9566
4762
4057
4246
2586
8279
7247
5156
1476
6886
9309
624
8860
7797
9892
6301
9991
9144
4214
4634
2473
6651
9888
9771
6515
6710
78
7195
6278
155
2643
6173
63
9595
9553
4549
7045
1707
5514
5655
7629
1523
1780
6191
7451
7424
1694
7302
636
8711
4937
6576
5546
5032
2766
9842
8428
9063
1705
4456
7142
9661
1621
5414
5259
2460
3106
1471
6742
5828
1825
5628
9383
5981
1049
1870
1943
8394
5554
7540
7246
9975
3289
743
9727
1254
6753
9126
7789
2266
411
4087
2686
3693
9669
7084
2550
4903
7963
7894
2358
2436
5769
977
3269
8179
1054
588
4718
1822
2223
8704
7280
1539
9459
7037
1506
9030
112
7938
1764
6875
7141
8866
9346
6741
1304
9171
41
3324
4432
6997
5711
5701
6026
5866
1310
2069
1789
3283
4719
3593
9314
4850
8812
203
266
238
8551
9044
7997
9298
2051
4755
5389
1141
1599
1277
5782
4379
1874
7304
7563
9183
8337
9601
664
9663
4143
8011
9458
2851
9094
1985
1151
3451
978
7029
1317
2283
7272
9394
4908
3121
3687
9508
5050
1863
8518
9243
6234
6569
8117
3040
8448
4978
9085
1405
4984
6591
4909
6106
2479
140
2911
7434
1779
1226
5788
6507
4116
4349
7402
9321
182
3135
1787
8009
8181
4959
4945
9560
642
8775
7596
9001
2163
8497
6262
9913
749
2388
769
9211
2407
4122
8177
5025
9333
3625
6906
5583
5549
5021
8736
4409
6918
6124
2710
2518
8080
3123
9792
3170
719
2930
5475
3318
228
2753
4626
4579
4772
6012
7287
8595
1548
8569
9786
6600
7411
6469
7317
2272
679
325
999
7204
785
4458
8698
5193
4153
3429
9247
571
9017
9148
6375
3035
7967
4685
7969
3982
968
6728
2934
8730
3404
10000
410
9694
1670
5397
3851
3136
8739
7569
6640
8974
7886
9953
3210
183
4522
7474
4882
9070
2774
667
1776
3327
4885
2555
94
1247
9229
8939
890
3601
4280
7234
1415
296
1504
1196
7039
5837
4816
3947
9818
4789
6201
6888
6221
490
3915
1343
9603
9097
2205
4614
8647
2874
5938
4637
5575
3936
6421
7651
7391
4110
3425
568
8241
5374
2268
3805
9460
1015
6199
1243
9745
8312
1573
9241
8430
706
6463
6781
7306
1295
1370
9061
7489
9795
3414
1380
6060
4396
685
3194
4779
7325
7788
3304
4243
7218
3793
4603
957
7273
7014
8855
8771
3927
3057
1093
8553
4114
4035
1169
3598
3271
7887
9412
8030
6541
9503
8261
4731
4678
5114
7873
8959
6423
3514
9557
6419
4944
1185
198
3524
4309
8920
4607
2731
1375
4009
5869
9868
8051
4230
5391
1374
7327
8587
8201
6660
1460
5077
3527
4564
7433
3940
577
1357
9526
612
7369
8829
2647
3913
2577
6399
3439
8294
4692
7801
7212
9075
2238
7096
9106
7561
734
9541
5872
9492
4611
6405
9683
4794
9310
4919
4475
5081
7345
65
5626
2742
1065
2873
4124
5142
5429
5625
303
1342
4528
1688
2902
3587
7633
4818
8835
5183
4975
2498
6366
5136
5953
6210
8371
4215
5466
5485
2251
8099
5192
2717
599
6553
5146
3643
3810
4304
8307
2154
5632
8751
1790
1031
5217
9317
7835
4859
2895
6963
2155
2340
6738
1520
9770
8809
4642
7282
1239
5704
8001
7479
771
5732
1457
4905
4556
2222
9804
8924
9643
1461
137
7018
9835
7878
3371
4097
4197
3059
7907
7743
2280
3885
8742
1216
8542
6801
4617
1607
1944
1657
2517
6735
5918
3293
4965
7286
7721
1436
8576
9976
2003
3650
1225
8101
4612
5883
6920
2867
787
1109
3155
5165
7959
5234
9674
9236
8561
5492
8886
4740
9969
8136
1578
7525
5570
8522
4348
347
6017
8126
2925
3989
2360
2281
2680
4658
6542
5010
5246
7816
2973
6238
3323
6820
7958
4446
2552
5612
7702
4127
5762
8671
6175
4608
7970
6537
4911
5742
6604
9849
6338
311
4468
615
4729
8334
4139
4358
7550
5751
3896
33
6120
5600
492
6937
8503
5095
5830
4662
4420
9529
9103
8658
3159
841
627
5725
1023
756
8118
528
8624
8296
2560
7608
653
2328
7075
2093
7516
4058
6454
2253
989
9362
6038
691
3812
7115
7174
3616
927
4775
4498
5709
379
9810
7645
5170
8627
7192
6193
6041
3218
7665
3406
5842
4844
5366
4857
1588
4967
7163
6148
9836
4198
4550
278
4567
8449
7301
6558
9043
4438
1177
2653
3647
8520
4336
1767
6465
7827
8500
8282
2515
2689
5908
3904
1886
8486
3522
3156
1698
4144
3760
4382
5778
8811
5498
8715
990
9416
9890
7864
1658
3649
6877
3187
8986
2713
3775
2765
8961
1647
3384
465
1915
838
552
8410
9255
4949
5162
6179
5982
49
5230
8359
6616
4712
191
1686
7384
4695
1659
9721
2387
7392
6879
9303
2987
1189
5330
8827
2627
9432
4932
2929
7529
7919
9506
4635
7467
3072
3777
4999
8651
2628
5117
9297
6004
4920
2775
3436
5493
3319
1077
6960
5293
5415
704
9010
8610
9195
101
2778
8343
3932
1792
2247
103
6761
8989
576
7832
4754
9854
8192
415
1237
6583
2212
7298
3389
5825
2684
3195
834
6510
100
7461
7042
6079
7179
9679
3741
4418
7621
6696
6166
3963
6171
3276
5365
1371
5623
5791
8214
9404
9334
8150
1896
1777
7539
1273
2508
6773
4047
7853
2025
6158
2137
9571
8332
2938
1610
9971
39
1027
2736
1553
8458
7562
4476
3207
6615
7113
4933
7930
7176
6247
3954
3617
8135
9925
2260
13
3390
4759
8944
1725
6607
3694
7319
4113
4363
6187
8777
8079
6186
591
3433
1550
3703
30
1331
5795
2828
5781
2660
3529
9386
9246
2470
9059
1592
4814
9576
483
5311
524
1617
4562
277
2683
7912
8378
6705
621
1201
8878
1795
4783
1308
8284
2835
7587
506
2021
5911
1147
436
2941
2086
9072
3726
1890
8249
1228
3175
7483
9705
8489
8930
4464
1908
2126
1728
211
9121
4705
6808
8918
7704
694
6682
8229
8586
5123
5338
5154
9444
2865
9701
7231
3302
484
1955
9479
6778
456
2014
8979
2314
5821
7802
7824
2970
4367
6776
9746
8675
8873
8963
4305
8285
6312
6863
3822
1740
7993
1114
4331
9715
444
7210
2478
5284
2493
220
27
5464
4733
2303
7486
5779
1729
6317
6336
1968
654
5249
3675
5166
906
8692
9642
7720
5907
2004
7681
3249
8191
1087
7
7305
8004
4168
547
8364
3101
640
6713
6264
7879
7957
8501
1907
6334
9447
5698
7383
6045
1195
42
5551
4621
9493
8948
6408
9064
7137
6425
2583
3755
8277
5748
5470
2747
1818
4929
5941
1510
6549
5647
1325
7601
7465
6011
1709
2847
387
2958
2046
1651
6430
4320
4953
7408
4444
5286
9731
7494
9262
7718
1452
9952
2279
5433
9442
1589
5160
6493
836
8186
6228
76
2839
7565
3724
799
9627
9395
5855
9380
8066
127
4491
3131
2960
4761
310
3134
2908
3163
361
2978
5536
6086
5242
4747
4502
1867
5118
9290
5442
6389
7753
8602
1556
5657
3368
9226
5159
2269
4583
9545
6529
3055
9185
6028
1172
4398
4483
4516
5867
5244
3613
7379
917
9940
1319
8833
7322
4684
7906
4428
705
6342
2872
1660
4893
7033
2598
5479
3689
4447
8276
2193
1105
3350
6748
8043
3600
1745
7009
9158
4970
635
5848
7607
2408
1663
2954
6803
4081
9695
3644
2254
8236
9140
7715
6281
66
9870
8557
9860
909
9065
61
9748
7772
6780
2357
6337
4173
7076
1940
8050
7352
8981
2871
9879
1012
3530
5896
2679
523
8221
9267
4955
5437
6740
8535
3328
6476
2428
4825
5786
304
2304
5903
3430
6025
5278
5645
31
8059
2982
1571
9032
12
6492
9497
9049
3026
4980
1763
1918
7861
8962
3537
8138
4843
9184
3665
3471
5920
8090
6416
670
167
993
9945
9910
4530
3591
6071
8125
1613
1537
1766
9762
9970
8946
360
5723
7169
3673
3949
9911
8598
4171
3089
7612
1732
8316
6680
7880
5119
848
2593
3966
6049
9609
389
2787
3725
3472
8480
4889
9114
339
5627
3523
4788
445
1672
7903
6245
9271
4107
3955
2824
9256
7859
323
6132
5990
4041
4192
1016
5972
6851
5099
3802
9136
1074
3470
9099
8845
1061
9215
4506
9128
3863
6029
3886
1253
1827
7763
1096
3594
875
1961
786
3399
606
7503
605
7102
6731
5962
6961
2133
5736
5407
4633
1183
8029
2803
3663
877
9983
2843
5005
5190
4737
7690
7751
522
2524
3205
5179
779
4417
1159
5130
628
3640
4795
3853
7457
1428
5139
3826
8012
6051
69
3984
8439
646
6279
6902
3602
3486
6838
6586
5572
9341
4132
1475
5512
6973
8102
6630
2785
703
2142
1928
2395
2656
5735
6681
6133
233
512
4886
4380
2067
8412
2481
731
7683
8288
6339
1400
7932
8600
4016
6031
4610
2078
9653
9234
6547
165
5932
5663
6783
1206
8361
6909
8813
1703
728
5763
8868
4666
8456
8798
3996
6872
2990
7537
650
796
8733
7838
9631
4002
7063
8095
7228
1805
1264
6624
3097
7560
1058
7444
7557
4249
1229
2169
5993
6227
8717
1200
3780
9389
5108
7323
92
3674
8471
8112
4906
3248
5542
8669
1970
4465
5988
3364
6777
7985
2161
1831
2472
6540
6784
9348
6873
4386
8355
7860
4237
5906
8344
5344
9756
2917
5728
7068
1248
8684
3298
4105
1281
5240
8567
3141
4008
4800
4354
6601
5567
2639
496
2513
5881
1560
3684
6293
7799
9294
6232
5841
1689
9440
8327
1680
4118
4509
8625
2876
4496
507
8149
2822
4219
3280
8957
846
2088
2943
3881
1388
3099
5229
1800
457
8681
5761
4257
5913
8621
4094
3391
1627
9055
9000
1796
518
7983
4738
9464
6694
4535
2440
762
3365
2799
881
8386
6703
6975
2425
3048
9407
6721
6543
8148
6374
1434
6809
4298
8376
510
9082
916
4619
7716
9692
3402
9909
5237
7687
8013
4786
9887
7578
4806
842
5957
489
3604
3843
4262
7229
6958
5018
8969
2426
9730
6929
9251
126
5887
3837
9612
7239
1591
6443
3294
3974
6159
563
7008
5155
963
5614
218
9084
8613
1
4853
1429
4778
6064
9280
7088
6883
7945
8583
1176
205
9176
5976
3638
5290
1817
4085
6207
4916
7935
9826
5936
22
7297
7303
6473
3058
7780
8592
9823
285
8928
3153
1737
4314
1945
3366
6308
5220
3107
9584
2963
8877
9912
6464
1438
9387
8262
5819
1794
406
3692
986
5304
7351
4208
1170
2942
4360
7613
3667
4150
8694
3709
1334
6590
4413
5079
9123
5505
4865
4133
2739
4875
2764
1645
5905
5868
8663
8104
7268
4325
3628
4485
3639
711
7436
5214
3532
6659
4351
3742
9711
125
4034
2084
537
3790
6787
2996
8409
8538
372
9864
9007
1864
3120
1501
2232
9874
8142
2870
7206
4874
5914
9452
2494
4056
5574
1235
4123
7750
2194
6074
9878
7154
8768
7706
7310
6871
2841
6823
5067
7851
6652
8172
1029
4426
2708
8654
3356
8776
3942
6766
6435
2229
4765
3144
5431
1035
9014
9415
4216
1129
2228
3487
7443
4141
1498
6942
1080
4188
7339
6786
4376
8953
2081
2319
8274
7181
3988
7299
5111
8272
6436
6092
1351
7695
204
2382
2959
722
8818
2042
5295
3027
2341
8870
1470
2206
2345
6948
8093
597
7198
7243
3746
3696
7193
7257
3958
812
2551
3556
9356
8856
530
8509
5987
7336
4560
903
2768
7913
6310
5592
4577
3714
9379
618
7190
2756
6539
216
6417
1634
8897
4803
2537
9588
7047
2642
1414
7852
365
8209
8091
4318
9831
6034
9884
6480
7104
6192
7884
5477
614
3990
3862
4443
8293
4032
3192
5958
730
6524
8111
2064
1162
9703
940
8415
3922
6318
3909
8160
7254
2879
5591
4770
2369
3558
1601
7669
5256
580
8917
2997
7519
3624
3260
1057
637
4361
62
9813
8140
1954
9368
2083
7868
2776
770
970
8322
8784
8642
7170
4321
4585
7761
2139
9196
8517
6663
172
1394
6467
6763
3811
7679
9585
1695
5862
398
5334
9093
4195
4327
3129
7759
961
2730
1282
3049
1693
6170
8601
8137
9471
5458
3485
2305
6856
3272
8445
6014
5101
1372
4790
2444
1028
2329
6653
5730
4290
8302
1116
9980
9364
3105
2090
5422
7001
7213
2849
6837
517
7929
4467
4078
6836
7455
8427
6341
655
7631
4421
5706
9308
8609
9684
715
8838
16
7533
4271
7947
6817
8676
9273
2884
6949
1053
5528
5434
1920
6868
9324
8831
2691
472
7462
9022
8857
2174
9556
3973
485
2918
5087
7362
7095
3455
4183
5529
7144
8668
2117
4098
8184
3662
4373
4793
8045
5798
9528
9217
8393
7754
8033
2845
4931
852
1485
8997
5152
7005
74
3785
9750
882
4203
583
210
7757
1549
8048
4979
9469
3464
5364
1321
9376
8839
222
3000
5461
9950
604
212
2741
8908
5721
7487
19
4799
6795
8952
4942
8354
4950
4650
6178
7682
8824
7956
4316
7708
5353
9735
6764
5893
1205
4941
3418
7893
7630
2448
1364
6225
3489
2102
3461
3419
8421
2168
5318
772
6644
8056
6013
1678
7953
6213
5891
994
1482
2218
4570
802
3756
2210
6923
4846
5752
2072
6216
4238
2355
9881
8400
2619
6627
810
8390
8124
109
1893
3916
6285
2539
988
515
6367
7810
1612
7036
2825
9620
7891
1120
2307
6954
5161
4282
173
9039
843
5925
6941
6491
7283
4459
620
9791
6895
5750
1958
8703
6437
8203
8819
8336
4869
8901
7867
2561
8631
3729
5879
8237
3713
2512
3337
4145
4974
7846
6002
3938
435
7811
6670
9960
7059
5792
2595
357
2773
1824
7348
9865
7671
3333
9561
7895
1951
760
1068
9775
7452
5856
2385
8499
1269
7826
7349
5053
3895
4220
8169
478
4986
1969
1081
6810
6243
9869
8226
8862
587
3281
2296
1384
7729
8975
4723
8441
4537
8281
9200
4513
8506
7590
5303
1020
5697
4717
206
305
5176
3480
8683
7874
8096
4578
5768
2558
4362
9855
28
5773
1103
1702
6139
7618
7445
6966
8830
2617
4574
8032
9897
8787
1039
8789
1888
9784
6733
4393
6300
1435
3358
534
2811
8560
4749
8026
272
5598
8180
2906
1976
3559
6951
4460
7430
8068
4720
5696
6684
1551
2948
9327
4284
2475
3214
3897
6152
8019
2259
4957
6444
258
6319
8300
3173
189
7769
3930
2566
5951
3844
4544
7127
5
3046
6392
4368
5997
5410
3779
1291
3619
937
7787
5729
8854
6679
2570
2209
1036
6995
5007
7437
505
4837
6609
4026
6940
2746
1746
7145
4512
1676
3325
5847
2658
3586
9181
2187
4533
9961
119
9794
8773
2374
6006
6892
3253
8472
8067
5301
3560
3196
1164
4201
9600
3970
3612
979
6852
9311
7545
9675
3800
8589
3448
9146
8754
8850
7512
3165
2291
2490
9777
2882
3567
7085
6126
4045
1836
1798
8422
9463
4701
4125
2984
7641
7979
6181
7973
2878
9358
5817
4812
201
7808
7230
7756
8139
4725
5539
1585
698
5363
2769
8109
1296
4027
665
4591
5519
6165
3860
9377
5584
146
9160
5113
3748
7964
3424
1496
4915
7278
2695
3603
3441
2700
7776
5403
3685
2553
9239
1221
5733
3052
6340
9782
3967
3372
5487
6286
3801
8783
6495
8358
1128
673
2485
9949
3453
9052
4294
9119
7256
2396
3360
6779
4299
3094
9003
217
9074
7898
9760
8370
741
7642
4182
8804
9405
8156
144
6383
7582
514
5807
5057
9453
4963
4939
5836
5921
3423
1984
2612
9811
9068
943
3183
1929
5563
2611
7070
4764
281
2173
5776
5452
2043
559
473
300
1891
4888
8828
23
4994
8540
3437
4541
8644
8933
3991
7307
6921
9977
1576
6774
8450
5977
6749
5205
5502
8973
2359
707
1299
4405
9752
7555
9514
418
3056
7638
3889
3596
7019
9270
2623
3166
544
7267
8985
8131
3014
3250
8308
7335
1059
8253
4862
5915
1876
9929
5064
8158
9702
320
132
180
9737
1633
5994
1994
497
221
9533
659
5100
2389
1832
2901
3043
9078
2980
3032
9390
3346
4962
2149
6608
4750
3262
9847
4383
2289
5121
7028
1314
1467
1423
5540
3869
582
1214
3458
3582
9248
5882
7360
2889
8275
8690
1858
9778
7885
9252
179
5738
3033
3799
1973
2585
5538
7205
956
2182
7722
7386
4715
4050
1184
8078
7990
2932
7435
3910
3308
5137
5889
3706
261
8389
4130
8325
338
3282
474
4505
479
5088
5145
8193
7573
9769
2813
1376
5526
672
7476
1711
3020
6505
5052
9722
8326
5695
2297
5405
9689
5880
7168
4527
2196
6291
4154
8130
421
9424
1547
4670
2971
384
4748
5654
8700
3848
8988
9968
5232
6859
6922
1887
5705
104
8119
1358
2659
2745
538
8418
8527
6452
2321
5707
2838
452
7490
2267
9896
1395
2468
2331
2352
5517
7696
6686
9923
1488
2032
9141
6365
4581
1052
5329
8258
8889
9774
9939
1013
5226
4407
400
3396
9665
9814
4566
6066
2292
4691
3914
4038
4005
7378
8230
2492
8713
7502
3540
6111
2418
4315
1953
396
7215
9816
1905
9801
3459
8884
2597
4104
9336
5963
2264
1283
9763
6560
3787
2112
392
7148
9828
6343
129
5541
6072
2452
7984
9825
3506
4964
7251
7692
6253
7093
4202
1727
7441
1026
8008
7122
4952
4576
4102
4218
3421
2662
148
6567
8446
8028
5339
2655
5173
4470
5674
2274
1062
6400
4671
5661
4164
5871
6744
8000
766
4688
107
1127
6546
8084
3637
4469
8702
9423
7534
1965
4323
3454
7224
9090
156
5421
2819
6722
4213
2423
7275
6811
4162
2401
9788
9218
3892
3442
8932
3104
1987
9231
4520
1360
5343
5804
192
7530
2020
6667
1333
4590
8706
768
3082
7698
9863
868
4169
880
1999
2220
9664
333
7829
3496
1989
1284
7025
2538
3784
3305
4768
9373
6702
4784
3894
6478
1427
6075
9345
7344
2955
8143
5532
4707
2618
9537
4389
7599
2111
5633
2488
6254
1369
7180
5096
9951
1010
4384
981
77
1382
858
7581
3626
9496
9783
4313
9685
5594
9754
2000
7046
8791
7576
8298
9260
9489
4335
5075
8397
5533
8076
4495
921
556
7747
4649
4807
2044
1913
8242
7244
322
2589
3566
6220
3312
6215
3178
7972
2748
9696
8381
8727
2464
2397
4972
5859
9111
6284
2188
9261
7660
7368
885
1070
4212
629
4101
2348
1648
9300
9527
7611
1138
887
924
718
44
5345
794
3701
6831
7160
835
3699
9989
1063
735
6592
5392
8756
4892
1580
9734
2711
7767
8807
321
5942
9623
2636
7281
3053
7544
8605
8682
4679
1850
900
9399
1119
5613
6352
6290
2258
4511
6843
1001
9350
2607
8656
1352
5043
2802
5749
1981
3829
9098
6690
3484
8200
9624
265
139
901
4241
5603
2592
3397
2613
8687
4121
5359
8391
5314
3348
2781
6190
3528
2665
2455
1931
5767
2497
689
9916
3088
1443
1102
4515
7337
9943
8842
9626
7521
7794
2282
4871
8922
3950
1561
7189
1992
264
7062
1897
8484
6874
7318
1202
8861
892
2977
3199
7236
9277
6597
8335
8875
4253
6643
4708
2277
7050
7556
2500
1615
1735
6661
3330
4060
289
4100
4798
3856
3781
8002
2105
7662
623
2243
5394
4569
4069
5547
4546
7843
2156
9448
9227
4028
288
6203
8315
1246
2343
3723
724
5396
7023
1486
9175
4429
1271
3900
5513
6928
9986
5013
7766
721
3403
2164
2453
778
4559
6594
5666
746
697
5960
1328
9313
262
755
2189
610
4096
8563
5618
3449
9408
4625
754
4381
2417
8309
7328
4222
224
7472
405
5722
5282
1220
7284
5358
7902
5459
8950
5328
4713
4260
5765
2549
7909
7725
4648
9491
5814
1040
9449
7259
798
9191
2757
9589
1997
7460
6122
7733
6252
6881
3951
4536
8049
2392
1519
789
8814
8900
5072
7748
7464
4306
3369
1287
9375
742
8213
851
8380
4359
439
6952
85
2826
8041
5225
328
4785
2399
2985
3808
3432
184
8528
4242
4286
521
9903
535
454
9034
601
8667
9668
8440
4904
9288
2122
4787
3077
9738
2994
6636
6896
1720
709
8949
7944
1339
2372
5206
7989
952
4489
3512
4300
8366
8951
4588
4307
6956
5503
3509
2834
8245
4914
4165
3416
2062
8250
364
8825
9403
985
9543
2167
8264
638
5974
423
6354
1710
883
7774
2969
1545
969
7615
7986
551
1581
3657
2015
353
3505
692
815
2318
5310
5558
3544
9886
3176
7097
9772
8800
4441
4654
7649
2101
7775
9797
6867
2221
2910
4960
9100
6180
5527
82
5291
1366
9475
9155
6344
4411
9398
1017
8190
4044
7438
3641
1464
3347
6598
3331
420
1701
893
4199
6145
2998
9089
1514
5947
592
807
8420
5275
3100
9419
8474
9608
3407
3825
8795
9938
4734
8092
2608
4841
8626
5445
5073
7156
1914
8211
2855
7357
9580
7079
3546
1188
1045
2772
5676
7404
1594
4341
2896
4746
469
7548
4526
5420
9948
3670
5929
4334
2752
6945
6632
5718
3466
8189
6073
5844
5577
2947
8217
2574
7542
247
466
135
1462
4948
3005
9304
2108
464
6994
199
8743
3819
7167
3203
9504
6358
8054
8790
902
4663
6474
260
269
3382
7505
2362
3017
6768
1906
4856
1365
884
3343
3081
3571
6316
95
1132
7342
6248
5294
804
6472
8147
215
6456
871
9671
6453
391
9352
2074
1117
9660
6349
6015
5927
3854
6331
271
1759
7507
1368
5112
2306
1699
8494
8174
136
8429
4753
9988
824
9829
3782
9616
3983
1047
1829
5331
6526
8869
7400
4946
3002
6406
4177
7922
6084
143
8015
5615
8685
7737
6078
6313
50
6460
6204
639
7888
8633
2688
578
3952
3266
922
1760
833
617
9704
5699
3614
4043
2789
8467
4205
3274
4350
6000
163
6717
1157
6102
2559
3575
1355
6563
2028
7116
974
2631
696
7186
751
8498
6554
5599
663
3736
4
6527
3001
2295
2649
3814
7923
8333
6144
21
4494
4317
7420
6134
4532
9555
8841
4510
9344
8747
8907
7495
2624
8984
8256
7896
6061
5406
8222
6368
3075
3157
9456
8529
2676
8846
363
4179
1730
9413
52
2344
1988
9306
7999
7126
6665
7069
5785
4500
7355
6518
8153
4918
934
4410
106
8010
5435
9656
5482
4596
3339
3578
5747
190
8760
7862
2630
6917
3111
5201
6206
2226
4664
1173
3145
5991
5080
9753
7697
7271
4896
3231
3154
1481
1861
7778
9956
947
1303
1878
6730
954
5678
1332
8225
1685
8178
8384
186
2673
3907
9550
7558
5648
3873
7184
2290
5451
9035
3855
8732
5102
8197
157
6911
5218
8071
3315
197
8311
5127
6566
5774
5210
6979
7092
4430
747
6769
7515
6364
8881
3597
7597
2681
4466
7610
7952
2053
2949
2312
6841
8452
8577
8650
6734
1683
1411
5060
1408
1099
196
7269
1397
6842
634
7421
4851
7831
726
8360
4452
9427
5770
5362
2976
3878
5019
1604
1098
4702
2723
2837
2966
9917
6974
9482
4503
8653
8493
9709
5488
1042
4450
5231
3378
5758
2416
3541
7842
202
5360
9116
2706
4117
6532
2798
1957
2606
9540
3957
7146
3846
4834
6381
1654
2201
8216
8836
3478
9172
8967
8406
8617
9045
7777
5404
2635
8552
2962
2099
2325
2172
1656
1497
7053
5135
6998
9919
2864
5652
2937
6575
736
7291
1619
9095
7370
531
2471
9041
2703
6067
7849
1069
40
2231
5233
8982
4046
2696
219
3893
674
2674
9023
684
84
4988
9150
7440
9073
996
4725
5539
1585
698
5363
2769
8109
1296
4027
665
4591
5519
6165
3860
9377
5584
146
9160
5113
3748
7964
3424
1496
4915
7278
2695
3603
3441
2700
7776
5403
3685
2553
9239
1221
5733
3052
6340
9782
3967
3372
5487
6286
3801
8783
6495
8358
1128
673
2485
9949
3453
9052
4294
9119
7256
2396
3360
6779
4299
3094
9003
217
9074
7898
9760
8370
741
7642
4182
8804
9405
8156
144
6383
7582
514
5807
5057
9453
4963
4939
5836
5921
3423
1984
2612
9811
9068
943
3183
1929
5563
2611
7070
4764
281
2173
5776
5452
2043
559
473
300
1891
4888
8828
23
4994
8540
3437
4541
8644
8933
3991
7307
6921
9977
1576
6774
8450
5977
6749
5205
5502
8973
2359
707
1299
4405
9752
7555
9514
418
3056
7638
3889
3596
7019
9270
2623
3166
544
7267
8985
8131
3014
3250
8308
7335
1059
8253
4862
5915
1876
9929
5064
8158
9702
320
132
180
9737
1633
5994
1994
497
221
9533
659
5100
2389
1832
2901
3043
9078
2980
3032
9390
3346
4962
2149
6608
4750
3262
9847
4383
2289
5121
7028
1314
1467
1423
5540
3869
582
1214
3458
3582
9248
5882
7360
2889
8275
8690
1858
9778
7885
9252
179
5738
3033
3799
1973
2585
5538
7205
956
2182
7722
7386
4715
4050
1184
8078
7990
2932
7435
3910
3308
5137
5889
3706
261
8389
4130
8325
338
3282
474
4505
479
5088
5145
8193
7573
9769
2813
1376
5526
672
7476
1711
3020
6505
5052
9722
8326
5695
2297
5405
9689
5880
7168
4527
2196
6291
4154
8130
421
9424
1547
4670
2971
384
4748
5654
8700
3848
8988
9968
5232
6859
6922
1887
5705
104
8119
1358
2659
2745
538
8418
8527
6452
2321
5707
2838
452
7490
2267
9896
1395
2468
2331
2352
5517
7696
6686
9923
1488
2032
9141
6365
4581
1052
5329
8258
8889
9774
9939
1013
5226
4407
400
3396
9665
9814
4566
6066
2292
4691
3914
4038
4005
7378
8230
2492
8713
7502
3540
6111
2418
4315
1953
396
7215
9816
1905
9801
3459
8884
2597
4104
9336
5963
2264
1283
9763
6560
3787
2112
392
7148
9828
6343
129
5541
6072
2452
7984
9825
3506
4964
7251
7692
6253
7093
4202
1727
7441
1026
8008
7122
4952
4576
4102
4218
3421
2662
148
6567
8446
8028
5339
2655
5173
4470
5674
2274
1062
6400
4671
5661
4164
5871
6744
8000
766
4688
107
1127
6546
8084
3637
4469
8702
9423
7534
1965
4323
3454
7224
9090
156
5421
2819
6722
4213
2423
7275
6811
4162
2401
9788
9218
3892
3442
8932
3104
1987
9231
4520
1360
5343
5804
192
7530
2020
6667
1333
4590
8706
768
3082
7698
9863
868
4169
880
1999
2220
9664
333
7829
3496
1989
1284
7025
2538
3784
3305
4768
9373
6702
4784
3894
6478
1427
6075
9345
7344
2955
8143
5532
4707
2618
9537
4389
7599
2111
5633
2488
6254
1369
7180
5096
9951
1010
4384
981
77
1382
858
7581
3626
9496
9783
4313
9685
5594
9754
2000
7046
8791
7576
8298
9260
9489
4335
5075
8397
5533
8076
4495
921
556
7747
4649
4807
2044
1913
8242
7244
322
2589
3566
6220
3312
6215
3178
7972
2748
9696
8381
8727
2464
2397
4972
5859
9111
6284
2188
9261
7660
7368
885
1070
4212
629
4101
2348
1648
9300
9527
7611
1138
887
924
718
44
5345
794
3701
6831
7160
835
3699
9989
1063
735
6592
5392
8756
4892
1580
9734
2711
7767
8807
321
5942
9623
2636
7281
3053
7544
8605
8682
4679
1850
900
9399
1119
5613
6352
6290
2258
4511
6843
1001
9350
2607
8656
1352
5043
2802
5749
1981
3829
9098
6690
3484
8200
9624
265
139
901
4241
5603
2592
3397
2613
8687
4121
5359
8391
5314
3348
2781
6190
3528
2665
2455
1931
5767
2497
689
9916
3088
1443
1102
4515
7337
9943
8842
9626
7521
7794
2282
4871
8922
3950
1561
7189
1992
264
7062
1897
8484
6874
7318
1202
8861
892
2977
3199
7236
9277
6597
8335
8875
4253
6643
4708
2277
7050
7556
2500
1615
1735
6661
3330
4060
289
4100
4798
3856
3781
8002
2105
7662
623
2243
5394
4569
4069
5547
4546
7843
2156
9448
9227
4028
288
6203
8315
1246
2343
3723
724
5396
7023
1486
9175
4429
1271
3900
5513
6928
9986
5013
7766
721
3403
2164
2453
778
4559
6594
5666
746
697
5960
1328
9313
262
755
2189
610
4096
8563
5618
3449
9408
4625
754
4381
2417
8309
7328
4222
224
7472
405
5722
5282
1220
7284
5358
7902
5459
8950
5328
4713
4260
5765
2549
7909
7725
4648
9491
5814
1040
9449
7259
798
9191
2757
9589
1997
7460
6122
7733
6252
6881
3951
4536
8049
2392
1519
789
8814
8900
5072
7748
7464
4306
3369
1287
9375
742
8213
851
8380
4359
439
6952
85
2826
8041
5225
328
4785
2399
2985
3808
3432
184
8528
4242
4286
521
9903
535
454
9034
601
8667
9668
8440
4904
9288
2122
4787
3077
9738
2994
6636
6896
1720
709
8949
7944
1339
2372
5206
7989
952
4489
3512
4300
8366
8951
4588
4307
6956
5503
3509
2834
8245
4914
4165
3416
2062
8250
364
8825
9403
985
9543
2167
8264
638
5974
423
6354
1710
883
7774
2969
1545
969
7615
7986
551
1581
3657
2015
353
3505
692
815
2318
5310
5558
3544
9886
3176
7097
9772
8800
4441
4654
7649
2101
7775
9797
6867
2221
2910
4960
9100
6180
5527
82
5291
1366
9475
9155
6344
4411
9398
1017
8190
4044
7438
3641
1464
3347
6598
3331
420
1701
893
4199
6145
2998
9089
1514
5947
592
807
8420
5275
3100
9419
8474
9608
3407
3825
8795
9938
4734
8092
2608
4841
8626
5445
5073
7156
1914
8211
2855
7357
9580
7079
3546
1188
1045
2772
5676
7404
1594
4341
2896
4746
469
7548
4526
5420
9948
3670
5929
4334
2752
6945
6632
5718
3466
8189
6073
5844
5577
2947
8217
2574
7542
247
466
135
1462
4948
3005
9304
2108
464
6994
199
8743
3819
7167
3203
9504
6358
8054
8790
902
4663
6474
260
269
3382
7505
2362
3017
6768
1906
4856
1365
884
3343
3081
3571
6316
95
1132
7342
6248
5294
804
6472
8147
215
6456
871
9671
6453
391
9352
2074
1117
9660
6349
6015
5927
3854
6331
271
1759
7507
1368
5112
2306
1699
8494
8174
136
8429
4753
9988
824
9829
3782
9616
3983
1047
1829
5331
6526
8869
7400
4946
3002
6406
4177
7922
6084
143
8015
5615
8685
7737
6078
6313
50
6460
6204
639
7888
8633
2688
578
3952
3266
922
1760
833
617
9704
5699
3614
4043
2789
8467
4205
3274
4350
6000
163
6717
1157
6102
2559
3575
1355
6563
2028
7116
974
2631
696
7186
751
8498
6554
5599
663
3736
4
6527
3001
2295
2649
3814
7923
8333
6144
21
4494
4317
7420
6134
4532
9555
8841
4510
9344
8747
8907
7495
2624
8984
8256
7896
6061
5406
8222
6368
3075
3157
9456
8529
2676
8846
363
4179
1730
9413
52
2344
1988
9306
7999
7126
6665
7069
5785
4500
7355
6518
8153
4918
934
4410
106
8010
5435
9656
5482
4596
3339
3578
5747
190
8760
7862
2630
6917
3111
5201
6206
2226
4664
1173
3145
5991
5080
9753
7697
7271
4896
3231
3154
1481
1861
7778
9956
947
1303
1878
6730
954
5678
1332
8225
1685
8178
8384
186
2673
3907
9550
7558
5648
3873
7184
2290
5451
9035
3855
8732
5102
8197
157
6911
5218
8071
3315
197
8311
5127
6566
5774
5210
6979
7092
4430
747
6769
7515
6364
8881
3597
7597
2681
4466
7610
7952
2053
2949
2312
6841
8452
8577
8650
6734
1683
1411
5060
1408
1099
196
7269
1397
6842
634
7421
4851
7831
726
8360
4452
9427
5770
5362
2976
3878
5019
1604
1098
4702
2723
2837
2966
9917
6974
9482
4503
8653
8493
9709
5488
1042
4450
5231
3378
5758
2416
3541
7842
202
5360
9116
2706
4117
6532
2798
1957
2606
9540
3957
7146
3846
4834
6381
1654
2201
8216
8836
3478
9172
8967
8406
8617
9045
7777
5404
2635
8552
2962
2099
2325
2172
1656
1497
7053
5135
6998
9919
2864
5652
2937
6575
736
7291
1619
9095
7370
531
2471
9041
2703
6067
7849
1069
40
2231
5233
8982
4046
2696
219
3893
674
2674
9023
684
84
4988
9150
7440
9073
996
8139
7756
7230
7808
201
4812
5817
9358
2878
7973
6181
7979
7641
2984
4125
4701
9463
8422
1798
1836
4045
6126
7085
3567
2882
9777
2490
2291
3165
7512
8850
8754
9146
3448
8589
3800
9675
7545
9311
6852
979
3612
3970
9600
4201
1164
3196
3560
5301
8067
8472
3253
6892
6006
2374
8773
9794
119
9961
4533
2187
9181
3586
2658
5847
3325
1676
4512
7145
1746
2746
6940
4026
6609
4837
505
7437
5007
6995
1036
2209
2570
6679
8854
5729
7787
937
3619
1291
3779
5410
5997
4368
6392
3046
5
7127
4544
3844
5951
2566
3930
7769
189
3173
8300
6319
258
6444
4957
2259
8019
6152
3897
3214
2475
4284
9327
2948
1551
6684
5696
4720
8068
7430
4460
6951
3559
1976
2906
8180
5598
272
8026
4749
8560
2811
534
3358
1435
6300
4393
6733
9784
1888
8789
1039
8787
9897
8032
4574
2617
8830
6966
7445
7618
6139
1702
1103
5773
28
9855
4362
2558
5768
4578
8096
7874
8683
3480
5176
305
206
4717
5697
1020
5303
7590
8506
4513
9200
8281
4537
8441
4723
8975
7729
1384
2296
3281
587
8862
8226
9869
6243
6810
1081
1969
4986
478
8169
4220
3895
5053
7349
7826
1269
8499
2385
5856
7452
9775
1068
760
1951
7895
9561
3333
7671
9865
7348
1824
2773
357
2595
5792
7059
9960
6670
7811
435
3938
6002
7846
4974
4145
3337
2512
3713
8237
5879
3729
8631
2561
7867
8901
4869
8336
8819
8203
6437
8703
1958
5750
6895
9791
620
4459
7283
6491
6941
5925
843
9039
173
4282
5161
6954
2307
1120
7891
9620
2825
7036
1612
7810
6367
515
988
2539
6285
3916
1893
109
8124
8390
810
6627
2619
8400
9881
2355
4238
6216
2072
5752
4846
6923
2210
3756
802
4570
2218
1482
994
5891
6213
7953
1678
6013
8056
6644
772
5318
2168
8421
3419
3461
2102
3489
6225
1364
2448
7630
7893
3418
4941
1205
5893
6764
9735
5353
7708
4316
7956
8824
7682
6178
4650
4950
8354
4942
8952
6795
4799
19
7487
5721
8908
2741
212
604
9950
5461
3000
222
8839
9376
1321
5364
3464
9469
4979
8048
1549
7757
210
583
4203
882
9750
3785
74
7005
5152
8997
1485
852
4931
2845
8033
7754
8393
9217
9528
5798
8045
4793
4373
3662
8184
4098
2117
8668
7144
5529
4183
3455
7095
7362
5087
2918
485
3973
9556
2174
8857
9022
7462
472
2691
8831
9324
6868
1920
5434
5528
1053
6949
2884
9273
8676
6817
7947
4271
7533
16
8838
715
9684
8609
9308
5706
4421
7631
655
6341
8427
7455
6836
4078
4467
7929
517
6837
2849
7213
7001
5422
2090
3105
9364
9980
1116
8302
4290
5730
6653
2329
1028
2444
4790
1372
5101
6014
8445
3272
6856
2305
3485
5458
9471
8137
8601
6170
1693
3049
1282
2730
961
7759
3129
4327
4195
9093
5334
398
5862
1695
9585
7679
3811
6763
6467
1394
172
6663
8517
9196
2139
7761
4585
4321
7170
8642
8784
8322
970
770
2776
7868
2083
9368
1954
8140
9813
62
4361
637
1057
3260
3624
7519
2997
8917
580
5256
7669
1601
3558
2369
4770
5591
2879
7254
8160
3909
6318
3922
8415
940
9703
1162
2064
8111
6524
730
5958
3192
4032
8293
4443
3862
3990
614
5477
7884
6192
7104
6480
9884
6034
9831
4318
8091
8209
365
7852
1414
2642
7047
9588
2537
4803
8897
1634
6417
216
6539
2756
7190
618
9379
3714
4577
5592
6310
7913
2768
903
4560
7336
5987
8509
530
8856
9356
3556
2551
812
3958
7257
7193
3696
3746
7243
7198
597
8093
6948
2345
2206
1470
8870
2341
3027
5295
2042
8818
722
2959
2382
204
7695
1351
6092
6436
8272
5111
7299
3988
7181
8274
2319
2081
8953
4376
6786
7339
4188
1080
6942
1498
4141
7443
3487
2228
1129
4216
9415
9014
1035
5431
3144
4765
2229
6435
6766
3942
8776
3356
8654
2708
4426
1029
8172
6652
7851
5067
6823
2841
6871
7310
7706
8768
7154
9878
6074
2194
7750
4123
1235
5574
4056
2494
9452
5914
4874
7206
2870
8142
9874
2232
1501
3120
1864
9007
9864
372
8538
8409
2996
6787
3790
537
2084
4034
125
9711
3742
4351
6659
3532
5214
7436
711
3639
4485
3628
4325
7268
8104
8663
5868
5905
1645
2764
4875
2739
4133
4865
5505
9123
5079
4413
6590
1334
3709
8694
4150
3667
7613
4360
2942
1170
4208
7351
5304
986
3692
406
1794
5819
8262
9387
1438
6464
9912
8877
2963
9584
3107
5220
6308
3366
1945
4314
1737
3153
8928
285
9823
8592
7780
3058
6473
7303
7297
22
5936
9826
7935
4916
6207
4085
1817
5290
3638
5976
9176
205
1176
8583
7945
6883
7088
9280
6064
4778
1429
4853
1
8613
9084
218
5614
963
5155
7008
563
6159
3974
3294
6443
1591
7239
9612
3837
5887
126
9251
6929
9730
2426
8969
5018
6958
7229
4262
3843
3604
489
5957
842
4806
7578
9887
4786
8013
7687
5237
9909
3402
9692
7716
4619
916
9082
510
8376
4298
6809
1434
6374
8148
6543
6721
9407
3048
2425
6975
6703
8386
881
2799
3365
762
2440
4535
6694
9464
4738
7983
518
1796
9000
9055
1627
3391
4094
8621
5913
4257
5761
8681
457
1800
5229
3099
1388
3881
2943
2088
846
8957
3280
4219
2822
8149
507
4496
2876
8625
4509
4118
1680
8327
9440
1689
5841
6232
9294
7799
6293
3684
1560
5881
2513
496
2639
5567
6601
4354
4800
4008
3141
8567
5240
1281
4105
3298
8684
1248
7068
5728
2917
9756
5344
8344
5906
4237
7860
8355
4386
6873
9348
6784
6540
2472
1831
2161
7985
6777
3364
5988
4465
1970
8669
5542
3248
4906
8112
8471
3674
92
7323
5108
9389
3780
1200
8717
6227
5993
2169
1229
4249
7557
7444
1058
7560
3097
6624
1264
1805
7228
8095
7063
4002
9631
7838
8733
796
650
7537
2990
6872
3996
8798
8456
4666
8868
5763
728
1703
8813
6909
8361
1206
6783
5663
5932
165
6547
9234
9653
2078
4610
6031
4016
8600
7932
1400
6339
8288
7683
731
2481
8412
2067
4380
4886
512
233
6133
6681
5735
2656
2395
1928
2142
703
2785
6630
8102
6973
5512
1475
4132
9341
5572
6586
6838
3486
3602
6902
6279
646
8439
3984
69
6051
8012
3826
5139
1428
7457
3853
4795
3640
628
5130
1159
4417
779
5179
3205
2524
522
7751
7690
4737
5190
5005
2843
9983
877
3663
2803
8029
1183
4633
5407
5736
2133
6961
5962
6731
7102
605
7503
606
3399
786
1961
875
3594
1096
7763
1827
1253
3886
6029
3863
9128
4506
9215
1061
8845
9099
3470
1074
9136
3802
5099
6851
5972
1016
4192
4041
5990
6132
323
7859
9256
2824
3955
4107
9271
6245
7903
1672
445
4788
3523
5627
339
9114
4889
8480
3472
3725
2787
389
9609
6049
3966
2593
848
5119
7880
6680
8316
1732
7612
3089
4171
8598
9911
3949
3673
7169
5723
360
8946
9970
9762
1766
1537
1613
8125
6071
3591
4530
9910
9945
993
167
670
6416
8090
5920
3471
3665
9184
4843
8138
3537
8962
7861
1918
1763
4980
3026
9049
9497
6492
12
9032
1571
2982
8059
31
5645
5278
6025
3430
5903
2304
304
5786
4825
2428
6476
3328
8535
6740
5437
4955
9267
8221
523
2679
5896
3530
1012
9879
2871
8981
7352
8050
1940
7076
4173
6337
2357
6780
7772
9748
61
9065
909
9860
8557
9870
66
6281
7715
9140
8236
2254
3644
9695
4081
6803
2954
1663
2408
7607
5848
635
4970
9158
7009
1745
3600
8043
6748
3350
1105
2193
8276
4447
3689
5479
2598
7033
4893
1660
2872
6342
705
4428
7906
4684
7322
8833
1319
9940
917
7379
3613
5244
5867
4516
4483
4398
1172
6028
9185
3055
6529
9545
4583
2269
5159
9226
3368
5657
1556
8602
7753
6389
5442
9290
5118
1867
4502
4747
5242
6086
5536
2978
361
3163
2908
3134
310
4761
2960
3131
4491
127
8066
9380
5855
9395
9627
799
3724
7565
2839
76
6228
8186
836
6493
5160
1589
9442
5433
2279
9952
1452
7718
9262
7494
9731
5286
4444
7408
4953
4320
6430
1651
2046
2958
387
2847
1709
6011
7465
7601
1325
5647
6549
1510
5941
4929
1818
2747
5470
5748
8277
3755
2583
6425
7137
9064
6408
8948
9493
4621
5551
42
1195
6045
7383
5698
9447
6334
1907
8501
7957
7879
6264
6713
640
3101
8364
547
4168
8004
7305
7
1087
8191
3249
7681
2004
5907
7720
9642
8692
906
5166
3675
5249
654
1968
6336
6317
1729
5779
7486
2303
4733
5464
27
220
2493
5284
2478
7210
444
9715
4331
1114
7993
1740
3822
6863
6312
8285
4305
8963
8873
8675
9746
6776
4367
2970
7824
7802
5821
2314
8979
2014
456
6778
9479
1955
484
3302
7231
9701
2865
9444
5154
5338
5123
8586
8229
6682
694
7704
8918
6808
4705
9121
211
1728
2126
1908
4464
8930
8489
9705
7483
3175
1228
8249
1890
3726
9072
2086
2941
436
1147
5911
2021
506
7587
2835
8284
1308
4783
1795
8878
1201
621
6705
8378
7912
2683
277
4562
1617
524
5311
483
9576
4814
1592
9059
2470
9246
9386
3529
2660
5781
2828
5795
1331
30
3703
1550
3433
591
6186
8079
8777
6187
4363
4113
7319
3694
6607
1725
8944
4759
3390
13
2260
9925
8135
3617
3954
6247
7176
7930
4933
7113
6615
3207
4476
7562
8458
1553
2736
1027
39
9971
1610
2938
8332
9571
2137
6158
2025
7853
4047
6773
2508
1273
7539
1777
1896
8150
9334
9404
8214
5791
5623
1371
5365
3276
6171
3963
6166
6696
7621
4418
3741
9679
7179
6079
7042
7461
100
6510
834
3195
2684
5825
3389
7298
2212
6583
1237
415
8192
9854
4754
7832
576
8989
6761
103
2247
1792
3932
8343
2778
101
9195
8610
9010
704
5415
5293
6960
1077
3319
5493
3436
2775
4920
6004
9297
5117
2628
8651
4999
3777
3072
7467
4635
9506
7919
7529
2929
4932
9432
2627
8827
5330
1189
2987
9303
6879
7392
2387
9721
1659
4695
7384
1686
191
4712
6616
8359
5230
49
5982
6179
5162
4949
9255
8410
552
838
1915
465
3384
1647
8961
2765
3775
2713
8986
3187
6877
3649
1658
7864
9890
9416
990
8715
5498
8811
5778
4382
3760
4144
1698
3156
3522
8486
1886
3904
5908
2689
2515
8282
8500
7827
6465
1767
4336
8520
3647
2653
1177
4438
9043
6558
7301
8449
4567
278
4550
4198
9836
6148
7163
4967
1588
4857
5366
4844
5842
3406
7665
3218
6041
6193
7192
8627
5170
7645
9810
379
5709
4498
4775
927
3616
7174
7115
3812
691
6038
9362
989
2253
6454
4058
7516
2093
7075
2328
653
7608
2560
8296
8624
528
8118
756
1023
5725
627
841
3159
8658
9103
9529
4420
4662
5830
5095
8503
6937
492
5600
6120
33
3896
5751
7550
4358
4139
8334
4729
615
4468
311
6338
9849
6604
5742
4911
6537
7970
4608
6175
8671
5762
4127
7702
5612
2552
4446
7958
6820
3323
6238
2973
7816
5246
5010
6542
4658
2680
2281
2360
3989
2925
8126
6017
347
4348
8522
5570
7525
1578
8136
9969
4740
8886
5492
8561
9236
9674
5234
7959
5165
3155
1109
787
2867
6920
5883
4612
8101
1225
3650
2003
9976
8576
1436
7721
7286
4965
3293
5918
6735
2517
1657
1944
1607
4617
6801
8542
1216
8742
3885
2280
7743
7907
3059
4197
4097
3371
7878
9835
7018
137
1461
9643
8924
9804
2222
4556
4905
1457
5732
771
7479
8001
5704
1239
7282
4642
8809
9770
1520
6738
2340
2155
6963
2895
4859
7835
9317
5217
1031
1790
8751
5632
2154
8307
4304
3810
3643
5146
6553
599
2717
5192
8099
2251
5485
5466
4215
8371
6210
5953
5136
6366
2498
4975
5183
8835
4818
7633
3587
2902
1688
4528
1342
303
5625
5429
5142
4124
2873
1065
2742
5626
65
7345
5081
4475
4919
9310
4794
9683
6405
4611
9492
5872
9541
734
7561
9106
7096
2238
9075
7212
7801
4692
8294
3439
6399
2577
3913
2647
8829
7369
612
9526
1357
577
3940
7433
4564
3527
5077
1460
6660
8201
8587
7327
1374
5391
4230
8051
9868
5869
4009
1375
2731
4607
8920
4309
3524
198
1185
4944
6419
9557
3514
6423
8959
7873
5114
4678
4731
8261
9503
6541
8030
9412
7887
3271
3598
1169
4035
4114
8553
1093
3057
3927
8771
8855
7014
7273
957
4603
3793
7218
4243
3304
7788
7325
4779
3194
685
4396
6060
1380
3414
9795
7489
9061
1370
1295
7306
6781
6463
706
8430
9241
1573
8312
9745
1243
6199
1015
9460
3805
2268
5374
8241
568
3425
4110
7391
7651
6421
3936
5575
4637
5938
2874
8647
4614
2205
9097
9603
1343
3915
490
6221
6888
6201
4789
9818
3947
4816
5837
7039
1196
1504
296
1415
7234
4280
3601
890
8939
9229
1247
94
2555
4885
3327
1776
667
2774
9070
4882
7474
4522
183
3210
9953
7886
8974
6640
7569
8739
3136
3851
5397
1670
9694
410
10000
3404
8730
2934
6728
968
3982
7969
4685
7967
3035
6375
9148
9017
571
9247
3429
4153
5193
8698
4458
785
7204
999
325
679
2272
7317
6469
7411
6600
9786
8569
1548
8595
7287
6012
4772
4579
4626
2753
228
3318
5475
2930
719
3170
9792
3123
8080
2518
2710
6124
6918
4409
8736
5021
5549
5583
6906
3625
9333
5025
8177
4122
2407
9211
769
2388
749
9913
6262
8497
2163
9001
7596
8775
642
9560
4945
4959
8181
8009
1787
3135
182
9321
7402
4349
4116
6507
5788
1226
1779
7434
2911
140
2479
6106
4909
6591
4984
1405
9085
4978
8448
3040
8117
6569
6234
9243
8518
1863
5050
9508
3687
3121
4908
9394
7272
2283
1317
7029
978
3451
1151
1985
9094
2851
9458
8011
4143
9663
664
9601
8337
9183
7563
7304
1874
4379
5782
1277
1599
1141
5389
4755
2051
9298
7997
9044
8551
238
266
203
8812
4850
9314
3593
4719
3283
1789
2069
1310
5866
6026
5701
5711
6997
4432
3324
41
9171
1304
6741
9346
8866
7141
6875
1764
7938
112
9030
1506
7037
9459
1539
7280
8704
2223
1822
4718
588
1054
8179
3269
977
5769
2436
2358
7894
7963
4903
2550
7084
9669
3693
2686
4087
411
2266
7789
9126
6753
1254
9727
743
3289
9975
7246
7540
5554
8394
1943
1870
1049
5981
9383
5628
1825
5828
6742
1471
3106
2460
5259
5414
1621
9661
7142
4456
1705
9063
8428
9842
2766
5032
5546
6576
4937
8711
636
7302
1694
7424
7451
6191
1780
1523
7629
5655
5514
1707
7045
4549
9553
9595
63
6173
2643
155
6278
7195
78
6710
6515
9771
9888
6651
2473
4634
4214
9144
9991
6301
9892
7797
8860
624
9309
6886
1476
5156
7247
8279
2586
4246
4057
4762
9566
8207
8603
5559
4390
2831
1302
386
5478
8373
7132
9143
4190
5823
7418
5737
9302
6394
7448
5288
6046
9385
403
226
1606
1967
7220
3872
7892
402
1323
7007
662
3149
2663
1175
2804
6280
7225
8134
7915
7040
732
9384
1603
7736
7067
1215
4217
6775
1422
4267
2983
4519
1224
7338
3161
527
6123
1490
3504
1909
3710
8018
9972
8062
9690
251
3503
548
8793
9554
7694
1478
3240
832
3225
2466
6306
9325
5653
4423
5802
7471
3941
2252
8604
4630
9817
1894
2504
1430
276
151
2724
4555
3354
6689
9647
1101
7598
6164
1289
3752
3393
2670
7241
6380
7566
5949
7147
8127
4134
4024
1530
6039
3263
8661
4072
5308
4439
5693
4624
8052
1865
5011
6100
3137
1115
9530
1768
3158
865
9646
7425
4602
1681
9422
9060
9223
6387
9733
8958
2562
8971
259
3622
2632
6167
4019
3351
8465
9617
5686
6585
1618
6177
9331
9538
8037
2323
3395
3564
4542
2023
8689
5480
8310
7854
1060
5486
2533
5138
1155
32
6861
8737
7921
5602
4001
3212
2110
6671
3380
1719
1347
8157
1963
4029
2952
2330
6706
5283
565
2816
2365
2860
6666
9741
2728
9761
8021
5864
1801
6835
1871
9498
6307
1820
6825
6032
5829
4239
7207
9080
6117
686
5955
4486
7324
2147
6950
3899
9238
9002
7000
4884
1518
9102
2434
1813
3820
4880
2734
2333
5302
9476
6273
1964
8780
4178
4152
6853
8374
9478
3833
4655
7376
5491
2451
5411
3750
7311
3621
7065
159
5816
7667
2483
4371
8611
6393
5349
2603
5222
752
4669
3045
9087
2308
4936
4161
3388
967
9736
2202
1916
2427
3655
7730
6714
9203
4696
9965
6094
9639
9474
1559
8679
433
4112
1748
2912
6055
1211
1402
6599
8204
9117
7796
4867
8231
9190
8977
9716
91
7032
8210
3256
6461
8638
4665
9076
5952
2682
1207
5103
111
1242
8746
2854
1454
393
1623
5985
6160
9710
4275
9596
4129
2988
2216
7942
9673
9640
1609
2770
9198
5425
1826
9590
9954
6195
1758
5692
38
1399
9932
2301
9092
4572
9987
680
4744
7011
9282
3630
5090
6932
4310
9959
7988
5171
2722
7372
3698
6971
2242
5978
5031
6970
4722
5003
1008
7367
6992
2287
1597
2398
5253
1043
1126
2250
9534
2842
808
643
888
3809
6610
4887
4928
9153
2540
2441
7423
2563
5158
9666
7954
8723
7403
2754
4455
9021
2446
1024
2535
5305
3440
1425
2833
2337
8306
8597
7595
5700
5582
5157
1538
7840
437
1349
4296
9222
9154
3832
8464
7397
3370
1131
5085
8024
9454
2114
7717
1900
2788
324
4172
9871
5796
3242
8436
2780
3071
237
5669
6027
4741
2548
24
8075
5372
5557
2620
5200
4156
4989
4435
3652
2496
3022
1124
9431
1664
194
935
5995
8849
7480
1322
6371
690
1844
4873
4346
6822
7022
7617
2604
7602
2406
187
3849
1236
6174
7389
2664
4240
2065
4340
2972
4902
227
1006
6019
5074
7030
1066
6648
2940
6658
1002
7554
3634
6765
6840
5759
5352
8398
7531
5296
9433
3702
3270
6131
1075
2719
6470
7863
6235
8286
8168
8347
6678
2271
462
5312
9051
9937
6373
727
5571
4146
460
5248
1459
2180
8782
8121
2759
4618
5346
3770
5265
4086
7017
4052
5660
7961
6976
6903
3776
3536
2637
2625
7330
6462
6484
1279
3985
2863
6052
8637
8765
8434
1995
7937
2124
3108
3660
5544
1348
1266
4345
4969
4998
7081
2569
6246
4840
4084
6642
7726
5515
2599
9978
3691
2581
2511
9360
9329
4976
8762
3551
5393
7106
8431
80
5039
3998
8803
7740
3213
1092
8996
1055
3444
3475
6362
477
6501
6984
5649
1326
1675
3016
744
1668
7668
6578
5746
4575
6270
7968
8664
5274
8133
5281
9481
7577
443
2793
3189
2285
8061
7858
631
4922
6065
575
7453
1904
6534
1451
767
1734
3847
9322
5141
9902
1854
1543
7584
6427
3061
7689
7951
4232
717
1809
6257
3226
598
3875
7140
9411
176
1340
419
4163
6350
2381
7910
6053
2520
7099
8921
8496
1251
813
7604
2531
9343
2762
3627
4135
9216
1812
6322
1393
2777
5611
3494
9372
7021
4193
572
7083
541
509
3415
3367
6816
2311
1884
7276
6479
9490
367
5552
4858
1956
5383
1996
3804
7074
2927
9417
7987
8408
2412
5680
1542
5858
9214
4209
5196
3363
495
7758
3823
1536
3824
7285
9067
4629
1491
4606
2735
2143
3508
7889
349
7051
545
6737
2907
5042
4497
9573
6413
3428
9531
7593
5409
1479
9208
8212
7314
4732
9088
7166
1152
5597
381
7153
4628
3162
7129
3204
2489
2850
9914
1774
3834
8741
4829
579
9755
8331
470
3682
9619
7897
8929
8292
5523
7666
5826
9461
9332
7235
6502
6829
8513
9347
5919
2299
6614
3905
6729
3113
9621
6346
1041
1300
7387
1209
8894
404
3534
3019
1145
2919
4301
2378
1898
6802
2646
4524
6305
6214
7883
5604
6325
7501
9767
342
1149
3507
9295
8425
2578
9712
6386
1857
9845
4276
15
2556
4433
984
4763
971
6265
123
494
7623
9838
992
3103
2861
3465
4900
2974
3413
6646
2554
4890
5150
4270
2991
3468
3868
166
926
2725
4899
9486
9170
8697
9578
2909
2783
1418
2576
5419
3987
6
5164
8934
1552
4136
6711
915
302
3588
7035
2363
2171
1941
45
6544
3200
8470
6397
6635
6557
6538
6720
4225
2270
7034
845
9876
4551
5054
1442
476
9678
8451
7825
9242
8801
1463
557
7203
5109
337
8395
3953
8348
960
5556
2049
6656
8411
2702
6183
4580
2899
2131
8738
1840
1240
9253
2956
5116
2590
2469
1846
4274
4638
9139
5412
7484
7699
486
6509
7677
7941
2931
5224
2298
1455
4709
9809
7374
9009
3098
299
3668
2404
6212
57
3122
6385
7996
3041
5608
4039
1851
4343
7974
9637
5679
8267
2913
9551
2484
7470
7078
6676
4552
1593
4838
8442
1453
6743
2085
1329
9257
9723
4819
7043
3584
1186
8502
8863
7316
4773
6196
8843
6115
5741
3821
1640
8978
9145
9484
5430
2697
7850
4833
1146
8151
2920
1270
9562
9357
6668
1975
1448
8005
4993
6870
1312
461
2409
4534
1843
3047
8447
9858
5056
7222
6812
8239
9069
6925
1977
2413
6514
3011
9169
3946
3456
7899
2353
3498
8417
7188
291
2953
3030
8937
5968
1524
5062
6977
6156
2022
7119
5439
9371
6314
930
7209
7536
4053
3254
2546
8365
3841
7523
9219
3235
6904
51
1458
3463
1757
8852
3912
2507
9830
1257
5380
2763
6746
9793
4366
4137
8383
315
2795
4004
7513
53
1009
6672
9764
9552
9470
6292
9339
2079
7809
1807
9202
9921
5001
7553
8405
8328
908
6833
8419
5194
9781
5662
6494
7739
6792
9749
3211
1921
826
1804
1293
4639
949
6119
7622
4048
5076
2951
9359
8648
2127
7107
6584
7377
590
4003
5916
3138
862
4080
5731
2999
5744
6631
6688
9924
3500
3467
3744
1143
2203
142
4553
368
3426
4802
2141
9628
6438
5944
2721
5895
7292
4017
980
8534
1037
8243
5325
8709
2810
8438
3241
6449
8163
5650
816
7293
6637
1213
2066
6924
1830
9335
7073
1883
6955
7760
8731
1089
9228
1674
7764
9353
9918
5355
4076
8299
3629
4448
5132
7746
8545
9168
1473
7551
9369
47
8338
856
2165
2654
6990
7111
2152
99
4119
9510
6428
8954
6969
6056
242
8729
5516
3313
9613
8016
1838
5126
8548
6707
6256
3477
8036
7600
8454
279
8404
4573
8895
2914
5935
1383
249
7971
9108
997
2701
2544
797
6070
7123
9174
2233
6878
8476
9188
380
8088
820
1387
1181
9230
9565
2300
6824
748
6935
3879
9258
1770
2058
4641
886
7674
60
2092
7413
6024
5034
5181
6715
6913
7664
3310
758
1003
4344
9532
3919
1022
1030
4092
7814
911
849
9743
2950
1210
9597
5395
7646
6422
7644
4868
1450
6198
9240
9206
6315
8367
8303
1643
5605
2602
1622
6629
2856
3565
3064
6848
6498
2364
7249
9268
1752
9720
6411
375
3185
2888
4015
9998
869
6523
1772
9521
6905
6184
2596
5562
5432
7380
7232
4479
7295
8375
1754
270
7647
6409
5401
2587
2836
2380
5959
8341
6947
4337
6448
7514
4419
6645
7125
7520
9457
6040
6589
3
169
382
4897
5805
1566
9513
9848
2411
8038
3920
1696
7121
7579
2375
8858
1799
9732
8970
3095
4352
4653
4836
1111
2844
3004
2461
9808
2377
7765
5639
1978
8339
4632
8718
6418
942
5504
5151
3168
1650
284
5245
4235
3646
8883
5384
9130
8890
7117
7509
3620
7227
6885
4703
317
6081
7844
1241
6657
656
5799
8238
6398
3460
425
6697
5289
8788
8110
9780
595
3931
1690
4631
7294
1046
3745
2718
3353
9393
3764
651
3028
3109
6930
5946
7431
3786
4166
9747
1136
2041
7120
9026
3606
4757
9822
3751
1363
7712
2047
7428
6458
8919
687
8291
8106
5361
7250
4810
185
1919
2516
2771
3580
6450
4406
6244
4721
9922
9659
2657
9602
2823
5713
9361
2887
4842
9908
9276
4147
4921
9149
4878
5212
1742
688
9549
3715
2467
6485
3307
327
3901
2050
9107
147
837
2224
3118
6376
2129
234
5321
4848
5885
1700
1392
2939
2170
6545
8820
3533
2698
558
3275
2006
6815
9245
1769
8769
9820
7482
3972
1034
1086
2107
5026
4247
2433
8590
9806
6531
8114
4261
2705
3201
5677
9569
2204
1502
8240
9719
7071
2924
8750
6487
6991
542
6223
5490
3595
7363
2438
3412
6901
8905
3450
7414
5147
5002
8432
1513
4194
8763
5566
6552
3146
9437
4781
8027
6800
2678
4175
3923
1823
3569
2445
6412
6724
6089
6441
7982
4167
4706
1386
1354
3244
8645
4821
3479
3838
7177
1718
434
312
195
75
3401
6138
7900
2832
8805
4657
3309
4736
5509
4066
4155
8069
3171
3815
3447
8614
6294
5387
8416
5924
7586
188
120
2322
5273
471
1903
2200
9015
8228
2132
6030
6571
3434
7723
7779
9053
6268
8677
720
4403
3557
3858
5710
3592
1917
4138
4312
7822
3474
348
9650
1835
8260
7686
3042
5149
9414
3379
4557
9713
9611
5000
4680
8699
4531
6752
8263
3618
6116
8938
7518
4416
3574
3516
3292
4328
723
7048
8965
29
8749
607
1389
4809
5610
9287
7995
5368
602
5417
1522
5863
1255
170
6320
2565
8363
4854
2104
5506
2261
6093
4013
5743
7366
5724
4490
9047
3124
8915
5413
1652
9936
6564
9048
4068
7620
4668
5041
8475
6622
4291
8055
1004
6359
5979
5573
4322
36
9592
8935
8304
4022
2013
975
2858
3070
9698
6404
5238
2347
5621
6965
6298
1252
3268
9681
5643
6424
3695
6894
6369
4176
5671
1885
7745
3929
2103
7732
6611
511
8508
4687
3202
5897
2530
6429
2758
8655
3021
5263
3481
1781
8564
7856
3385
4554
9648
5474
809
9077
362
9036
8459
5720
4115
3707
2626
1697
5006
3497
7219
9686
644
427
2421
441
1160
8234
3926
6058
8463
1541
2185
1191
6716
8198
8848
1750
8053
9328
4120
1100
5371
5280
6548
2136
467
1258
2342
5531
7734
9629
2422
1078
3538
344
6037
432
9410
6169
7975
5664
8880
4656
8797
7157
3548
2716
8755
4752
4244
4272
3740
7006
4791
5465
533
5579
8173
1782
2505
7949
1892
5854
283
5441
2567
5530
7381
58
4308
8017
596
8643
7341
1849
6999
4000
9462
8244
4698
8744
7015
2033
5861
2886
2818
8220
6240
8678
5983
2431
966
9112
3768
1723
4492
3174
1875
3840
1868
1880
2928
3139
1756
1231
3999
9004
6649
8673
2219
2588
5292
7041
9516
9789
2403
5408
4279
8578
7395
7003
6725
681
7580
4855
1933
4338
96
1629
8248
7741
2852
5683
4517
2326
1762
3890
1704
7848
3083
795
713
4372
3296
9942
2119
8657
378
8194
5168
2151
209
306
3608
26
1367
4332
2199
4377
839
3599
14
3968
8608
6185
64
6695
2501
4997
122
4477
8042
7847
1032
8265
9192
6727
5257
5586
3876
8219
1011
1072
3381
4609
9382
1122
3114
529
7128
4739
1773
3008
4716
5023
3257
8407
1318
7570
343
3191
9744
9406
2334
7680
4228
7812
8025
7354
5812
6348
5685
8523
7762
4482
6360
1048
6231
6153
1942
2240
416
3711
7315
8183
4400
3572
8504
5177
5818
603
3888
7707
7656
6475
4051
6194
8630
458
1421
5385
6076
6333
4710
959
5319
6205
3273
6266
619
7364
790
6972
3720
7815
8060
3986
5049
6858
9225
3515
6141
7731
6516
1747
586
8521
4866
9319
1959
6967
3653
8887
141
3012
3679
5846
2450
4062
440
5219
7871
5110
9536
5601
1939
5313
9499
8599
4302
1802
9511
1256
8483
5187
6517
1391
9381
2989
5197
8188
413
3719
7500
647
1315
4822
4254
114
2866
2366
4415
501
6519
8758
5636
1341
4568
2320
3443
5020
7771
7410
3623
7904
6698
792
4434
3501
1625
2964
4766
648
3300
7805
4917
1765
5467
676
7701
6047
2669
803
4065
7547
4584
2743
1803
3297
1472
5221
6700
562
243
6522
4402
5638
6143
2265
5521
6009
3549
5870
2720
7625
2687
2557
6834
5447
950
9905
4330
5832
2278
8721
929
6953
7839
6946
4158
6987
2458
863
513
4830
889
1583
5367
8555
3246
6751
8641
4059
8612
5644
8215
791
8115
1403
7208
200
9981
4881
1923
6445
4404
6791
5629
8927
7450
3290
4813
3068
4142
2415
6912
5315
3229
1377
3607
5912
5267
5324
6295
9974
5185
1691
5714
131
9614
9165
8089
8301
1962
351
8176
4599
1761
6685
8943
3177
6978
2144
3924
2017
1362
6626
2192
3718
1966
8094
3830
3015
5134
8175
8401
6309
776
5839
9846
2543
9641
6007
9105
1005
2714
5094
4266
6068
4436
4912
1667
6128
9187
1327
1419
6503
3554
941
1280
8903
4221
7162
1407
160
6097
652
2335
3306
4735
626
3009
5297
376
7857
2367
8113
9757
7719
5012
9016
3767
6329
1882
3147
4769
2744
9487
9776
2945
4796
9992
5809
7406
7242
4042
2346
9567
3160
1437
1135
1097
2286
7114
8620
3521
9993
5712
1336
59
2568
6650
763
73
6605
2526
3223
6114
2961
7711
3409
1361
4826
7675
3666
5260
7061
1924
1398
9990
5593
2356
9473
9147
3091
4357
6118
124
7800
1986
4108
9501
1456
7077
6726
2211
2125
8356
6613
9057
463
5923
5860
9785
2160
3743
668
4543
4499
5251
7031
9330
8999
1350
7183
2465
6297
7197
503
896
8707
2096
1930
7676
3334
4683
2031
9285
8170
6747
4347
1285
6150
9279
9802
290
4983
2668
7943
9729
1261
5357
68
914
2737
8388
9019
3230
9292
9800
1595
4767
8165
8593
9029
1090
8144
6968
9254
2891
9505
3716
5092
678
4288
8233
4727
5351
3773
9928
4006
7415
8629
4815
6804
4011
3060
1121
3510
6556
9465
1095
1833
5015
9662
9615
6511
8566
1272
6897
3632
2521
991
178
7619
4181
9138
1500
3128
3190
3208
6274
5634
1791
2733
7101
1811
86
5195
9654
9525
3550
2694
3917
8891
2386
2750
4185
4082
8893
806
9167
1094
9483
4451
4995
7155
2263
4293
2376
4982
3959
2779
7288
9180
7202
6633
4088
6887
9152
231
8565
1288
1163
2482
5446
3562
9714
9046
5399
8006
8164
1974
2370
4250
158
2808
6513
1738
757
6483
4677
3355
3317
3633
9500
4883
138
453
3865
7614
6884
919
4985
2134
3864
4061
4951
9210
3473
9572
6069
8252
9638
81
7216
8073
9523
7926
9622
1733
7248
7836
253
8039
6926
3006
2880
1432
2830
4667
3179
7980
1468
4756
102
7652
8596
6528
3332
9367
9688
5243
860
2979
7090
6236
7388
2893
1313
5017
5163
6016
9706
7024
2463
9249
3288
3583
525
6103
1426
3839
7492
5022
1507
1158
4627
9593
6662
246
4040
6959
274
1775
5772
275
5565
8945
6433
1722
1234
7488
4877
867
2806
3797
9283
442
701
7626
1783
7585
6704
1187
2009
8662
2840
1590
1771
5323
3980
2807
2926
5065
2429
3215
7628
6719
3642
6415
7477
193
895
9598
7429
8468
480
3631
346
1960
9275
2235
2661
7196
3635
3831
782
4711
6986
8321
5656
2098
5545
1557
8385
5071
3405
2946
6756
9570
6915
5030
1208
5950
8268
7588
1624
7659
1194
2339
8379
4180
1153
118
7499
2026
3717
9812
7409
4743
6796
5175
9957
394
3502
1227
5129
3976
2184
1889
2853
7439
4160
6468
46
268
625
1021
7390
753
9790
9807
5014
4620
6018
4424
6137
8766
8505
3267
6282
9900
4353
4507
6488
951
4605
9875
9862
3217
2905
8995
7458
6035
1123
5694
1649
7361
6674
8399
827
1495
1416
9193
1190
2008
9630
7427
1286
1182
329
3209
4659
3079
1110
1493
18
5427
2641
2503
9038
6033
2792
5984
5764
773
7072
7828
9999
976
181
7350
2784
9081
8040
5270
4442
9651
9591
6157
1574
4224
2123
4425
7130
7412
7223
1301
2532
7823
8495
487
4776
6457
660
9522
8580
9425
8218
4394
7255
857
7818
6712
8634
3264
4095
6565
9644
5651
87
831
2881
3933
5369
4860
7082
864
1899
3568
9546
5777
8346
2509
2817
7497
8007
6806
2191
8516
870
359
6110
3553
1219
4356
9323
7233
8352
8680
9837
3224
128
5320
5277
811
6828
3948
7705
5771
6619
5153
4073
5004
932
8122
6736
8455
8817
3186
2045
784
9224
3087
8396
9066
9166
7627
7869
633
6050
2384
3125
8902
8942
1948
2037
3513
5616
8323
1869
4954
1565
6845
1937
7226
4987
7833
3299
7416
4063
2992
1140
1044
5689
3255
7064
2986
2794
1420
1739
4223
574
292
1108
9926
2877
7755
2197
3398
4724
4745
4598
1950
1971
9337
7326
254
6767
8826
356
6261
6140
4461
7175
2076
8034
5271
1639
7911
2068
5228
2699
2933
7138
8485
1637
2001
3495
5223
7469
7793
2405
3013
3286
2529
7252
8349
4558
70
1563
5702
447
3769
1171
8154
2968
1582
4565
8116
4074
7773
5794
671
6229
2848
3672
9269
2621
9434
2060
9028
8990
9604
1447
4252
6439
1837
8290
761
4255
3130
5670
879
8705
1570
2829
3669
5300
4311
9025
3352
7052
4319
6130
5766
8515
3182
7872
2402
83
8129
3828
2690
3705
9766
6127
8362
7038
600
3054
7426
1716
6085
9877
9005
5703
1167
10
1848
1602
3671
2615
5058
9199
9133
3316
4797
250
1091
7752
7131
6770
9512
8572
1198
6944
6345
5901
5857
2672
9396
133
5356
6677
6813
7054
9391
9338
2801
4259
8123
488
5745
4891
1839
1927
8558
4847
8607
8205
8822
2075
4388
4453
4835
8993
5390
7564
737
2315
2393
6933
2786
1630
2116
6876
540
4622
5568
1819
7744
1238
7738
6559
1529
3545
6328
5115
1154
3234
4571
995
788
5180
8623
3902
6258
4827
1512
9524
9517
5326
729
1139
8639
8271
2324
298
8257
7672
2944
3763
3063
7419
1620
1085
9374
1113
1144
9342
67
5813
2685
5900
8837
569
4339
294
6755
3648
214
1356
5209
3039
5933
1511
4089
6596
712
9996
7109
5438
4501
7178
3997
2573
4872
3539
4804
8086
2153
7158
2016
2846
9891
3871
8559
3944
6059
5793
2506
2010
1527
9799
6830
8317
738
5476
2495
9815
5886
5945
9326
373
9834
9124
1641
2975
5316
7164
8351
1118
7905
6299
5877
4211
1410
350
2892
8941
830
5255
9610
7407
3243
3686
3806
1337
5120
2162
6617
8871
5928
4481
2640
1862
1714
3400
7020
6639
3945
4992
2214
5665
6466
8674
5845
2012
7373
5635
2005
6263
7508
7098
2981
5298
446
9409
4103
7648
982
4196
8141
6512
5471
7962
4440
2600
658
7506
9853
7396
8350
1166
9841
9632
429
3727
9935
5824
9636
4977
5207
3789
6699
8785
8882
1385
6669
7783
9378
8507
5734
2738
9012
7401
252
6382
9091
8549
208
4023
946
5917
56
1292
3526
4518
4036
2284
5576
8618
876
8105
8916
8808
632
295
4033
7013
8206
3245
1628
6982
1638
5497
8070
1532
2432
6172
9132
412
7422
6782
3314
3007
1879
2648
9824
6021
8437
3488
8914
6535
5051
8575
8269
2158
9582
4157
1786
3975
2869
9284
2935
708
1946
7928
9436
4191
9205
2159
2821
9880
2571
3754
5524
2063
2993
7927
7806
7296
6154
4728
3866
6353
8972
3757
1305
1381
8740
5898
6983
6125
4049
6621
5268
5892
5354
8666
9634
6931
4901
3181
2246
5227
1815
4990
2712
6962
7881
6431
6814
9973
2317
9349
4245
9796
9079
2178
1687
8254
4037
2057
4010
4324
1546
426
3065
2019
9156
3882
4189
4457
6860
175
964
1751
9547
5125
9472
9495
7139
7459
9941
1297
6062
7568
5469
8
1112
9851
3747
2487
9759
3874
6805
130
9618
6709
8584
2073
171
1307
230
9235
4021
6434
7468
25
2035
4265
7877
2070
7221
1991
236
1535
5622
6101
4012
1531
6010
43
5191
1000
6121
4600
6255
1309
9693
5342
6827
6581
5659
6654
2904
4561
6739
4935
8227
6718
8636
7735
1949
5850
8087
5646
4973
7609
564
4106
2827
4269
6044
4996
6403
1526
5386
9488
1808
9161
5448
8128
5970
5631
9605
5507
8892
3676
2645
2527
9680
8155
6082
1972
8574
8864
4760
7333
5986
1316
4646
6785
2726
355
5027
5258
6985
1401
4378
3579
9118
6603
2061
4342
3291
9594
6396
1662
2862
1655
948
931
3394
354
4689
8923
422
700
4961
9307
7456
8646
2379
2095
8202
8003
5199
9244
4077
2614
9718
4422
9520
8748
5037
7173
2190
9263
5619
593
1635
9135
6088
7918
6005
2128
9882
4623
7709
740
8956
7624
2591
5254
5922
1148
8167
8691
609
2580
407
9509
3090
2040
1902
79
8453
2897
3096
9682
3115
3322
2967
9779
1142
2236
9033
4204
6446
3491
8767
5535
3446
2146
1982
2394
3193
5086
6839
1268
8031
8195
3609
1926
7159
2692
6426
5462
287
6691
9083
5581
3576
6202
6762
8844
3738
9984
5091
6844
9363
1487
2176
4647
7782
7491
9856
245
6432
7447
8562
482
5063
5068
4184
1932
2480
3074
5989
1084
5036
4811
3116
3180
8120
6304
8799
4636
8859
630
1677
8568
168
9724
3735
9997
9726
4478
9542
1577
6080
3561
3169
153
3357
7152
6634
241
555
8622
4700
4018
4924
581
2437
6893
5440
9893
1611
1842
7261
1278
7819
6862
7136
5285
1379
3850
6001
6230
584
897
4287
3525
3490
8046
9635
9861
5443
7572
8491
4594
5167
4601
7217
9691
6390
6855
7916
2130
5964
8199
1859
4675
6760
3285
121
334
6096
244
2145
8444
6500
7258
7187
239
7274
945
3877
3010
3995
5174
8247
7277
2234
853
7632
1810
89
1298
5332
4593
7567
7960
3842
6113
3284
4681
9421
5780
6063
8524
5640
7016
6269
1579
666
1294
1489
9697
6163
616
2634
9915
2462
3585
775
3762
8022
7044
4295
1199
8108
1793
1877
1290
855
7830
8479
7356
8014
438
8708
2885
1409
7343
2868
6750
1424
5961
6497
6927
9480
5024
7841
5107
8171
2572
9020
6771
7057
9418
5727
3645
8802
9027
1263
401
282
4587
9574
1067
9162
9904
2390
3143
319
2894
6442
5865
7640
9844
9428
5335
8166
7781
6996
5973
7524
4660
8726
4895
5834
9142
2459
6129
5501
5035
8512
8402
2150
3678
783
8466
554
3469
4514
9194
859
894
3435
3543
4780
4958
7091
8940
9281
7300
5820
8931
2796
5827
5853
6550
2148
3462
4090
3956
8435
6692
2791
6077
4597
944
2038
2542
5553
3279
2740
4281
6891
3003
4613
4207
6324
35
8533
6057
8132
2350
8103
1912
9468
8478
4652
5184
1661
3164
5578
8532
2225
5473
6351
1998
1494
6451
9305
3295
5717
3222
8526
7353
9071
9850
1856
1744
6109
4226
1056
973
3492
7382
1558
9397
9979
8162
5454
840
162
9467
255
9985
2029
4894
6209
3198
3410
4923
3493
8710
3962
3301
8297
5340
825
8851
3852
3018
553
4414
3937
669
2782
5789
3935
1626
5803
4898
7526
1025
9519
6582
9220
1179
1134
3651
6226
3117
8899
8976
6287
6218
739
2666
9291
6832
5518
4236
9765
4375
4676
1180
5131
9400
5783
1440
8443
7027
1404
4408
145
2368
7865
2208
793
7100
2207
3816
8511
8314
3359
3251
6847
7002
3758
7049
4128
2477
6237
3518
2262
2087
4229
7094
5069
6277
475
6168
1726
7924
2995
1816
1814
1192
8097
8735
1417
7700
5378
5269
177
8761
9866
5178
7150
2923
777
7066
1465
3943
3034
2166
8794
9819
3086
1018
8722
8377
7673
459
2528
2094
9207
6271
4521
55
2027
8872
3690
7270
4488
6098
116
2644
6964
821
3335
8670
6788
4971
2594
7080
5186
3517
3761
5449
1684
1712
2410
8423
8525
7279
6440
2707
6989
5673
7260
1753
5716
2547
5873
819
543
5376
4431
874
1785
3237
8342
2761
939
800
1797
4751
5849
4412
3766
4586
3119
3044
6249
6807
6162
8904
8074
6854
539
7134
8531
1533
6520
8834
2195
8980
7807
4925
3445
3078
7371
4697
6570
7308
958
3076
7890
6233
3654
2106
2332
9451
2056
5894
8652
8550
2310
1749
1259
913
3383
8649
8324
2121
3029
998
5715
3965
3349
2677
4067
6377
4278
613
7359
5642
7393
4268
7347
5370
5204
2890
3227
6200
2181
8581
9366
8987
3329
1911
6043
4879
9833
5810
3772
1572
8925
5202
5939
7466
1544
6759
4828
5040
2077
7543
3656
6250
2609
3167
2525
829
2349
8287
5808
7914
7875
8876
3664
5400
7784
508
7552
7670
1934
6898
2875
3051
8888
6108
2138
7334
9967
2671
4370
2071
9901
7882
5309
8821
1449
4686
6612
2419
6410
8992
8514
9232
5489
6577
5059
5690
1359
8023
54
9164
4297
5388
8266
6482
8100
2055
5215
7749
3794
8632
7473
780
5940
3993
8481
9930
6099
8734
5682
1784
7060
5377
3259
5522
7901
1050
5066
2327
9548
248
622
7535
8616
4604
1320
2336
3908
6208
1562
9494
8063
3520
4374
9843
9607
9212
2048
4231
9507
326
9221
6489
1788
7998
5453
1390
716
9420
4913
1731
229
5790
4589
5971
1484
4159
1413
6042
3377
6793
4930
1378
7161
641
397
1567
4673
4699
4805
4111
4644
5672
8554
6555
6595
5624
6701
9402
4771
9889
8537
9056
1071
8368
7786
3408
1632
683
9159
4264
1952
6149
7538
4484
7262
8832
9293
1901
1721
8208
3338
6623
1262
6020
8330
256
3749
5708
7804
2237
2667
6687
6981
1828
5104
7639
1051
2812
9717
3132
5564
8909
4206
1345
1614
3431
7238
150
3080
2414
8672
4674
6857
1736
5276
7950
7264
8541
4548
335
7920
7785
7105
3373
504
8246
4758
9320
2545
8369
430
9011
3964
9197
4493
5926
9832
377
6551
9740
9318
6939
5580
9086
7798
6919
2239
9579
5279
5775
5148
8753
3025
3979
532
9351
5333
3219
7710
9013
7541
9587
1204
3918
3542
1250
2091
1653
1161
431
5428
1936
468
8865
3252
9758
5203
6618
9315
6723
1346
8255
519
7454
6182
4943
2373
8720
3422
7511
4454
314
5630
1107
5317
4463
6988
4926
972
7813
5937
4540
6471
1979
5534
7010
2198
3688
8659
9042
8289
9109
1469
1569
8874
1586
1217
7346
6155
9209
7724
72
6790
5122
6146
7791
516
7289
8058
4938
115
9946
9426
3636
1125
1212
1608
1106
345
9599
9606
8770
3891
7517
7866
6910
5423
9113
7693
2120
5851
257
4907
9179
4592
5500
417
7118
6849
2629
5098
1233
9062
5424
953
6321
5760
4595
3238
6272
1947
2273
4910
9633
5078
4849
3036
891
9852
6673
5569
4529
5843
6402
536
2575
5609
3798
7199
3708
4126
7481
6219
2915
4863
2916
105
3411
5495
854
7977
1575
7375
7966
7309
5998
4075
8810
5510
2800
6993
1137
9559
7194
2957
71
2439
4020
2391
2514
4777
7634
7478
1596
8906
6957
1150
4714
3978
3792
6090
8594
9672
7925
4355
1528
4392
6391
8619
9265
2633
7331
4091
1741
4704
5456
3845
561
7688
9115
8492
3024
3610
6826
5784
5555
9388
2447
9658
5211
3661
5322
8081
8591
2227
2293
912
3704
7855
8994
7253
20
1276
850
8057
9883
5956
2536
6754
6176
3737
5033
1133
2715
3126
5337
5815
3037
3971
3085
9725
661
6275
675
4187
5909
5236
8570
2522
1521
5681
9466
9962
6880
8382
2420
2883
6602
2430
7004
2157
8320
9899
207
4391
366
8853
1165
983
4079
3906
8764
2815
8606
7240
9920
8635
1353
3867
4427
925
2011
6882
4263
6889
4326
5641
5082
5266
4563
566
4031
1274
9441
6625
8556
5128
3774
7290
4303
1517
6347
1505
3960
594
5755
8224
3112
5606
455
6414
4523
7103
2230
9742
3861
370
9963
6054
4968
5587
9392
2313
9964
5241
6908
5740
1679
7135
5607
8728
1847
1412
677
7201
7583
5800
872
8693
263
9966
4233
5620
3142
6486
7663
6105
5083
7714
9934
910
451
2302
7026
4539
2704
5560
933
9768
395
6251
3376
5398
6675
2749
9278
7089
3732
823
8955
4099
9272
7678
1669
8182
8745
7657
9031
3476
3803
2729
7933
2424
5811
1671
3577
7992
5753
5084
8898
3232
286
8660
1218
8433
6302
3880
6296
3827
7365
8064
37
3519
4694
9895
5436
3239
4333
5450
6224
2519
5373
7946
5596
9751
8947
8530
817
273
1873
8107
5688
645
491
9676
1600
9894
1841
4823
2007
293
161
7821
3903
3733
3605
2922
6188
5307
154
7263
3326
1406
9125
9798
7108
7845
8187
117
9699
7329
1439
1715
1324
225
2442
7616
6745
8725
4007
6628
5954
3362
6521
9058
9568
6395
6135
4966
6355
1534
5756
9906
1646
759
1230
5975
9708
9401
9312
7172
7655
8774
1665
6533
308
1642
1713
9859
448
5588
764
8065
6241
7055
6189
5093
3590
8665
2249
9101
5347
9515
8716
6370
6647
9995
5144
1178
7592
5888
9201
235
822
1598
4693
8426
8910
6326
1666
3683
1806
5198
5016
8998
6799
3531
3807
5341
4251
6335
7405
4832
3857
3361
5250
4643
309
2443
93
5691
7594
9885
5140
313
1480
4645
8083
7394
34
9927
8573
7603
3151
4385
7803
5590
9667
8772
2900
1845
1755
9898
9670
1433
5463
3783
7266
9157
2186
4504
4151
8912
5754
5496
2491
3483
1311
9700
5980
1872
6757
8968
8044
7991
7606
4399
2030
9250
371
2100
8885
4471
5668
4981
5048
399
682
1232
3320
608
4538
8547
240
5252
3659
4445
4545
9296
5833
878
714
7385
6048
6283
2213
3928
1014
8357
6846
3658
8543
7742
7691
149
7463
1335
5264
7591
7792
1631
6504
7931
2036
9575
7485
7165
8688
1073
2457
1516
7527
3791
4672
3730
3184
8585
2622
844
5667
8588
7446
9129
828
3753
4808
3374
8867
3731
9213
9370
5878
4861
8270
5852
2288
8582
5884
2965
7086
611
3321
8786
3739
2809
9340
108
8461
2059
3884
134
48
9301
3883
6357
9625
7475
5105
358
6579
7994
2814
6580
4329
918
9054
2241
1778
3818
9539
3859
5028
7340
6003
352
388
1922
5009
1508
5822
3277
9872
8318
9096
4149
4480
5455
6606
3102
5797
7770
2675
750
4285
8806
3817
9558
745
7110
4474
526
9518
6794
1446
4547
8278
9581
5902
7939
90
6936
2449
6587
4170
955
3921
8232
9355
818
3677
8077
5097
318
657
3031
6907
6112
8701
3092
3133
814
5444
9122
1503
8469
4792
3573
1477
2936
9430
5124
905
5133
7112
7589
8035
8960
6683
1222
7870
733
7200
3681
4174
2039
7658
3150
5835
4273
3287
549
702
2175
9773
1990
3221
9189
3261
2080
8273
2732
7321
5460
9259
7636
6008
1708
4831
2054
3712
8926
2616
7976
5272
3796
898
8295
4473
8283
8098
5038
1554
4210
2510
649
4234
8085
5216
3069
6850
3870
7214
7650
6239
1431
9163
6447
2244
1853
8796
383
232
5637
5757
3341
8544
4437
332
2215
3140
9120
4690
8539
2709
3386
6934
6384
2383
8615
1993
4369
9445
1564
4774
8424
7876
5543
6869
7635
1692
7768
5966
2294
5045
6789
3765
987
5327
1088
9450
3303
6980
3589
3482
8082
5457
9586
2859
6095
424
2857
9
2652
5061
1265
2245
8983
2921
5899
7185
1540
6890
3835
5525
3552
8536
3427
567
449
3611
3499
6641
6506
7124
3992
5472
1082
5910
5484
4186
110
2760
1249
5499
1223
4054
1555
8414
861
725
8305
3547
7820
7575
9137
6572
1203
8519
4283
3778
3236
9438
4387
8387
7496
693
2435
7727
8403
6536
9535
1076
3247
9485
3206
2351
4030
5494
9443
8152
5375
4055
5481
3258
2276
6900
7559
3050
6022
907
1852
5426
4256
5726
9050
710
4014
7058
2217
9787
9931
2751
8640
1673
6821
9204
9037
5402
5247
7834
9008
5143
8345
374
550
4289
3994
8628
9266
6222
3615
1260
9857
3680
7981
1197
5189
3977
331
2338
9186
6372
6363
5739
8340
3452
962
7790
965
4397
6356
7654
2767
7056
9839
4651
8329
7703
1330
5299
3110
4449
4487
1474
1568
4365
3700
1193
4616
2316
174
1130
5172
4817
4525
5188
1910
4292
8185
8964
3188
5934
5508
7191
8823
9982
7940
6732
9583
9739
3570
5589
9316
781
2002
7637
8251
3911
7313
7151
1079
7574
520
5182
9544
6943
7837
1644
2790
2135
6211
9177
6289
2898
7795
2400
5948
8781
6496
6197
1515
5262
9151
3148
6562
9173
8235
5511
9237
2354
9707
5840
3939
3887
6407
7504
5047
1083
3813
301
9840
5943
3127
5719
2361
3233
5969
5965
8460
9947
9907
8510
6242
3265
5617
699
2474
4401
4730
4508
8752
3934
113
3438
9577
1983
1275
1584
7549
6508
4070
5239
8724
4839
3759
6914
589
5029
7143
8714
6530
8462
500
6459
8896
2486
7449
213
9110
8816
5831
7498
414
9645
9867
3387
1717
4820
4248
8847
1834
7817
2118
7908
164
6142
6276
6455
4864
9944
3581
1605
2024
1525
8161
6620
2034
1466
9657
6104
7149
9429
5874
5520
9455
17
3216
6083
1724
6664
481
6087
4277
340
6151
499
923
9435
5287
9502
9264
5416
3342
3344
8911
6260
546
9803
2140
6525
936
7245
5089
5992
9286
3340
267
5561
1033
5483
88
5931
7087
450
8966
3981
6798
7948
98
1344
7432
9564
3961
3073
2727
7493
6311
7211
3555
938
1938
2820
7528
1706
7643
428
6866
4947
9182
1855
369
7510
2113
9299
2018
2115
1881
765
9955
6161
6147
6490
2601
330
9477
5261
7605
9289
1064
8413
4395
6655
2
9446
4927
2502
4148
8313
1373
1168
6568
5208
6573
2541
2177
3511
6288
152
6388
7934
573
7320
4064
9649
4640
7265
4845
9006
9233
6758
4227
1587
9274
4462
4071
1925
7012
3925
8047
6797
1636
3066
4934
8319
9687
2651
9677
899
9805
3697
6378
7133
3278
8546
3038
1338
2248
5382
9131
3969
7653
7332
5348
1104
5838
1174
4093
2082
9563
1483
3563
5806
3152
6036
5550
5070
1895
8477
9873
8695
2805
4801
4140
1245
3220
2523
1267
5875
1492
97
9104
2582
3417
847
3345
7312
6303
8072
3197
4582
7713
7399
8482
2564
280
920
7684
5876
1980
904
2755
4956
6899
6481
6091
8571
1019
5169
4131
7965
2183
385
7358
9821
5904
585
9933
4940
2052
6574
7182
8840
3457
6477
7955
4200
4364
8145
5055
5350
2256
570
873
2089
9178
8696
695
2605
9958
6330
2903
4025
4852
8879
4083
2456
5675
6259
4615
3228
409
2476
5213
5585
9655
8686
6693
1156
5548
6638
6107
11
6420
6217
8579
1743
5967
3734
1396
9439
2309
3722
9127
5044
8712
336
5306
4472
4726
502
4661
7417
5999
9354
3336
8146
6323
498
7237
6561
3392
8490
4682
866
3788
1441
5930
9827
2275
7936
9018
8778
2097
805
8991
4109
9365
307
3795
7685
8936
8473
4824
6136
4876
8159
5996
3172
7546
7571
4991
7978
6332
3420
6361
5687
6379
9652
1445
8353
2255
9040
3023
2579
7171
316
1682
1244
1860
8719
8223
3721
297
8020
5235
4258
4782
9728
8759
8280
3084
341
2371
8779
3728
2610
560
8259
5381
3067
9994
1007
2179
408
8815
493
6938
1821
8196
5106
5008
6772
6401
6499
3836
2693
5379
8913
6593
5890
5787
1616
1866
6864
3375
7661
8488
1038
7442
2638
6588
774
6818
5468
3311
6819
223
9024
8392
8487
9134
6865
6267
2109
7728
1935
5684
8457
2257
2454
8372
2499
8757
6023
6327
7398
5595
8792
2797
5801
3898
1499
5537
5658
4742
5418
5046
3062
1444
1509
7917
2584
3093
1306
3535
7532
3771
5336
6708
4870
2650
6916
2534
7522
928
801
390
