200
34
167
151
173
14
139
115
40
175
30
153
187
164
167
179
89
41
81
168
123
84
95
123
38
26
57
20
51
198
96
152
35
62
74
146
139
129
186
33
2
76
11
48
137
189
165
52
100
173
3
177
124
180
37
82
159
17
126
113
156
136
32
143
88
4
175
170
116
195
86
10
141
101
19
158
191
134
199
36
182
84
137
70
112
15
146
79
85
104
68
5
120
195
128
16
125
33
196
135
171
6
115
121
68
125
197
89
53
157
50
149
130
134
53
92
3
174
18
28
91
154
2
94
23
117
98
95
13
72
119
54
63
62
54
149
35
187
97
60
14
108
169
119
122
166
185
177
148
103
44
178
126
100
127
169
17
140
59
37
160
129
46
182
161
61
111
46
9
194
176
8
29
184
117
172
147
88
87
73
103
12
67
163
107
147
165
41
99
66
93
133
75
142
120
63
110
31
194
121
76
111
87
185
21
4
21
52
27
150
113
20
178
193
78
166
83
188
142
59
152
188
85
200
141
176
148
196
112
192
8
70
107
27
200
116
170
39
43
47
13
144
11
190
110
77
58
65
81
131
92
83
30
1
67
44
64
151
61
58
45
49
155
1
158
75
118
153
57
162
189
132
90
86
181
138
136
74
55
69
159
22
164
93
42
48
12
43
193
5
97
114
28
49
155
71
186
22
144
157
108
130
80
154
10
29
109
94
135
106
90
133
145
19
24
64
78
60
18
69
7
122
138
183
109
150
131
36
172
56
6
105
99
181
184
156
56
143
26
124
105
40
16
50
79
161
71
9
25
162
45
163
104
65
145
171
15
39
180
114
72
174
73
160
38
82
106
140
91
66
77
101
197
198
42
55
24
32
102
190
25
191
102
192
23
183
34
118
31
128
127
47
132
98
80
179
168
96
199
7
51
