1000
732
373
915
664
323
67
259
931
115
50
453
940
488
870
17
826
930
336
276
502
521
333
343
210
624
779
202
746
730
7
237
315
922
302
420
889
372
881
903
12
97
801
752
34
655
789
38
710
220
25
594
740
444
56
530
65
960
798
1000
223
714
817
632
292
245
176
433
500
435
510
947
933
556
511
827
193
425
983
47
41
993
186
674
123
269
871
969
572
258
652
296
39
644
477
805
6
552
828
340
512
610
953
422
822
705
621
617
78
998
440
121
643
812
347
868
716
470
882
5
272
566
221
424
925
585
235
804
939
119
690
207
69
418
353
460
543
380
76
700
98
244
719
362
848
464
546
654
456
602
480
887
734
518
249
910
859
914
161
344
374
776
214
364
434
554
692
314
623
937
697
127
727
994
598
379
212
681
564
668
156
146
877
405
155
612
858
61
122
601
197
375
482
254
765
222
390
635
527
268
491
985
501
72
977
51
279
648
309
338
46
45
800
192
479
537
36
902
542
864
463
803
198
160
936
539
551
206
291
92
392
288
766
857
784
481
117
295
976
216
137
616
199
335
320
257
880
484
282
301
243
16
116
906
987
785
720
886
814
429
538
209
625
797
169
215
397
505
773
126
471
157
124
790
900
596
469
284
454
685
66
357
758
170
439
532
143
30
924
208
82
837
396
172
378
869
86
442
184
316
525
559
975
574
266
256
867
334
619
689
932
270
646
326
899
561
436
363
189
979
96
991
523
483
670
75
226
782
305
717
431
430
722
77
218
457
22
949
849
839
271
861
647
962
978
713
544
14
563
20
200
741
356
607
528
665
265
651
577
89
93
666
303
959
567
472
400
929
570
562
24
297
360
775
825
767
79
753
489
337
832
547
941
982
290
963
57
154
182
958
545
731
241
399
919
945
394
294
52
742
638
597
504
950
70
150
459
575
778
494
264
640
411
304
605
449
233
582
476
190
699
307
406
676
260
466
764
485
576
777
872
366
626
587
278
105
956
109
26
328
49
250
927
921
615
725
750
350
687
916
788
792
142
677
35
286
885
58
957
32
816
287
531
88
15
971
667
850
240
609
9
262
332
21
691
313
255
918
815
999
129
55
866
94
139
770
842
437
321
398
702
653
898
11
426
627
325
557
772
515
890
622
718
317
508
132
487
147
311
80
467
37
683
608
383
377
201
238
458
31
187
280
10
311
455
913
934
856
708
412
90
415
355
191
584
179
59
657
853
584
267
60
140
928
497
413
383
80
497
840
973
234
678
808
550
103
972
60
447
736
114
149
876
149
461
840
970
709
140
8
227
42
227
813
693
986
194
252
738
808
718
103
100
693
973
403
319
487
384
151
771
592
876
90
954
345
275
760
951
565
213
18
519
403
213
968
62
251
761
540
31
895
461
831
811
63
951
706
409
755
232
181
671
823
84
195
63
407
1
592
757
310
327
748
550
306
660
604
42
934
581
101
27
634
709
780
634
443
43
68
658
370
43
467
658
310
306
432
352
134
992
29
686
194
912
636
251
680
412
755
683
608
756
891
274
423
361
138
59
174
229
101
513
134
794
393
232
820
573
8
590
533
573
432
517
726
458
799
675
179
465
423
327
774
669
367
891
645
368
455
728
774
829
565
756
370
645
138
508
492
409
595
679
726
708
811
386
680
954
781
171
174
698
860
191
738
686
967
799
196
369
120
757
759
912
263
365
263
751
162
53
955
997
661
695
579
536
224
807
786
642
298
675
28
19
318
19
892
580
120
229
591
171
387
583
897
183
853
393
118
384
749
492
261
897
618
588
695
381
289
972
613
33
369
166
721
894
493
712
224
474
28
620
712
427
748
300
417
300
408
298
522
657
125
698
992
694
522
967
860
588
809
203
935
948
317
228
37
600
330
281
821
376
965
694
228
613
319
661
844
145
355
354
438
281
793
285
704
385
84
253
672
845
684
365
308
659
553
534
833
659
95
818
95
961
580
759
771
417
952
493
99
132
821
354
796
3
27
125
159
524
894
473
856
549
745
230
100
783
242
649
230
475
64
908
118
942
416
743
177
275
724
349
1
498
606
188
813
217
225
427
175
541
599
793
133
845
361
553
165
904
133
672
273
3
299
600
905
164
589
475
796
185
253
381
818
599
162
450
786
68
104
873
989
744
935
622
843
865
769
111
948
650
701
760
964
330
737
196
533
836
571
246
606
438
728
517
474
737
413
62
968
40
970
107
514
102
345
997
649
966
836
376
631
108
351
246
516
48
188
48
754
520
586
834
106
636
549
704
106
242
865
920
401
823
408
783
351
180
217
920
724
175
514
401
943
780
163
239
111
743
107
219
40
631
911
896
965
346
820
108
346
104
187
614
225
478
980
595
541
239
701
153
446
560
583
787
204
855
231
809
446
53
341
147
984
177
895
181
148
74
863
195
884
33
520
751
739
144
909
312
578
989
578
503
23
855
452
637
529
277
955
833
285
838
721
604
231
167
838
385
441
928
663
450
448
819
571
144
158
219
465
87
452
87
548
908
163
367
329
322
586
990
490
875
247
23
490
630
141
611
509
834
293
81
73
99
331
110
2
974
637
322
248
73
71
91
130
238
299
102
581
747
679
888
938
2
829
682
749
923
863
85
110
329
529
312
904
888
141
590
349
688
964
391
173
763
909
802
441
211
359
524
407
846
165
769
802
247
158
938
402
560
173
499
996
696
981
851
744
795
913
824
83
893
389
428
211
763
682
568
893
589
568
696
671
443
630
819
395
569
507
733
10
824
74
168
723
980
873
462
787
377
862
715
830
293
331
952
509
273
641
835
830
791
639
669
641
831
974
152
846
283
558
603
892
745
388
558
486
135
633
248
747
662
715
168
633
410
986
277
185
252
371
203
448
236
961
851
673
388
339
526
283
371
85
507
410
71
684
642
995
204
64
841
901
415
896
81
382
359
555
473
603
660
352
878
166
878
112
513
735
548
516
540
879
650
289
447
44
495
729
324
341
130
18
13
496
4
358
944
358
496
414
707
478
926
29
806
591
112
428
806
874
495
662
419
148
862
735
389
984
966
145
153
579
733
113
791
917
569
113
402
628
874
498
917
178
942
711
167
923
711
703
387
159
462
879
274
703
526
841
729
907
44
707
901
342
180
847
136
678
404
847
883
386
639
421
663
236
183
761
348
91
875
754
810
164
136
151
416
990
83
593
536
795
205
506
318
128
996
768
205
614
128
486
4
342
54
421
995
884
555
905
54
911
267
382
339
907
944
414
152
404
768
114
628
503
852
13
629
762
988
308
395
988
611
706
688
739
261
762
391
618
843
324
723
620
852
419
736
946
794
673
348
499
854
535
131
451
781
178
883
451
131
368
946
629
468
535
656
280
468
445
506
854
534
844
835
519
807
201
943
593
810
656
981
926
445
135
234
890
515
772
557
325
627
426
11
898
653
702
398
321
437
842
770
139
94
866
55
129
999
815
918
255
313
691
21
332
262
9
609
240
850
667
971
15
88
531
287
816
32
957
58
885
286
35
677
142
792
788
916
687
350
750
725
615
921
927
250
49
328
26
109
956
105
278
587
626
366
872
777
576
485
764
466
260
676
406
307
699
190
476
582
233
449
605
304
411
640
264
494
778
575
459
150
70
950
504
597
638
742
52
294
394
945
919
399
241
731
545
958
182
154
57
963
290
982
941
547
832
337
489
753
79
767
825
775
360
297
24
562
570
929
400
472
567
959
303
666
93
89
577
651
265
665
528
607
356
741
200
20
563
14
544
713
978
962
647
861
271
839
849
949
22
457
218
77
722
430
431
717
305
782
226
75
670
483
523
991
96
979
189
363
436
561
899
326
646
270
932
689
619
334
867
256
266
574
975
559
525
316
184
442
86
869
378
172
396
837
82
208
924
30
143
532
439
170
758
357
66
685
454
284
469
596
900
790
124
157
471
126
773
505
397
215
169
797
625
209
538
429
814
886
720
785
987
906
116
16
243
301
282
484
880
257
320
335
199
616
137
216
976
295
117
481
784
857
766
288
392
92
291
206
551
539
936
160
198
803
463
864
542
902
36
537
479
192
800
45
46
338
309
648
279
51
977
72
501
985
491
268
527
635
390
222
765
254
482
375
197
601
122
61
858
612
155
405
877
146
156
668
564
681
212
379
598
994
727
127
697
937
623
314
692
554
434
364
214
776
374
344
161
914
859
910
249
518
734
887
480
602
456
654
546
464
848
362
719
244
98
700
76
380
543
460
353
418
69
207
690
119
939
804
235
585
925
424
221
566
272
5
882
470
716
868
347
812
643
121
440
998
78
617
621
705
822
422
953
610
512
340
828
552
6
805
477
644
39
296
652
258
572
969
871
269
123
674
186
993
41
47
983
425
193
827
511
556
933
947
510
435
500
433
176
245
292
632
817
714
223
1000
798
960
65
530
56
444
740
594
25
220
710
38
789
655
34
752
801
97
12
903
881
372
889
420
302
922
315
237
7
730
746
202
779
624
210
343
333
521
502
276
336
930
826
17
870
488
940
453
50
115
931
259
67
323
664
915
373
732
