1200
840
980
44
1031
508
723
327
614
1046
1151
178
722
70
266
1073
1044
103
874
657
1000
709
877
1127
398
1168
541
1004
1119
395
442
1112
946
994
624
1056
495
382
53
1187
850
158
296
431
860
849
306
91
1099
730
565
280
666
846
217
1007
416
763
39
963
507
762
509
1164
232
274
172
700
962
303
496
705
908
878
816
476
916
630
383
530
237
813
1061
452
166
1197
904
725
902
920
927
587
1059
285
961
106
263
809
215
510
863
393
48
95
1005
703
161
401
1011
1
701
930
436
111
549
797
792
418
1094
441
738
518
718
410
779
539
375
683
94
764
1072
165
1174
663
428
126
1152
148
910
272
184
129
366
490
396
283
953
865
560
660
1037
36
923
455
119
1026
268
323
848
643
585
414
1058
791
728
524
1023
120
345
372
348
316
10
1078
61
439
293
344
531
102
128
1069
45
597
365
739
573
420
654
135
671
50
1016
721
834
648
626
188
568
116
747
325
668
302
899
837
841
387
1181
1084
891
617
1048
970
1009
287
1032
252
90
11
712
634
1036
991
255
1172
14
342
430
610
235
1106
755
778
290
170
922
81
275
976
1163
710
825
196
258
474
1043
46
814
783
830
838
746
594
153
115
1155
1179
974
150
423
829
589
478
944
1142
281
101
60
502
731
854
750
1104
331
250
876
461
702
745
887
800
1095
839
319
885
132
934
315
494
1088
68
1060
967
386
1176
607
591
642
842
724
743
631
1110
241
680
338
127
159
542
1017
1158
351
553
1193
123
218
176
169
627
872
182
304
1082
55
861
289
270
466
152
1145
1064
399
516
862
210
186
1144
108
926
620
1140
821
501
955
229
321
238
1075
1178
301
563
422
769
677
1188
625
17
134
394
784
1085
89
77
819
1136
497
964
1108
156
1002
752
167
71
292
590
1039
868
122
271
538
517
1166
990
256
867
353
248
58
918
112
1144
470
609
66
1066
271
831
1029
159
118
824
1169
532
105
318
678
308
1107
381
179
678
714
672
216
267
340
996
1079
58
13
218
142
1167
691
1138
1105
440
528
987
1042
515
71
593
261
279
1195
1128
1091
379
586
1087
40
125
598
311
605
960
827
659
951
1086
588
498
292
845
37
1114
308
1033
836
248
500
37
526
83
707
469
697
321
1116
301
545
171
164
729
982
1064
72
699
558
5
912
983
288
537
804
770
19
547
6
621
362
556
312
333
225
662
737
192
80
793
584
352
977
1102
758
202
307
693
12
434
600
1162
821
543
882
704
1162
243
757
802
300
520
583
189
238
168
390
437
1171
1063
993
1140
833
592
284
1125
1013
289
358
1090
64
1121
1052
604
472
1024
988
661
786
432
157
676
245
194
231
485
200
443
1089
574
485
729
827
239
20
858
492
448
1002
1015
740
77
781
851
1098
815
990
351
355
639
346
888
897
811
463
519
27
543
580
138
1081
622
328
1158
498
391
1173
1166
758
772
208
425
715
3
388
104
652
339
1165
898
811
844
905
947
480
112
312
677
1049
1068
332
757
1153
419
645
1126
561
429
24
606
114
550
139
898
198
88
866
43
511
1001
640
392
579
224
369
868
340
279
881
818
278
544
332
360
260
86
855
85
114
949
236
574
447
523
894
69
820
139
670
596
789
895
681
317
892
653
794
765
197
493
1070
893
1193
480
314
993
352
447
1080
675
795
900
1101
575
359
557
294
1161
741
653
872
374
122
609
748
1185
525
1177
871
231
1093
1167
986
903
113
92
756
361
145
413
171
174
595
977
901
1132
590
1025
915
857
454
979
43
74
566
689
695
85
1034
632
212
35
1156
144
307
651
51
1087
556
369
586
265
406
775
1019
1077
945
341
1034
620
347
981
1025
950
911
672
1190
9
1091
358
1191
782
753
228
926
644
735
1092
499
5
1118
794
527
33
943
1105
553
972
486
744
199
16
1027
216
7
486
506
451
952
1080
230
1135
822
684
1063
869
38
151
602
277
698
278
193
514
137
547
914
1165
131
616
1042
493
211
195
294
247
619
1054
1183
429
186
558
411
771
322
346
219
19
656
940
448
363
477
297
682
335
265
656
717
162
1057
298
1006
466
649
56
399
826
618
47
284
491
127
403
564
151
330
693
93
933
627
915
87
576
766
759
156
355
619
999
336
459
367
445
417
462
204
1035
1107
243
246
183
329
180
715
1186
602
1071
925
548
958
631
74
63
468
92
847
1122
276
65
75
320
516
753
182
679
765
864
417
12
107
4
109
603
1062
357
457
210
155
276
211
405
1047
1052
936
749
935
242
65
1120
540
726
928
812
377
853
309
155
1196
138
424
1008
8
149
832
771
909
322
334
164
504
552
31
328
563
458
1098
1097
628
919
105
193
464
227
964
83
273
688
810
1141
384
179
1102
261
901
823
1010
733
954
445
456
82
54
1134
572
1192
202
424
629
1097
833
598
482
513
426
251
551
175
62
708
482
1101
559
450
134
932
477
76
867
240
236
80
984
503
376
679
42
629
1129
30
711
889
550
403
142
341
999
727
535
1185
467
408
1055
669
956
213
1184
517
641
1180
913
163
404
326
615
884
214
1131
233
815
894
239
605
435
472
522
596
433
835
173
673
121
201
1028
212
1154
460
623
633
769
181
1062
356
427
1129
86
956
253
893
34
181
523
646
907
28
354
313
1198
1103
638
96
948
528
998
1076
525
949
1021
374
1114
690
861
554
1083
145
295
1133
1156
320
691
228
796
97
685
123
982
581
1040
503
533
819
34
432
570
388
1053
803
56
453
879
785
160
538
939
736
1147
87
632
584
831
905
636
907
329
157
959
1189
1040
1081
1079
1191
808
16
391
347
371
402
262
1115
599
1103
856
1121
1055
906
599
766
1018
479
336
601
938
567
989
696
997
1192
191
245
1177
884
262
100
1074
18
408
440
505
864
534
501
35
1075
203
59
955
798
810
350
858
220
561
247
674
1117
380
1068
936
456
371
380
378
806
190
519
1123
438
1159
376
935
1096
244
768
1076
571
465
684
209
176
662
806
349
187
775
183
704
291
768
470
8
311
1143
141
571
221
1125
1148
698
542
1038
291
73
685
55
931
533
975
680
664
1047
492
635
185
595
30
577
489
1074
1051
532
18
954
931
300
1153
1139
471
491
2
500
226
886
154
57
633
857
826
777
462
207
29
950
1160
15
611
194
795
1053
20
978
960
1111
776
84
981
832
774
644
1013
514
637
475
1175
996
125
1017
636
313
259
167
412
776
928
475
484
469
670
1035
230
650
1194
254
24
73
780
1200
379
256
1118
1003
686
337
1109
929
1041
883
1020
870
1195
1170
742
1161
1180
63
385
110
616
21
1029
203
198
727
522
49
400
1030
1154
805
546
770
566
844
973
570
468
869
27
147
140
1186
557
1182
38
1170
958
343
460
777
1022
925
897
473
368
130
1123
938
69
1145
1100
1003
201
1183
720
1086
260
968
972
353
29
520
40
407
437
333
339
1134
1108
1014
639
866
330
526
51
1083
1159
985
713
234
823
772
808
752
1116
173
443
787
110
805
208
277
6
251
535
613
578
205
1006
1135
706
804
422
1027
667
1169
1198
521
957
732
195
32
919
25
664
286
836
658
711
719
696
390
453
483
234
253
370
177
649
665
143
506
385
1096
146
1190
951
615
921
373
360
646
282
78
1188
226
299
505
716
4
67
33
26
513
264
940
219
137
406
756
1100
741
488
381
356
487
1137
463
845
817
959
773
937
697
113
405
23
1014
200
15
124
767
444
947
1139
658
131
1160
7
732
197
895
1001
223
714
686
481
751
918
933
223
625
773
84
446
1090
692
1138
435
1045
364
1054
659
458
1033
588
932
512
856
716
79
1115
318
655
206
1024
454
17
726
189
575
433
781
986
852
883
665
57
317
299
479
100
444
427
1039
1150
1131
1126
1012
812
859
909
694
879
545
890
713
853
449
450
966
1010
389
220
481
415
708
305
52
249
22
790
706
559
640
789
638
364
618
1137
326
304
163
133
270
257
1182
451
537
204
130
392
467
394
941
273
540
1082
886
820
554
612
735
740
817
146
912
987
310
246
98
851
488
751
695
552
798
1130
583
104
788
1089
459
534
822
66
824
647
1028
1113
917
796
515
28
852
995
298
309
59
818
788
873
47
803
25
233
483
1175
862
1111
692
968
499
744
269
241
349
870
133
438
555
473
75
465
76
983
141
1150
1012
1178
1077
415
1136
1133
667
536
487
367
52
221
613
650
62
1045
1157
985
413
807
384
578
1067
409
807
370
400
1022
1124
843
564
892
843
593
785
1067
419
259
676
736
743
529
108
282
529
611
389
1199
969
787
1143
939
612
264
89
645
67
674
257
457
286
562
213
149
199
41
337
687
397
1122
669
225
992
373
42
152
801
464
871
889
411
79
1117
206
562
1050
175
136
767
754
191
350
192
512
873
22
3
288
855
169
21
1066
93
446
484
880
1065
1093
995
1021
147
608
917
305
673
1130
98
655
881
579
675
421
177
847
144
1157
882
952
1057
911
896
942
97
1049
687
975
973
334
1146
536
965
368
992
622
937
227
793
1041
774
790
205
425
1199
1113
1018
979
569
582
449
1008
989
971
118
359
190
734
1020
875
185
426
1147
124
948
1124
651
592
875
240
734
1200
786
1065
363
544
1184
828
896
914
799
913
222
957
471
434
407
162
404
297
682
984
1015
1050
606
600
969
143
402
652
31
335
168
1019
637
828
965
521
2
941
567
799
759
357
546
343
628
688
641
966
880
580
409
924
180
997
26
548
621
269
888
900
694
249
1196
49
338
942
1110
397
295
136
99
802
140
801
99
1109
32
1146
604
733
421
720
1128
581
310
754
1194
224
699
96
207
551
527
1149
377
117
601
719
109
1085
661
222
72
1171
174
737
576
945
362
782
903
361
54
689
511
82
1173
13
267
1149
1092
41
121
577
354
780
242
78
569
1030
324
761
1038
943
690
314
1071
742
717
1148
504
154
784
921
88
978
1051
859
1120
214
412
929
608
760
988
647
489
9
635
890
64
229
23
160
497
244
117
603
1141
681
107
187
906
749
1070
1132
572
761
835
324
209
623
555
1189
924
378
998
707
760
748
971
582
254
724
842
642
591
607
1176
386
967
1060
68
1088
494
315
934
132
885
319
839
1095
800
887
745
702
461
876
250
331
1104
750
854
731
502
60
101
281
1142
944
478
589
829
423
150
974
1179
1155
115
153
594
746
838
830
783
814
46
1043
474
258
196
825
710
1163
976
275
81
922
170
290
778
755
1106
235
610
430
342
14
1172
255
991
1036
634
712
11
90
252
1032
287
1009
970
1048
617
891
1084
1181
387
841
837
899
302
668
325
747
116
568
188
626
648
834
721
1016
50
671
135
654
420
573
739
365
597
45
1069
128
102
531
344
293
439
61
1078
10
316
348
372
345
120
1023
524
728
791
1058
414
585
643
848
323
268
1026
119
455
923
36
1037
660
560
865
953
283
396
490
366
129
184
272
910
148
1152
126
428
663
1174
165
1072
764
94
683
375
539
779
410
718
518
738
441
1094
418
792
797
549
111
436
930
701
1
1011
401
161
703
1005
95
48
393
863
510
215
809
263
106
961
285
1059
587
927
920
902
725
904
1197
166
452
1061
813
237
530
383
630
916
476
816
878
908
705
496
303
962
700
172
274
232
1164
509
762
507
963
39
763
416
1007
217
846
666
280
565
730
1099
91
306
849
860
431
296
158
850
1187
53
382
495
1056
624
994
946
1112
442
395
1119
1004
541
1168
398
1127
877
709
1000
657
874
103
1044
1073
266
70
722
178
1151
1046
614
327
723
508
1031
44
980
840
