4000
1428
3780
729
1800
1345
497
3037
3294
1115
1999
1059
3183
3082
2663
2883
3285
62
3871
1556
1682
132
3261
555
646
3251
1130
393
3968
3000
3291
3961
3278
1920
185
1908
3433
700
504
1891
3432
968
1716
2716
2012
3495
3011
1293
2406
1600
3645
2436
2937
1752
1436
3098
2416
703
2503
3970
2854
867
1834
1743
3882
2357
2738
2206
2596
1483
2005
1220
3677
2381
192
1950
2231
1360
2553
113
2422
282
2746
1935
1271
84
1471
434
3308
1338
2492
3322
2918
2385
2505
2364
1039
1003
2667
1042
3528
1757
1699
1706
164
2926
1718
1109
3411
3816
2369
606
797
2154
3746
3852
3542
487
1019
512
3262
3017
2038
3165
2684
2353
1048
2628
104
2413
3325
3077
1279
35
2297
2084
103
354
382
1755
1750
2941
3031
1961
364
3168
1495
2425
3632
988
3801
3263
2405
3094
3149
1078
697
1810
3956
2170
3893
334
1276
1438
3659
2378
2474
694
1541
2016
3901
1022
3486
171
3931
2125
3470
3902
1913
1775
1944
1726
2648
553
1951
3106
3635
627
1879
288
3918
3974
1468
3878
1399
899
1909
351
3750
2735
941
3905
309
2310
3977
1209
935
2106
140
1392
2245
1722
954
3147
2478
3767
3577
2724
632
2808
439
1304
313
1215
1914
2343
2829
1374
3348
3818
2626
3456
3597
1008
2332
2896
177
1966
2708
496
585
1043
2278
2342
1838
2982
970
2372
3986
1414
979
2551
3600
1340
1176
1797
146
1923
2835
1144
1580
2865
2004
3802
597
1478
1238
1409
2021
3465
3642
2962
3809
788
3298
2213
1504
1742
2847
2618
3274
2203
2691
1522
1779
94
2435
278
934
791
247
3114
1537
3637
1170
3406
2448
2658
2993
613
3868
879
1440
2164
3427
3995
1570
1571
2557
3223
2922
1361
1544
706
1563
488
1590
3088
2574
3273
572
876
3839
2533
2619
1535
472
3140
1525
3683
3422
3831
2567
3896
803
1295
2624
3027
2043
1288
1994
3310
1007
235
2119
3652
2686
91
3453
2834
3810
665
3511
3028
3064
1155
126
2541
1943
811
2060
233
2611
268
1814
1315
1405
863
2539
674
2456
3135
1587
2758
2059
923
3212
3052
3160
2951
1681
1591
1303
2335
3483
1342
3579
2286
612
3823
3508
3015
2742
2760
2252
620
1437
3679
507
849
639
222
367
874
486
1818
3148
2041
2338
3008
2734
1685
141
2172
3547
1560
152
3919
214
2675
1312
395
2572
2283
4
976
3759
3211
3603
3739
63
432
151
271
1330
1496
1581
948
3041
1470
1161
1806
2590
293
3452
306
723
1349
3039
2351
3917
2344
1378
1454
636
3978
1024
2929
3832
1768
90
371
1498
1179
3864
1035
3930
3342
2623
182
1693
506
3851
3574
3567
3991
2771
376
3908
483
2647
2884
2340
2907
3596
3381
3109
966
1188
3616
551
647
2098
1973
2744
2522
3957
870
2953
2368
157
1320
3686
3770
2530
1615
2577
3194
2579
148
2101
154
2165
960
2606
3467
2058
1017
1323
1204
2220
1811
2239
3628
2160
2782
792
1266
3504
1190
3990
54
2097
1515
1490
168
1780
3163
1595
1224
264
3209
2246
2365
652
3973
2032
2174
2850
1637
3649
911
1243
902
1557
2532
2292
1332
99
1181
2373
3715
368
3559
2809
3607
2352
1174
2007
3084
3731
3654
3202
1152
3877
53
1112
2542
455
2149
1990
394
1406
3355
1195
2196
949
2817
3682
206
3353
3753
3478
3316
2025
1896
1487
2226
2912
1574
693
2603
3085
3894
1644
1397
1554
283
3048
3987
2029
2661
2852
2578
3604
3234
5
2202
760
2633
1868
2235
809
651
3006
436
2750
1223
3201
2361
3176
36
2659
383
3527
239
3242
2563
2308
1791
328
1183
61
2694
2480
153
2535
1485
583
2841
3517
690
2498
2014
1424
2793
1334
3171
3464
3786
1926
1068
245
1936
3161
378
3740
2355
405
1783
471
1610
1910
2954
2387
3188
20
2337
2400
1867
2455
1740
861
2721
413
2046
1464
1268
1796
556
3490
642
2390
224
2117
3866
1102
1531
1216
3734
983
841
1457
1058
1404
2811
3543
65
1239
1482
2115
2209
3644
564
2499
2481
587
2066
543
3684
139
875
1480
2452
848
230
1067
1450
2933
582
3
2923
2645
32
718
563
2465
536
1046
3137
1873
1977
1611
2698
3004
3557
2804
1625
1491
261
3301
3924
3558
1286
3312
2863
3187
1853
1375
449
3778
3989
435
207
3345
2094
3081
2501
3040
232
3224
2888
3126
1104
3646
136
202
1395
3643
491
10
1088
2984
1688
2320
3921
3435
2457
3035
659
1038
1593
1169
1435
3585
3401
1715
3855
2412
47
3570
3005
2143
1123
1381
3392
3953
2130
1932
714
3870
859
1051
3019
1566
2748
3036
2654
463
3428
3668
3718
3518
2931
1983
17
218
2433
3935
789
2723
1528
350
3631
3612
3576
538
2871
847
38
2649
1561
349
3324
3288
1040
2998
450
3733
3215
2513
2201
1136
1021
3814
2464
249
34
71
2582
1047
3244
2289
3791
2745
3836
2250
957
2636
308
337
2560
166
3657
2853
1669
401
3014
330
172
969
1882
2985
1087
1432
3862
311
2437
917
1550
3501
2860
2672
1264
3080
1988
3032
1911
993
3566
2341
2882
2952
604
1815
2514
936
2389
3521
1577
2404
2559
2222
1210
590
1833
1984
1208
3819
938
1385
3650
3340
3633
1905
2762
910
3552
3697
817
1061
2830
939
2948
1678
1484
3047
3618
495
897
796
1456
951
546
1606
2765
2679
3195
2910
111
2145
3393
1386
750
2814
1968
816
3751
13
2957
3240
3347
2232
1922
3887
837
592
3364
1568
624
1631
3182
2844
2944
3941
204
1897
547
2917
2583
2331
188
2402
2904
203
2609
3690
2972
728
3685
3001
689
1096
462
3708
3910
199
670
2638
22
2891
3025
3451
2113
1023
2909
1033
480
892
11
2415
1137
2911
2641
995
1648
1835
3258
1055
2875
78
3110
2274
846
267
1258
3925
2690
3352
2082
314
1193
669
3945
3860
755
248
59
2858
64
3984
3625
787
1749
2358
3561
2825
3630
1919
3405
2527
305
2207
1903
1654
1621
1133
2906
1500
60
2110
2867
3023
312
3593
2526
1370
3284
3962
3805
868
418
1163
125
464
30
702
1290
3380
259
1074
742
1402
946
2122
444
1197
1474
2417
2302
2031
1180
3722
812
3757
2604
3323
2827
510
3693
3132
745
914
649
3219
830
3611
1651
441
680
701
696
999
770
3944
678
33
609
1119
3214
675
48
122
2772
1737
3745
3827
1972
39
119
1489
2873
3516
423
1773
3343
2410
2749
134
3981
3402
1310
3951
2284
3192
3007
147
1841
2383
2215
2587
478
3880
2238
916
489
3100
533
1689
1357
1287
1929
1426
1900
1075
2272
2547
1510
3190
2506
2764
1889
287
838
3842
3572
2495
3560
1159
2994
3448
784
327
3840
3458
3785
2552
2156
900
3563
3696
2935
3655
1579
1160
8
3203
252
2324
3496
417
668
3897
2486
2768
763
1734
3748
343
2512
598
2925
1041
1146
1245
37
947
1955
366
492
1881
458
158
219
2602
3089
137
160
1629
3889
3689
3966
1092
1899
275
2262
2432
57
2556
1063
2182
2879
795
2928
2111
2956
2280
1218
3512
3911
2186
1995
753
2118
2855
3581
2445
1653
429
2377
761
3272
1616
3489
3676
1280
193
1707
3976
2902
254
2877
2510
980
524
2554
2024
1187
2317
3980
1167
3912
1205
2426
3418
2680
2905
878
348
2011
1097
3363
2639
1417
2671
544
3398
2589
2251
1545
155
1029
1582
2345
548
2550
1828
2421
100
127
460
2386
2792
2192
3356
2449
3858
2438
3636
3383
822
3895
1638
1730
2685
626
2733
344
2429
1711
1118
880
1534
1128
369
1771
490
2077
1712
2392
2123
3900
1442
2610
2736
363
1089
1090
250
3537
3540
2767
2023
886
2718
1052
698
3413
1507
1253
88
386
906
3127
2382
1225
607
1275
3087
95
3539
1657
1070
2801
1341
2892
1237
2184
2789
3730
2173
3287
83
2189
1569
2420
757
1154
1269
493
929
1026
2080
1729
3779
3130
42
3334
1658
2790
1358
2730
2770
2988
1322
2822
3602
2699
1605
43
858
1081
3510
2859
783
3598
2374
3904
14
2022
3554
2681
961
1539
1959
1401
3157
1942
2870
3396
625
3372
860
2483
96
1785
1289
2644
1382
2467
3520
2054
3249
771
3938
2777
2329
2135
1668
2093
2427
673
3861
3177
3529
2333
1816
1265
1795
2921
2848
549
2019
2810
2006
1952
115
2696
82
2459
844
2360
2963
2017
1921
1451
1721
1543
3043
1963
1662
1082
1113
831
2305
1333
3108
3525
2520
1479
2157
2146
3461
209
1126
3804
2739
2185
2751
3621
1766
2095
2393
1391
2002
1219
3328
1441
3472
2311
210
3660
3230
1199
3608
1620
447
1564
1703
2318
3569
1064
3578
1649
3487
1192
663
1596
3764
679
2330
3838
3667
3853
3595
3297
2299
3002
326
1982
3374
2159
213
1825
1423
843
834
2516
687
2620
2431
2208
3237
2846
2725
882
3729
616
835
866
2442
3480
1352
1207
3235
3362
3443
3055
3220
3368
3385
2737
3713
3783
1666
3054
3096
1708
3431
2710
839
682
3949
3388
2347
1422
1514
2630
116
2144
857
123
390
1281
1377
3728
3351
3609
112
1421
3626
3906
105
1016
3883
2225
984
355
3766
1849
631
387
2864
459
677
991
19
534
1173
3867
1746
375
630
1513
1032
2475
3059
2050
726
3033
1632
1978
3331
1336
2120
1292
424
1626
1272
3073
826
3326
1858
2128
3269
1194
1107
3145
908
3544
389
2936
2067
1679
3493
3122
2158
3777
1518
1565
2268
3376
1997
1347
1762
567
3104
1296
3093
3994
2573
281
3928
3737
1348
92
2370
45
1985
3796
2450
2366
295
2843
3344
3142
27
2282
3449
1134
800
1211
3153
2169
3582
664
1533
69
2674
588
594
3375
2881
3260
452
919
3723
890
1111
2472
1291
2487
3888
3083
3550
300
3172
3691
1002
21
2524
773
2293
1964
1229
3095
1228
381
3113
3833
3747
2717
4000
1184
1894
2069
3423
3940
3066
1906
2585
3653
2057
3695
1261
3208
942
2461
3150
1247
1886
3488
695
380
1892
656
333
1191
200
1307
1
1246
2064
3813
6
1027
1804
1991
1948
1300
1045
3419
608
725
2678
2757
431
3854
3975
2273
2981
1608
3386
552
1704
1461
2051
3519
2276
586
2728
2555
3180
1232
1573
3506
415
528
1488
724
3711
3568
97
3417
977
1901
477
1799
987
1733
2027
3151
3369
2044
3429
2650
574
3664
2803
1862
2701
1309
3721
3426
307
996
2388
391
404
3497
3286
3421
2026
2063
3119
2548
2376
1883
856
581
3614
178
3371
3719
744
174
2190
805
720
1529
3247
1552
1618
3555
894
2862
3898
1427
681
3485
554
1871
1962
603
3378
1028
2107
3793
1037
513
3610
1592
2837
768
1073
3167
1054
1236
2336
52
711
2894
1947
1368
2593
3874
2294
785
3076
2396
284
108
3875
1466
1827
772
769
2395
1941
1813
2943
530
1562
1142
145
1843
1739
2861
3601
3466
3292
3158
1817
3599
1486
2419
3549
541
3053
3899
2033
1931
2634
411
396
3384
3217
2946
501
144
2398
3170
569
1071
704
654
736
2640
602
2175
2969
3299
1314
2608
467
76
550
469
3468
246
3290
1803
2515
1365
1331
2813
3138
1396
2756
801
2635
2509
1672
1317
2752
3709
2264
865
2901
2727
3246
1416
2384
584
1760
1819
1567
3469
3259
1439
1586
1524
3437
3445
776
2323
474
2229
531
1855
842
475
562
1589
633
2662
766
1939
1585
208
320
1117
2086
2895
3815
1306
981
1121
1614
1751
2407
1686
1311
1062
2601
1603
591
335
3955
2359
3678
3967
1732
3139
1189
2798
412
3522
1363
3115
2242
2949
106
2188
2580
924
257
3346
596
3293
2780
1233
1847
1970
740
3415
1311
1472
653
1623
1157
2114
196
854
786
1147
3065
3594
1624
545
3463
347
2052
3948
1124
1308
1270
618
2096
2977
1006
1647
924
3885
2558
3509
1344
3029
292
216
3412
577
2967
578
1094
3474
1821
918
2558
1893
1050
3662
2205
2580
3128
1720
2258
762
3565
1262
2642
2842
2818
2815
1753
2816
2653
3934
3624
944
3857
3843
1945
217
2267
2605
1329
2211
685
3218
194
2508
823
666
2849
2230
3841
1756
3641
1452
1692
629
974
3009
3553
190
3045
428
1701
2216
2766
1066
1661
884
1148
1335
2401
2477
3932
3797
2545
3300
1792
907
537
2866
93
520
3205
2394
499
1770
3117
1393
2967
1870
107
3009
903
1714
743
605
3410
3354
2301
433
1532
121
3694
2441
3706
3965
3619
2081
1448
2642
226
456
498
1379
2030
845
2537
1970
1934
3789
1475
2597
1857
3784
1418
262
1667
3769
3245
3233
737
285
3438
70
3010
2621
365
2423
220
341
2504
2942
3013
1106
3661
2497
782
3999
1784
3226
2893
3280
3232
294
3450
1536
3907
2664
2940
3229
2010
600
660
2153
1273
3687
2035
2124
3174
3524
3197
2840
502
3330
2221
566
975
1098
2973
840
1122
1177
3248
3673
3152
1108
3253
3268
3416
1376
3760
402
156
255
2371
3985
503
978
159
169
2895
3216
2493
699
3515
511
1354
1116
965
898
2543
3049
231
1302
1069
2806
1157
77
360
1084
3455
3018
2821
1709
2295
1412
1445
2155
1411
2507
2281
2171
3358
1034
1559
3266
3204
855
1888
1132
3044
3484
2244
1212
1327
2990
2732
3185
1705
3118
1086
611
2656
684
3446
2586
2314
277
2199
537
1501
933
1741
1079
1674
426
1259
3954
370
3267
1056
2664
692
1880
1339
3071
3439
263
3012
1057
1583
2439
1301
3661
3651
1634
1789
3680
3131
1996
2613
1139
3021
2451
964
1277
1887
589
1846
2983
1542
1172
260
2356
2740
3773
1949
1878
438
2288
2414
110
3349
2091
2072
3534
1006
779
1010
3366
3133
3481
114
2787
505
3319
3026
258
1641
3627
2181
2491
657
3074
3090
316
3377
2992
1447
1670
3716
2643
128
1519
2418
3892
2162
3876
3379
2977
1178
1138
1609
872
2471
3016
705
3121
804
3993
688
2978
1576
402
2127
2168
1200
610
3781
3141
353
2874
3416
1339
3026
3121
3050
1079
3200
3507
1823
2142
3255
3404
2887
1998
3166
1505
824
2045
3933
2872
408
143
2000
2152
3442
1189
2504
1412
1244
1400
2247
973
1869
2013
798
2447
3279
2815
1254
3227
1612
2103
823
400
3706
3283
1812
2695
2992
2682
1747
18
943
3169
3185
2930
1122
3450
2155
2028
852
921
1960
3692
1927
1420
1508
2692
734
1683
3505
2886
1770
1072
422
1655
3434
1372
629
427
1512
3821
799
1969
523
3436
1701
864
883
385
2676
643
1854
1517
3162
2581
1390
684
2078
1350
1443
3903
2354
3424
2600
1213
1162
2913
1226
1736
3666
2408
1429
310
1509
465
2074
540
2775
2632
2243
3749
494
2397
2227
1967
2350
739
329
3387
2978
2434
2565
930
1643
1953
101
3937
721
1572
3103
1429
3492
2367
3238
2451
2683
997
623
3107
3492
3228
1415
3615
3727
110
1829
3965
2191
2087
819
956
2491
2112
1083
580
3526
1020
2932
3022
3703
2594
1697
3732
1877
990
1481
291
3743
1857
2306
3808
3275
1764
3958
1503
16
256
3136
3613
3063
331
2096
1861
1547
195
893
1277
2938
131
2824
3236
3741
7
236
1809
406
3997
2194
2180
2447
1186
2489
3238
260
1270
237
709
1369
3828
240
3927
2955
731
325
967
3825
272
2316
1231
3988
3946
3765
1458
3725
759
3744
2099
430
1319
1763
1452
905
1425
1313
2018
2677
1856
2900
3634
2840
2637
3264
2108
1738
2254
3050
276
3305
3623
25
1235
3591
3315
280
2592
1786
133
2291
2277
3792
1971
3807
912
3890
2761
1262
1329
1719
3091
2217
1549
2866
357
2571
3848
3444
955
150
3067
220
2266
840
2874
2315
2056
2399
2920
3985
93
2494
1222
1359
2797
1660
1874
3498
223
2257
1242
1772
2200
2362
9
2566
1974
3361
1511
1145
3282
1250
3441
346
205
176
3590
2488
3513
1257
2769
28
2430
1465
86
994
3629
2380
3615
896
1925
280
2688
2247
713
3078
3822
3811
1989
825
1120
3909
241
1502
461
106
1842
3588
3125
3166
3391
1105
3591
2783
1824
3476
3189
1744
3091
3370
1366
446
194
1619
3788
3714
2379
1356
2607
2267
2616
1993
2204
1011
2039
98
3231
3592
3881
1848
2132
1242
940
3090
1767
3837
1967
1100
2020
3863
2397
3178
2974
3280
243
183
877
3457
31
1789
29
2930
746
932
440
2517
889
3967
2062
2995
1521
2564
1433
2543
945
1542
3304
448
2947
2104
2440
1559
775
118
928
1788
3705
926
1407
3197
3782
2731
2529
740
1252
1153
3675
24
1284
2277
342
1822
2061
1677
3688
573
1725
3277
456
2713
2800
2897
1677
2414
1839
2047
3658
3514
3698
388
2428
1675
1213
2313
2655
3395
2105
1861
1996
2576
15
1735
521
2595
2163
3159
707
451
1306
559
1710
1099
2281
3648
2134
2195
595
1583
3266
3647
522
622
1447
1005
1884
2995
2968
3533
3768
3859
915
1594
3296
2570
3120
2322
3824
1640
1321
1158
2950
1683
1369
1673
525
2089
1604
3049
1863
3387
3173
3638
3847
2786
2295
2779
2975
2518
1249
2470
560
1732
2651
215
3136
2212
3768
1248
3116
1694
2979
3102
1050
798
862
3947
2322
1475
3588
3971
1728
1000
1308
266
2453
2300
244
2132
2538
2009
1477
3304
1976
660
135
2796
2218
1443
443
829
1928
1363
1820
409
2832
828
2627
927
3068
1009
3062
1077
1636
1820
1751
1694
1676
3688
3075
1521
3545
3704
3379
3687
3403
931
3128
759
187
1355
2575
3812
3752
81
1623
1263
2637
640
1494
3354
1782
727
2167
2666
1893
1851
2028
1965
332
1506
2494
3186
3841
498
1394
437
3960
2544
3556
3756
315
808
149
2743
2898
2306
3772
2900
1091
2198
2241
2549
1175
2003
3514
1547
3226
412
3373
3640
3641
833
1979
2470
3349
3051
1821
1902
539
1925
2805
775
2133
514
3181
2975
3665
2070
3020
1938
3271
1408
2802
3775
1221
2687
2713
190
2838
251
2586
1738
1020
891
2960
2823
2565
2529
1802
2763
1351
3648
3720
3943
2458
825
2939
80
1351
2167
1148
2112
1986
1671
3926
2001
3213
522
570
2787
1540
253
1346
2668
871
3030
774
3971
1558
1645
600
1980
3305
893
317
3538
2236
1116
3800
16
3236
3830
442
1650
3341
3067
3267
3254
1093
3068
3829
2288
3754
3741
1099
2778
473
1639
1508
1659
1823
2614
641
915
2989
3408
3307
1555
2040
2258
317
1125
338
3884
667
2256
1127
1299
2380
3551
3256
2088
315
3317
3929
1723
359
2326
561
794
3916
922
1829
15
1675
121
2960
1472
1105
2287
3056
1603
883
1776
2693
3218
3762
2656
3198
2940
2255
1499
944
1014
3315
3776
198
3879
3264
998
851
3154
688
2348
1759
3812
342
3873
1778
1830
997
1367
2655
790
2453
571
98
3196
1519
3639
3425
1619
2695
1808
165
89
2754
1872
44
184
781
1387
943
3370
3803
3146
1005
2819
3184
1226
634
3942
2319
3186
2820
3072
3913
479
44
2237
519
2687
3526
3694
2692
225
398
3531
1937
529
1299
372
1832
521
3318
3460
982
3020
2116
399
2908
2677
446
819
397
3455
2356
499
3700
3835
180
2788
2812
1240
2820
1346
661
1004
2403
2166
1992
3849
3181
1230
2594
579
3097
3196
3475
1244
1201
2100
1319
1085
263
3283
557
416
1353
2134
3710
3046
1049
2964
739
2697
1924
3311
2191
2903
885
3337
692
2927
691
1297
1080
290
1285
2818
3232
2102
1695
3996
1131
3156
3769
2849
1202
1025
2482
638
525
1713
3457
241
1787
3817
2794
3892
2707
3361
1383
3710
3477
1141
3070
3964
120
9
1509
1664
3811
229
2314
578
3424
1667
2575
1235
2303
3060
2253
526
1214
1018
3221
302
3321
170
2140
3725
3758
1234
855
3295
3204
3982
1376
3399
904
353
3952
1434
2214
1049
2309
2839
1206
2761
539
2990
573
1754
1859
3327
1865
227
2371
256
3692
1135
1628
265
3803
1798
1506
3029
3876
2836
2
1692
2824
3430
2151
3532
2729
1057
3407
1958
3583
384
3705
2669
2188
234
1182
752
732
2349
3606
615
86
1642
1201
3640
2797
1217
1121
289
734
2631
274
2460
971
1684
2009
1459
2312
1359
1444
117
3541
3175
2740
1367
648
3390
3191
1630
2163
1469
1613
721
2131
3663
1425
2816
2469
3828
1809
2129
3373
2566
3923
751
2561
3159
2629
738
3681
322
2237
421
3471
3934
3016
216
1110
1418
2036
2924
730
1805
1960
748
1976
3948
751
3155
1546
2807
361
251
336
165
3752
1980
345
3794
1231
58
1650
3003
909
778
813
1260
159
793
3781
457
1807
2794
3024
3963
1410
2712
3498
3143
1987
2375
2709
2013
3939
1852
1164
3562
3491
1690
3914
1214
1095
1640
1741
780
599
3444
2584
2212
3459
75
1848
2148
3671
1353
854
3507
1030
372
3257
187
967
2137
270
362
3702
1933
138
3826
2979
361
3843
2443
128
2653
895
3164
3061
2334
820
173
2085
31
2109
3671
1663
1248
1364
508
40
299
1614
3675
989
1860
2121
962
3045
2319
2720
2083
1325
3303
2783
3199
2704
2591
3144
2908
1072
1076
1890
2569
3391
318
2327
2304
3307
102
956
3060
3670
3042
1864
1250
3022
610
2631
3099
1670
2651
468
231
815
1555
229
932
2100
1517
301
905
535
3143
265
3762
516
2150
3674
3717
3123
373
3107
1141
2666
2441
1364
2780
3546
1449
3434
3131
169
3564
2741
1249
1140
527
2986
591
645
2463
46
1373
2702
832
1710
1379
3844
2802
1036
3774
2484
2325
3907
790
2800
3647
3513
532
1609
414
3963
454
628
1676
2075
3193
3983
2010
1656
186
319
3701
3857
1628
2652
580
2440
438
3382
782
1665
1460
2564
1735
872
1430
2458
985
829
331
1203
2211
2799
3042
1001
3782
3749
2121
398
1769
1156
2924
2334
1702
666
81
1824
2223
3399
2269
2161
3133
1764
3360
2519
1455
3357
2705
2726
2476
2773
3318
2836
3771
3139
2562
269
186
1255
579
324
25
1085
3565
2669
1222
3350
2731
3825
2090
3476
3933
802
3656
223
397
2316
3229
1056
2290
1390
1725
918
1103
3553
2
3086
1313
3319
3736
319
568
1761
1477
764
133
3881
2920
3784
3716
3491
3061
2538
1462
1599
1938
862
2367
2218
3927
2430
274
517
3771
1756
709
2627
1876
3111
3436
2702
615
3620
1646
292
653
2525
3638
2987
3589
764
377
461
2183
885
2668
3662
2275
1777
1162
648
2521
778
3086
3481
150
352
617
1098
3179
2126
774
1389
2999
3869
1030
568
1904
1259
1013
953
1398
2592
335
1125
87
1453
2285
540
2934
2469
1467
1588
2221
2517
341
410
1957
1578
2703
473
850
3256
2359
2053
85
1831
3701
3523
1659
3400
1001
1324
362
1588
2693
2795
3484
3502
18
2776
2287
2015
1025
3548
3459
3473
2488
3397
715
828
1697
2845
741
3556
3072
3327
1774
2983
1172
215
2271
1094
2826
1898
933
3865
1993
963
29
3058
3474
3922
2629
3669
2617
3890
2003
2339
628
2354
1875
2114
2676
3937
3462
2162
3441
1362
3538
2615
1665
2831
3078
754
3923
2856
2088
965
445
2079
708
3656
1724
1634
781
2490
3800
950
3302
2327
443
484
3471
2227
2778
2856
2927
212
2147
2511
2776
1241
3738
2851
1380
508
3915
945
277
3788
3193
3958
884
399
1151
2785
712
2607
3545
2980
1660
2528
3179
1083
3502
2178
357
448
2528
3065
1684
2408
1175
421
3365
2826
2179
853
3830
3395
3038
1607
2600
1393
2423
1501
570
3156
2140
346
1549
1463
3207
3321
1473
1635
2502
1597
746
2591
921
50
162
2898
1467
2379
1530
3834
2248
2897
2177
1627
3799
2890
3051
73
445
748
294
303
1598
3420
577
173
3358
3913
3257
2886
3365
1147
2195
442
3524
2321
3144
901
2260
810
2980
201
635
55
1769
707
1602
3099
3346
1548
3225
1337
2271
1874
3605
3062
3409
211
2328
1282
2942
1850
1034
1878
1723
2176
485
2254
3672
130
3634
3289
479
1150
2285
836
1837
667
640
400
818
1617
403
1240
2484
2996
2966
28
2127
2394
731
3281
3482
676
1463
3494
658
2178
1254
2141
1793
3744
1044
2605
3296
2939
705
3271
2075
1744
143
1473
3605
427
1009
3820
1578
851
1622
1745
1904
3250
3704
2915
3134
662
2689
1714
1497
1282
2039
3377
1880
691
2233
1132
2950
1465
3790
2055
3872
2428
719
975
2769
2753
827
3154
114
1492
3835
3592
1801
2536
2087
2885
476
903
1836
130
422
1599
2625
3735
2198
124
535
3333
1551
3058
1958
1758
2076
2784
958
2074
1777
909
3541
2076
925
2807
2707
2743
2540
3415
3101
129
3959
699
925
2991
3152
2889
777
2823
3678
1012
102
601
758
1503
2166
2137
2363
2706
1927
3252
3225
3726
1776
3714
270
2720
2055
2546
2243
3306
3964
374
1413
1389
55
2263
3454
2798
466
3317
2646
2613
1802
3969
3239
3174
1407
138
3038
2812
70
2034
304
3639
821
1301
2938
3333
1895
1536
2263
741
1924
385
1837
992
3360
3117
722
321
559
3532
2072
3580
49
964
2775
179
2460
2224
1987
3338
2092
2899
1728
1497
661
1558
1185
514
3575
2959
676
3573
2131
1138
3044
2142
67
3329
425
3700
992
2889
3837
3820
2868
1695
767
3320
2615
3394
379
520
161
927
1145
2919
2439
1916
3057
3850
3950
297
2179
3097
212
815
379
120
3847
2037
1794
388
2454
2819
1646
3712
644
2997
1698
575
2689
1928
1526
301
2068
2839
3982
2842
1661
1774
3063
298
662
511
2755
765
2471
2296
1885
3979
2913
2523
1702
2989
3482
2434
3775
3210
1444
1594
852
1149
3698
3738
2391
170
3389
180
1727
2500
2715
1371
2683
2597
2934
683
2062
1956
1664
1643
2536
3245
3440
407
2085
352
3191
1736
777
285
2616
558
184
2018
2194
1916
2168
3500
3806
2298
1753
1636
3564
67
3724
1641
2052
3669
3983
1227
3439
3571
437
2712
990
1635
1186
806
3265
109
433
1165
217
901
735
1166
3856
2987
2092
356
2261
3046
2454
1790
1298
3281
845
589
1177
1511
3034
1171
2851
1355
470
3241
347
1505
1018
818
1630
2304
1981
1915
2401
3335
2248
804
2540
3794
1252
2914
1601
853
1860
2228
3969
1117
3926
1846
3178
1553
1527
302
635
3886
3914
2833
2612
1373
2030
2300
2081
2409
2806
2880
2152
3808
2346
638
1747
1325
1949
358
1842
3522
85
2270
575
3092
593
1673
3952
3531
3276
318
356
1031
3336
618
1575
3460
1844
2104
2595
3859
2511
2266
470
2073
3279
881
1872
1182
3155
1902
1274
576
2375
2109
2706
937
3763
2795
982
3330
2257
420
2997
2508
1285
3772
1830
228
1781
3850
1617
1251
1945
3712
2673
2531
3873
2047
1328
3670
1691
558
3462
2070
1274
228
1415
3382
3936
3206
1206
3891
2485
1731
1875
2857
2249
1010
1156
1907
2670
1459
3942
303
3736
26
296
2545
3210
1196
316
1221
430
2411
565
1767
1885
2657
336
1633
962
428
2090
1343
225
1091
2845
1217
2008
2617
77
888
2042
75
1135
1198
2986
2477
1696
1602
3129
279
3972
2971
3849
468
3024
3477
532
1263
1831
2805
321
3124
1998
3758
2571
1000
3999
3584
238
2468
2253
3535
2468
920
3619
2726
1366
1788
637
3795
1260
887
454
406
877
793
1256
1656
3562
2914
2518
1101
1469
3420
1974
3845
515
189
299
1110
23
1645
2531
2424
1431
807
891
3010
3243
2496
1663
392
2869
179
3407
2230
3243
2210
2974
1015
2187
3252
599
2242
2176
2476
3798
1284
2020
1158
1460
686
3824
1328
2714
712
2197
1759
3665
3761
2089
2878
1143
68
1410
240
3079
1765
2129
3313
3440
1198
3865
733
2652
3773
1251
3724
3173
1912
3960
1866
1298
3339
963
3265
51
3929
2219
1283
3414
710
545
124
3034
655
3289
2008
2259
2704
2108
1362
1371
109
2068
2256
1294
3571
3534
3672
3993
2362
2151
3463
3515
3056
3338
509
3622
255
972
2971
3681
3954
2298
221
40
1839
2581
273
1946
503
3536
258
324
1772
617
765
3367
3992
2034
3651
129
3350
3846
1388
1652
3123
167
2719
66
1234
1445
3776
1933
3206
3755
2048
2244
2102
3763
2958
2759
345
952
3359
3003
2833
453
2786
683
163
2279
738
1604
3069
3536
2259
502
1015
3254
1354
2466
107
500
3069
2105
24
500
621
1203
2141
1453
2869
1120
3573
1297
1011
3105
58
1798
1655
1877
12
1971
1607
3760
2709
922
72
3222
1164
1745
3546
2711
304
3743
1601
3891
1940
2779
1149
727
1053
3535
1613
484
1954
1801
3270
2747
2124
1305
2612
2970
1870
1863
3030
517
3233
1930
2462
3787
2083
1114
1852
56
913
2328
2205
619
181
2621
2632
1700
1403
1642
1700
3270
1143
2079
928
889
3903
2766
3947
3658
494
481
2534
1044
3479
3205
1434
1624
671
1200
2313
56
3807
1720
3797
3720
1516
7
2763
2482
1553
149
3253
2682
175
2346
733
2321
2349
3848
593
2838
2279
1572
2199
601
1836
3221
1953
2301
2161
1724
2260
3613
323
888
2965
1717
671
3306
340
1520
1826
1151
51
3115
101
425
1388
3523
2216
2350
3909
672
2741
1674
1671
2507
3302
869
1278
3622
3162
181
1865
2759
2964
1316
1278
2042
3475
3118
3822
2965
2200
3295
1101
3846
2534
821
2307
622
2116
3699
3589
2139
2037
1458
3787
2722
257
1318
3885
2261
3575
2407
658
1065
2466
1698
986
3134
1455
3200
717
2326
1986
3275
3112
3410
1400
3248
2001
2703
2424
958
1462
2363
1680
2217
2599
3012
2976
3332
1761
3624
3021
2485
377
3703
2657
3120
3790
3442
850
2339
3412
2065
1876
79
1305
2872
2147
3765
1335
1548
1413
1696
183
561
2890
735
3057
191
2598
3754
1765
794
1062
2241
873
3198
2945
619
1166
986
466
1129
2502
871
1384
2000
1494
339
476
767
1981
806
2576
2150
1690
2444
989
3414
1854
2325
1476
74
3336
557
1612
542
3277
717
1940
1031
2958
1387
3231
359
3116
3438
1895
3699
26
253
912
2700
2479
672
1915
710
1356
576
1394
266
685
571
2973
453
3332
2234
73
329
89
1326
1781
286
2915
952
1709
3359
3834
2473
2236
1812
156
2521
2036
814
614
713
175
1316
2598
824
227
323
3222
2315
3164
1584
836
715
1227
2625
2947
2035
2796
167
2291
1014
959
3617
410
1575
1053
2071
3447
3955
985
2949
1419
1060
1930
80
1687
2899
3798
189
2588
1273
3726
2970
2991
243
1327
756
3620
3587
2061
637
340
2670
3826
2249
1476
2296
414
3998
1784
3276
79
650
1383
950
384
2136
2171
1845
291
3594
2715
3702
370
1527
3124
1934
2569
2828
1516
339
2099
1840
799
904
2148
196
1230
2312
3337
1065
516
833
881
2053
2784
722
1326
3111
2876
3792
1912
3175
2309
2444
3013
1884
2525
1294
3789
3680
360
3627
2821
1324
762
3959
310
2599
1782
1786
2265
3101
2219
2729
1917
657
2493
1851
3932
605
176
1060
1267
2546
1754
758
234
518
1584
2418
3404
3939
68
2255
1705
2193
2719
2753
3141
1380
1956
2391
1153
1540
1140
2234
1731
3366
3146
2045
3071
978
2955
2537
2887
2496
1793
2303
485
322
814
1992
2697
732
3884
3341
1131
1686
2673
3189
2568
2490
595
3756
3250
2588
3755
3311
1036
1907
3397
2561
2570
3227
1975
719
3845
2791
162
419
2040
3872
3586
201
3300
1598
614
2138
2223
2073
2180
2443
1321
1937
1622
392
1538
596
3074
2781
1350
2183
2479
142
1918
3742
1106
519
3863
2831
623
1318
2153
3761
1979
451
1898
802
1890
2584
930
3950
650
641
2056
244
3255
2403
66
269
3821
161
3092
2126
3018
3922
3125
1419
3992
2091
3979
1805
2204
3548
1808
1384
3735
1127
2700
1551
2781
2665
325
1847
2799
290
3916
1398
2932
2224
611
3169
3998
1946
403
1512
2193
272
2999
1202
2177
2961
3228
1493
974
3454
3584
2240
3425
3446
1481
1864
1139
2754
756
481
2446
716
1013
74
2473
2919
1150
1178
2233
2497
560
3663
1633
1523
1499
3795
3742
1869
1084
1095
2966
409
2961
3717
2945
959
3997
87
1969
747
50
2409
2399
1748
3886
3707
2747
2732
3268
1807
2916
1822
2290
3129
2828
896
1597
2774
1255
1866
3617
297
505
2071
1449
2562
869
1337
1840
1763
3400
3102
2665
2523
46
864
898
1918
2622
2519
205
1446
3732
2916
3674
515
2791
2015
1168
465
3587
940
3533
3313
1093
3335
3499
3494
3530
2197
1917
3447
2307
3473
2086
1433
526
972
3707
1957
3112
1283
2269
1832
1845
2755
1343
1520
420
2228
808
3184
262
1420
1856
198
2500
1778
3314
937
2181
135
621
2103
2049
2265
1066
142
645
3806
807
1647
634
820
2705
565
41
2270
1826
2622
2722
3499
407
2868
743
895
1719
2210
242
1408
2773
3394
529
1212
1372
72
1171
1888
1241
296
286
3509
163
3070
2348
2544
242
3817
440
3623
1790
1129
3629
3367
2139
542
23
955
373
2187
716
3606
1267
1256
3390
3869
786
749
2714
3829
1523
3915
1446
2240
118
3673
226
482
994
195
3403
41
3503
2996
358
3551
1114
1844
2136
566
12
1448
3505
289
3199
3946
2857
191
832
1887
1430
2660
2489
1077
973
1975
1787
1713
211
780
752
509
1233
643
236
907
3303
1344
365
2660
3357
1124
3105
408
3580
3856
197
482
931
3727
3408
2614
1748
1538
887
3309
1196
1431
2568
1502
3309
3409
3972
3879
1532
3320
273
3500
1627
1080
197
2876
1069
1411
3920
527
1546
1257
749
3583
1403
1103
237
1652
2774
2275
2643
730
3988
3530
374
2903
998
1850
754
1004
2959
2214
3079
1086
518
3389
1100
1794
1691
3936
2893
1758
2788
419
3815
2411
2688
1965
737
1989
2446
3920
2138
3996
779
1076
457
913
2711
3329
3479
2601
2065
117
2878
3844
3293
332
3207
2463
276
2133
2549
827
2048
3241
953
1687
3239
747
1859
298
2880
3586
1576
971
1680
644
926
1493
2785
3799
426
1639
708
3282
873
3339
1012
1792
3314
1492
1530
1727
3216
3430
1302
3103
238
813
49
2885
686
655
131
2078
981
2968
3075
3503
523
2049
2976
1168
3943
1717
3213
3666
2462
221
810
338
3774
1526
1165
1954
1108
2832
416
920
1185
2646
3590
279
320
208
1585
1939
766
2662
633
1589
562
475
842
1855
531
2229
474
2323
776
3445
3437
1524
1586
1439
3259
3469
1567
1819
1760
584
2384
1416
3246
2727
2901
865
2264
3709
2752
1317
1672
2509
2635
801
2756
1396
3138
2813
1331
1365
2515
1803
3290
246
3468
469
550
76
467
2608
1314
3299
2969
2175
602
2640
736
654
704
1071
569
3170
2398
144
501
2946
3217
3384
396
411
2634
1931
2033
3899
3053
541
3549
2419
1486
3599
1817
3158
3292
3466
3601
2861
1739
1843
145
1142
1562
530
2943
1813
1941
2395
769
772
1827
1466
3875
108
284
2396
3076
785
2294
3874
2593
1368
1947
2894
711
52
2336
1236
1054
3167
1073
768
2837
1592
3610
513
1037
3793
2107
1028
3378
603
1962
1871
554
3485
681
1427
3898
2862
894
3555
1618
1552
3247
1529
720
805
2190
174
744
3719
3371
178
3614
581
856
1883
2376
2548
3119
2063
2026
3421
3286
3497
404
391
2388
996
307
3426
3721
1309
2701
1862
2803
3664
574
2650
3429
2044
3369
3151
2027
1733
987
1799
477
1901
977
3417
97
3568
3711
724
1488
528
415
3506
1573
1232
3180
2555
2728
586
2276
3519
2051
1461
1704
552
3386
1608
2981
2273
3975
3854
431
2757
2678
725
608
3419
1045
1300
1948
1991
1804
1027
6
3813
2064
1246
1
1307
200
1191
333
656
1892
380
695
3488
1886
1247
3150
2461
942
3208
1261
3695
2057
3653
2585
1906
3066
3940
3423
2069
1894
1184
4000
2717
3747
3833
3113
381
1228
3095
1229
1964
2293
773
2524
21
1002
3691
3172
300
3550
3083
3888
2487
1291
2472
1111
890
3723
919
452
3260
2881
3375
594
588
2674
69
1533
664
3582
2169
3153
1211
800
1134
3449
2282
27
3142
3344
2843
295
2366
2450
3796
1985
45
2370
92
1348
3737
3928
281
2573
3994
3093
1296
3104
567
1762
1347
1997
3376
2268
1565
1518
3777
2158
3122
3493
1679
2067
2936
389
3544
908
3145
1107
1194
3269
2128
1858
3326
826
3073
1272
1626
424
1292
2120
1336
3331
1978
1632
3033
726
2050
3059
2475
1032
1513
630
375
1746
3867
1173
534
19
991
677
459
2864
387
631
1849
3766
355
984
2225
3883
1016
105
3906
3626
1421
112
3609
3351
3728
1377
1281
390
123
857
2144
116
2630
1514
1422
2347
3388
3949
682
839
2710
3431
1708
3096
3054
1666
3783
3713
2737
3385
3368
3220
3055
3443
3362
3235
1207
1352
3480
2442
866
835
616
3729
882
2725
2846
3237
2208
2431
2620
687
2516
834
843
1423
1825
213
2159
3374
1982
326
3002
2299
3297
3595
3853
3667
3838
2330
679
3764
1596
663
1192
3487
1649
3578
1064
3569
2318
1703
1564
447
1620
3608
1199
3230
3660
210
2311
3472
1441
3328
1219
2002
1391
2393
2095
1766
3621
2751
2185
2739
3804
1126
209
3461
2146
2157
1479
2520
3525
3108
1333
2305
831
1113
1082
1662
1963
3043
1543
1721
1451
1921
2017
2963
2360
844
2459
82
2696
115
1952
2006
2810
2019
549
2848
2921
1795
1265
1816
2333
3529
3177
3861
673
2427
2093
1668
2135
2329
2777
3938
771
3249
2054
3520
2467
1382
2644
1289
1785
96
2483
860
3372
625
3396
2870
1942
3157
1401
1959
1539
961
2681
3554
2022
14
3904
2374
3598
783
2859
3510
1081
858
43
1605
2699
3602
2822
1322
2988
2770
2730
1358
2790
1658
3334
42
3130
3779
1729
2080
1026
929
493
1269
1154
757
2420
1569
2189
83
3287
2173
3730
2789
2184
1237
2892
1341
2801
1070
1657
3539
95
3087
1275
607
1225
2382
3127
906
386
88
1253
1507
3413
698
1052
2718
886
2023
2767
3540
3537
250
1090
1089
363
2736
2610
1442
3900
2123
2392
1712
2077
490
1771
369
1128
1534
880
1118
1711
2429
344
2733
626
2685
1730
1638
3895
822
3383
3636
2438
3858
2449
3356
2192
2792
2386
460
127
100
2421
1828
2550
548
2345
1582
1029
155
1545
2251
2589
3398
544
2671
1417
2639
3363
1097
2011
348
878
2905
2680
3418
2426
1205
3912
1167
3980
2317
1187
2024
2554
524
980
2510
2877
254
2902
3976
1707
193
1280
3676
3489
1616
3272
761
2377
429
1653
2445
3581
2855
2118
753
1995
2186
3911
3512
1218
2280
2956
2111
2928
795
2879
2182
1063
2556
57
2432
2262
275
1899
1092
3966
3689
3889
1629
160
137
3089
2602
219
158
458
1881
492
366
1955
947
37
1245
1146
1041
2925
598
2512
343
3748
1734
763
2768
2486
3897
668
417
3496
2324
252
3203
8
1160
1579
3655
2935
3696
3563
900
2156
2552
3785
3458
3840
327
784
3448
2994
1159
3560
2495
3572
3842
838
287
1889
2764
2506
3190
1510
2547
2272
1075
1900
1426
1929
1287
1357
1689
533
3100
489
916
2238
3880
478
2587
2215
2383
1841
147
3007
3192
2284
3951
1310
3402
3981
134
2749
2410
3343
1773
423
3516
2873
1489
119
39
1972
3827
3745
1737
2772
122
48
675
3214
1119
609
33
678
3944
770
999
696
701
680
441
1651
3611
830
3219
649
914
745
3132
3693
510
2827
3323
2604
3757
812
3722
1180
2031
2302
2417
1474
1197
444
2122
946
1402
742
1074
259
3380
1290
702
30
464
125
1163
418
868
3805
3962
3284
1370
2526
3593
312
3023
2867
2110
60
1500
2906
1133
1621
1654
1903
2207
305
2527
3405
1919
3630
2825
3561
2358
1749
787
3625
3984
64
2858
59
248
755
3860
3945
669
1193
314
2082
3352
2690
3925
1258
267
846
2274
3110
78
2875
1055
3258
1835
1648
995
2641
2911
1137
2415
11
892
480
1033
2909
1023
2113
3451
3025
2891
22
2638
670
199
3910
3708
462
1096
689
3001
3685
728
2972
3690
2609
203
2904
2402
188
2331
2583
2917
547
1897
204
3941
2944
2844
3182
1631
624
1568
3364
592
837
3887
1922
2232
3347
3240
2957
13
3751
816
1968
2814
750
1386
3393
2145
111
2910
3195
2679
2765
1606
546
951
1456
796
897
495
3618
3047
1484
1678
2948
939
2830
1061
817
3697
3552
910
2762
1905
3633
3340
3650
1385
938
3819
1208
1984
1833
590
1210
2222
2559
2404
1577
3521
2389
936
2514
1815
604
2952
2882
2341
3566
993
1911
3032
1988
3080
1264
2672
2860
3501
1550
917
2437
311
3862
1432
1087
2985
1882
969
172
330
3014
401
1669
2853
3657
166
2560
337
308
2636
957
2250
3836
2745
3791
2289
3244
1047
2582
71
34
249
2464
3814
1021
1136
2201
2513
3215
3733
450
2998
1040
3288
3324
349
1561
2649
38
847
2871
538
3576
3612
3631
350
1528
2723
789
3935
2433
218
17
1983
2931
3518
3718
3668
3428
463
2654
3036
2748
1566
3019
1051
859
3870
714
1932
2130
3953
3392
1381
1123
2143
3005
3570
47
2412
3855
1715
3401
3585
1435
1169
1593
1038
659
3035
2457
3435
3921
2320
1688
2984
1088
10
491
3643
1395
202
136
3646
1104
3126
2888
3224
232
3040
2501
3081
2094
3345
207
435
3989
3778
449
1375
1853
3187
2863
3312
1286
3558
3924
3301
261
1491
1625
2804
3557
3004
2698
1611
1977
1873
3137
1046
536
2465
563
718
32
2645
2923
3
582
2933
1450
1067
230
848
2452
1480
875
139
3684
543
2066
587
2481
2499
564
3644
2209
2115
1482
1239
65
3543
2811
1404
1058
1457
841
983
3734
1216
1531
1102
3866
2117
224
2390
642
3490
556
1796
1268
1464
2046
413
2721
861
1740
2455
1867
2400
2337
20
3188
2387
2954
1910
1610
471
1783
405
2355
3740
378
3161
1936
245
1068
1926
3786
3464
3171
1334
2793
1424
2014
2498
690
3517
2841
583
1485
2535
153
2480
2694
61
1183
328
1791
2308
2563
3242
239
3527
383
2659
36
3176
2361
3201
1223
2750
436
3006
651
809
2235
1868
2633
760
2202
5
3234
3604
2578
2852
2661
2029
3987
3048
283
1554
1397
1644
3894
3085
2603
693
1574
2912
2226
1487
1896
2025
3316
3478
3753
3353
206
3682
2817
949
2196
1195
3355
1406
394
1990
2149
455
2542
1112
53
3877
1152
3202
3654
3731
3084
2007
1174
2352
3607
2809
3559
368
3715
2373
1181
99
1332
2292
2532
1557
902
1243
911
3649
1637
2850
2174
2032
3973
652
2365
2246
3209
264
1224
1595
3163
1780
168
1490
1515
2097
54
3990
1190
3504
1266
792
2782
2160
3628
2239
1811
2220
1204
1323
1017
2058
3467
2606
960
2165
154
2101
148
2579
3194
2577
1615
2530
3770
3686
1320
157
2368
2953
870
3957
2522
2744
1973
2098
647
551
3616
1188
966
3109
3381
3596
2907
2340
2884
2647
483
3908
376
2771
3991
3567
3574
3851
506
1693
182
2623
3342
3930
1035
3864
1179
1498
371
90
1768
3832
2929
1024
3978
636
1454
1378
2344
3917
2351
3039
1349
723
306
3452
293
2590
1806
1161
1470
3041
948
1581
1496
1330
271
151
432
63
3739
3603
3211
3759
976
4
2283
2572
395
1312
2675
214
3919
152
1560
3547
2172
141
1685
2734
3008
2338
2041
3148
1818
486
874
367
222
639
849
507
3679
1437
620
2252
2760
2742
3015
3508
3823
612
2286
3579
1342
3483
2335
1303
1591
1681
2951
3160
3052
3212
923
2059
2758
1587
3135
2456
674
2539
863
1405
1315
1814
268
2611
233
2060
811
1943
2541
126
1155
3064
3028
3511
665
3810
2834
3453
91
2686
3652
2119
235
1007
3310
1994
1288
2043
3027
2624
1295
803
3896
2567
3831
3422
3683
1525
3140
472
1535
2619
2533
3839
876
572
3273
2574
3088
1590
488
1563
706
1544
1361
2922
3223
2557
1571
1570
3995
3427
2164
1440
879
3868
613
2993
2658
2448
3406
1170
3637
1537
3114
247
791
934
278
2435
94
1779
1522
2691
2203
3274
2618
2847
1742
1504
2213
3298
788
3809
2962
3642
3465
2021
1409
1238
1478
597
3802
2004
2865
1580
1144
2835
1923
146
1797
1176
1340
3600
2551
979
1414
3986
2372
970
2982
1838
2342
2278
1043
585
496
2708
1966
177
2896
2332
1008
3597
3456
2626
3818
3348
1374
2829
2343
1914
1215
313
1304
439
2808
632
2724
3577
3767
2478
3147
954
1722
2245
1392
140
2106
935
1209
3977
2310
309
3905
941
2735
3750
351
1909
899
1399
3878
1468
3974
3918
288
1879
627
3635
3106
1951
553
2648
1726
1944
1775
1913
3902
3470
2125
3931
171
3486
1022
3901
2016
1541
694
2474
2378
3659
1438
1276
334
3893
2170
3956
1810
697
1078
3149
3094
2405
3263
3801
988
3632
2425
1495
3168
364
1961
3031
2941
1750
1755
382
354
103
2084
2297
35
1279
3077
3325
2413
104
2628
1048
2353
2684
3165
2038
3017
3262
512
1019
487
3542
3852
3746
2154
797
606
2369
3816
3411
1109
1718
2926
164
1706
1699
1757
3528
1042
2667
1003
1039
2364
2505
2385
2918
3322
2492
1338
3308
434
1471
84
1271
1935
2746
282
2422
113
2553
1360
2231
1950
192
2381
3677
1220
2005
1483
2596
2206
2738
2357
3882
1743
1834
867
2854
3970
2503
703
2416
3098
1436
1752
2937
2436
3645
1600
2406
1293
3011
3495
2012
2716
1716
968
3432
1891
504
700
3433
1908
185
1920
3278
3961
3291
3000
3968
393
1130
3251
646
555
3261
132
1682
1556
3871
62
3285
2883
2663
3082
3183
1059
1999
1115
3294
3037
497
1345
1800
729
3780
1428
