4500
3832
3205
3406
4081
3188
2851
4358
4386
541
1108
1838
639
715
3445
2271
127
1865
4459
564
2726
1946
3921
1618
3119
3786
1648
1827
2867
2870
3278
3966
2781
878
4464
1246
3135
2390
1148
2645
1733
4433
22
3036
3639
227
2456
1620
2690
1721
2121
4167
3824
1696
972
4466
2792
3866
1035
1939
25
2753
3967
4068
1819
3758
2970
990
38
2701
2712
1855
3141
2263
2550
1314
3296
4480
2129
3706
2480
377
1114
175
3259
2194
1326
3424
3134
1919
346
1397
2806
3991
4467
3435
2628
3820
224
4008
2492
1689
4121
3361
4347
1924
518
904
3038
427
73
1872
688
1407
4247
1503
2013
700
4250
80
3303
1475
2916
2163
3687
1775
2423
123
91
288
1379
2476
538
3696
4309
3415
873
336
4264
3471
2324
3142
3095
558
3950
3814
2937
871
2312
3046
710
2223
4355
1978
1968
2168
3060
157
4022
263
1724
4339
1257
2417
1055
3052
2410
319
4384
928
2730
4427
2982
2910
1665
2209
4377
1284
937
3399
2952
231
385
4298
47
999
1611
951
452
1678
4098
144
217
2264
545
2067
1686
3083
2412
193
3317
3589
3594
3458
3609
4381
348
3090
206
3354
3452
3518
3648
4135
3892
877
1170
2389
1992
3741
2790
4341
2445
752
1327
1777
4316
1000
2436
79
2572
2777
417
3076
3470
250
4394
589
1903
2321
1846
2138
1499
3024
3122
411
759
2739
365
2233
362
2091
3087
3006
1032
2144
2911
1684
2093
1116
1795
1837
2290
3982
1926
2413
3028
1364
1772
138
683
3555
2675
1406
2841
1112
4153
1867
3258
1054
2813
220
1312
1645
3022
3216
2314
1976
1723
381
4101
4113
453
2414
1858
3708
1810
2897
3857
593
2123
2298
532
887
2680
4482
4425
3900
1330
1801
3717
4469
3242
3605
3703
3626
3025
3725
2045
2605
2945
296
442
471
3993
1573
2425
2051
1726
1286
3229
3688
133
86
1383
3843
1239
4295
1938
21
1690
2830
1192
4192
3358
1557
1151
521
2388
3651
1144
2208
583
163
1142
3161
2562
2616
3301
2868
1180
247
2405
2609
1010
1459
3152
3321
2462
2979
314
2319
3163
2620
4344
3686
911
337
3641
1538
399
3676
3947
269
3902
1769
4093
1152
1782
992
2134
3668
2534
3742
2889
3037
4125
3663
1578
3805
3433
4254
896
1320
1936
4168
2700
2948
629
2231
1935
567
2338
2491
2155
3698
806
2736
3691
1303
3085
3344
4038
4270
2145
693
2899
3190
3800
3949
4277
1646
1667
1097
2991
1271
2143
2852
1650
2453
3612
1178
1532
4279
4363
3683
2894
1296
4251
677
1188
3456
3919
843
2539
3656
743
1424
3483
3495
3148
1609
368
2071
3438
4327
3373
3269
1876
3187
2859
1828
712
126
3773
55
4027
3745
4353
4124
3879
4131
3042
4334
3868
2801
2709
1251
1266
3661
3876
1464
1599
2200
2872
2808
2239
1256
4497
395
645
467
964
4162
1448
506
1260
1679
2891
487
1095
1308
2728
3476
3215
572
3671
1357
2078
3519
1725
1562
2039
3098
613
2666
2474
2478
2710
3515
1952
2370
2460
3334
2762
4306
3252
2814
1026
3590
2282
205
2020
1195
244
1230
3874
728
353
1701
3238
1507
2964
789
2905
3985
2681
2112
3057
2329
2723
3873
2586
2947
1713
3948
3888
1176
3679
3282
3911
2748
493
170
2098
1811
1625
2372
1290
2630
268
4188
28
3634
2167
1454
3494
150
1941
694
3835
1915
1337
2770
4235
1556
3840
4492
803
2949
2536
2933
2494
529
517
184
948
1639
1221
3751
1630
2115
3869
251
1011
3189
960
4237
131
891
188
2060
1844
2662
818
3330
1236
2596
4211
2342
1147
602
3383
2450
575
2951
1025
2554
2162
3944
902
814
2457
829
3084
3767
3323
4462
3312
1841
1373
669
2804
1541
3414
3905
2340
483
3426
350
2111
1287
1796
39
356
956
2170
2591
3576
4074
2838
3450
4103
4372
4014
920
2618
2348
635
3697
3788
839
615
1981
293
1787
2594
1655
4161
4278
699
3492
1531
2307
2823
1586
4086
2014
4275
3897
3552
1442
3293
4354
1955
1533
1470
4337
3931
3020
1568
2685
1493
2920
4491
4342
2875
4215
945
571
1356
4301
2944
2635
4064
2845
2387
425
519
2510
2297
3643
1109
3556
1694
858
599
2346
1186
1489
406
2000
3245
4157
2032
2070
4375
1158
2663
194
1491
2384
2190
3636
2793
3488
3110
96
1842
2007
2528
14
1234
440
405
60
804
2352
2019
906
3678
3848
4410
2116
3213
2133
2347
3453
1185
4186
925
431
681
3405
2464
1342
4016
50
2928
3715
3333
820
1519
1675
2072
1077
129
3000
3207
1434
3959
1136
4494
3695
3665
1169
1363
2096
1301
4151
2582
581
3018
1899
1940
2173
4300
333
153
3294
4332
4470
501
3945
204
107
4305
740
4031
2181
2156
734
4453
1480
2001
4227
853
950
4266
1404
3009
2927
4454
1882
874
1709
2094
2829
3014
1514
2497
4486
2678
3302
1076
4018
2984
3108
3631
3544
542
1732
3675
2002
2203
3904
3407
3225
2463
49
4150
62
4097
903
2097
3961
1137
3878
1083
3595
1243
1522
3953
3559
3336
2504
3201
3992
2915
606
4132
2714
3166
1917
985
426
3803
3770
2825
273
2443
4294
539
3001
3158
1388
3579
2021
1074
942
1066
245
1502
3288
1385
154
777
3766
2031
2049
3567
394
968
855
1774
549
1362
2805
2017
2822
3460
1483
45
2036
618
1692
3942
2658
326
4335
1316
3370
556
2253
41
2676
71
492
3903
3613
1118
2771
2240
3170
3588
1293
149
4154
594
3308
534
1382
2006
1771
3394
4426
1225
219
4172
1446
2215
598
1972
883
3211
2918
2035
1843
4003
3974
2973
3262
1881
1351
2230
2746
3927
651
3372
2914
1348
3709
4224
262
3133
2589
590
1175
2317
2519
611
861
335
3756
6
3910
2655
74
4471
4100
503
917
3400
2153
2946
4330
3191
1377
2843
1029
2906
1207
1587
3140
4420
4201
3797
3292
3670
4391
3276
4044
3444
530
1904
577
3798
2776
4329
2479
1333
637
466
4271
3659
42
3077
3389
3351
3755
3674
196
3086
2258
711
4255
2399
691
2556
410
1335
1520
1908
1299
2174
1672
3917
3941
2328
2365
3156
2542
1253
4194
1932
4312
1669
3684
4078
1297
4478
4174
1730
4417
1336
794
3277
922
1748
4439
4199
3736
2929
4102
1612
1128
933
1719
1177
1930
2610
640
3101
3505
2364
4322
4432
321
3943
3712
1488
2451
412
3846
2766
857
3510
4011
2468
1210
1957
242
1644
2486
1262
2644
1517
372
4422
2707
2427
2294
3200
174
2588
1742
104
1651
981
16
2831
3271
4144
2489
2614
2391
3204
4313
2785
3898
4404
1390
3954
736
1875
4047
416
2341
3281
3300
4052
2218
3143
1020
735
2795
3637
3475
4116
2515
2721
3289
3907
811
2731
143
145
761
3926
1691
1237
3603
2374
486
610
3752
3341
4392
2488
621
2836
4385
4105
1616
1005
741
2022
3240
3183
2180
1216
1989
4244
3763
910
1121
3417
953
4447
2206
2824
1900
2590
1274
2244
834
3186
2227
4390
1516
1079
3011
3273
4276
12
3704
2657
2027
1211
4361
2300
315
897
2202
690
828
3418
3777
656
569
1758
1495
3401
3972
2461
4435
4118
4149
2671
554
1985
3449
1937
1790
1247
3080
1902
773
2283
2037
2903
3279
1561
2902
2637
3783
2028
497
1443
1605
2309
1999
3546
1080
924
1405
1345
2402
2686
114
3607
2969
3877
331
3118
3468
1920
1826
93
2757
1705
355
2083
1329
2339
1423
351
810
3295
4025
1219
132
783
1033
2142
2864
4243
1864
4292
1429
664
2672
1258
310
1871
3602
559
2432
1805
1878
4236
862
1776
2537
317
3739
3572
4452
943
3251
2761
2154
1202
1298
1718
2652
1847
934
2994
2775
2612
957
1546
2176
3759
3541
3955
3825
3597
2828
3501
1559
4320
277
2531
675
2547
676
1078
3032
1051
2272
4396
3332
3139
1468
649
1084
1982
644
4065
1039
4061
1623
913
847
1255
414
2738
117
4230
3551
4402
4085
383
3228
662
784
3711
1971
429
2053
2653
2818
2654
2923
2597
3162
2780
867
297
1179
4170
27
3217
2222
1794
4030
479
4076
2455
1552
4195
1372
923
4356
1821
2551
2769
3543
2237
2179
4273
1576
1577
3615
328
387
3267
1792
1420
1371
2983
234
557
4087
216
4057
4423
1191
2318
3173
3363
1165
3075
3112
3760
4388
2576
2837
4274
3382
2544
3266
2042
1666
1770
4143
2525
1324
552
1306
478
179
88
2778
3818
2400
1101
2649
799
1328
674
2855
3374
718
4304
3174
2729
4145
4050
2669
2980
303
3384
2569
3222
3064
854
2420
2477
2421
1400
1558
2975
2148
238
1460
40
1567
1783
190
4217
1637
136
2543
1455
1933
382
1820
3126
3243
4041
4414
1751
2304
614
1747
3853
2246
707
1252
3005
2720
2280
505
2704
4080
424
3040
2624
4010
254
2540
3801
2250
1140
3402
1995
2880
4475
1439
4359
1365
1894
2220
2541
2251
1452
701
3129
2473
4156
3390
608
3737
2439
3079
1579
160
2149
3890
3561
4032
3069
1093
3466
1817
3172
4496
2449
3690
3836
3724
3235
2214
705
1107
3377
485
171
422
2764
115
1676
686
2249
1862
2066
3103
770
1153
880
2533
1975
2500
3219
2302
43
2048
3234
3290
447
1564
624
1977
3960
279
2226
2692
1535
2062
1044
3822
3157
3764
2184
1528
72
2885
2326
3493
295
3550
3517
95
198
3232
1524
3241
3593
668
3821
4415
3946
1065
876
3227
1206
2107
3606
2243
544
1823
1907
2275
2404
1300
1515
1130
997
1259
2356
489
774
2369
533
4350
360
3909
1311
4321
1355
112
3198
4267
2673
977
984
3549
2917
2076
566
4336
1068
3672
2577
396
3487
1760
4020
1037
1788
709
4
622
1954
1184
3722
4179
3392
3535
1834
4225
3925
1808
703
4138
2429
3030
3124
449
4119
223
3624
2288
243
1190
2061
612
4242
1544
1708
2545
334
2444
4416
1856
248
2786
1264
1688
3304
2224
3851
2691
3116
20
1604
3996
3044
800
844
2406
830
1233
2075
106
32
2768
1012
4498
2656
1272
56
4285
3817
1017
300
1536
1341
1945
3872
4365
3145
4141
823
3244
1492
2642
3957
2682
757
3533
1387
3828
1209
1542
595
515
1700
4473
2335
323
1162
2684
1050
1496
1045
2132
2059
1716
4191
4333
1201
289
3638
1711
2989
1047
3091
3685
3485
4013
1973
2034
3958
1498
2874
619
721
1831
3812
3439
2082
4476
3063
4089
2759
2409
2833
641
2737
2268
2992
1048
4088
162
3364
2255
2611
3151
122
2521
2331
4252
84
2557
4455
3867
3862
2269
1486
866
2789
568
1877
988
4260
470
1106
3693
1425
2559
713
1009
1444
747
2755
1474
687
3442
420
2821
3587
2742
3882
2865
1699
2908
1338
120
2126
3403
1512
75
389
2626
1117
4289
1428
4259
3107
2213
4164
1391
3454
1394
3997
4017
3596
1070
2896
100
3585
899
1135
4216
1964
3355
2296
128
3628
3845
46
4346
344
461
3397
4290
26
1893
435
3775
1767
1344
1276
3448
4400
3940
230
1154
2125
3530
996
182
1554
3986
2010
620
666
1339
3658
2081
4082
2938
1003
3097
1275
166
24
2664
2422
4060
4203
4185
3789
3664
508
1944
4331
3123
1863
280
3522
2783
3393
3939
3581
684
546
3499
2832
3408
1283
965
2925
3880
3913
3353
3841
2871
1139
1060
3385
901
952
2004
3743
3368
3490
2966
2490
2415
1626
1549
2371
1445
586
826
4406
976
2847
991
870
33
302
1125
3570
3061
1089
1984
863
2842
1451
527
3547
3582
630
3968
2802
3082
2650
1740
1509
3131
3728
2807
52
682
225
2055
4411
653
2922
3185
1155
3285
3562
2998
3440
2325
1450
1462
252
2306
1914
3310
4209
958
2104
604
1111
1832
2621
2683
4318
3352
665
2057
698
1395
753
2394
473
2895
3127
4443
1289
2254
1133
1071
2377
474
1435
1433
638
3117
2799
2529
3008
3115
159
3784
1958
2608
2869
4058
366
916
3206
1553
2376
2758
3583
3769
1570
1990
2659
3707
325
3720
1310
141
2879
7
2084
1887
313
2727
4177
1743
3067
3072
3249
2809
2921
2858
2694
1086
1590
3875
543
1825
4371
77
1521
2105
1901
3646
3136
885
257
3524
2839
4246
189
4395
1007
2716
4328
4056
1352
1998
491
4269
1494
724
2397
1925
1479
3404
1868
2509
1759
3918
2286
4083
986
2303
4039
463
2817
1484
670
2345
4226
1413
1432
2767
502
3324
2332
299
2362
833
3580
2109
3896
3790
1710
2606
2102
1969
2161
4219
4324
846
1187
1518
3419
642
2114
3100
2936
4212
2038
3735
2971
1189
4398
400
3680
4099
3236
2674
2941
2604
1193
4117
1092
3369
2912
3952
2164
793
3714
272
3781
592
1755
4472
1461
2079
283
3534
1317
2418
3125
860
1988
982
3667
3461
3313
202
2447
1411
3305
3963
3331
655
1215
3748
3816
199
2135
3307
2483
455
1028
3338
537
2800
3884
2177
3128
2024
1
51
3930
3528
3318
2677
980
1123
802
2441
756
1967
178
3035
787
2719
601
2523
2913
667
661
875
1052
1836
3640
4484
2095
2482
2437
2711
717
1040
812
781
312
2344
852
1325
1100
4310
1911
3121
340
600
2128
2744
1670
2816
2277
2760
4307
1437
2617
4481
1890
2749
4362
962
282
4187
443
3472
3291
2602
2333
4403
3410
285
304
2471
3787
3834
1021
3500
1042
3360
2878
2157
4023
1717
2724
2974
1966
4343
4035
11
2513
97
1873
3865
2284
1449
1291
3844
3396
1366
3367
3167
1886
1593
3645
3322
306
851
3
3457
2256
180
101
1986
4152
1476
2015
2698
1551
1839
4202
3854
2522
998
290
1545
3343
766
1664
1408
2050
388
3432
308
3177
716
3657
4207
2773
2252
2419
2827
1949
935
2088
8
1798
2959
3497
3839
1508
1497
4158
4053
4169
1631
3284
2127
1922
3527
1036
1816
213
2943
3802
949
1419
4034
29
1500
215
298
3105
3806
790
2578
526
1663
3772
4348
3733
1804
1942
4197
1228
2124
286
2358
3026
4232
1067
1951
2625
2573
1268
2516
1019
832
3531
4315
3700
2595
85
324
1200
1041
488
3774
2840
1617
2745
4249
2968
3558
3051
109
1458
3503
1022
1963
1523
1647
2960
2396
352
236
3416
697
2950
1331
938
1094
2884
2
813
3298
3749
729
3068
3465
496
890
1802
2986
689
900
4171
4291
2196
2442
4241
3376
2750
1392
1403
607
68
2205
2587
1163
3863
750
973
1923
172
1115
1471
1853
3489
975
2848
284
4112
2295
767
253
1910
914
3375
3398
626
2532
1380
2158
3856
4479
3413
4180
3642
94
1063
1596
4223
1812
1677
4042
3347
2886
3830
1360
3577
2835
3592
1746
4421
3339
1389
3545
3630
3147
2693
4196
4114
2667
3995
3429
3620
978
235
165
2211
139
3604
523
371
751
146
1797
1806
2953
3478
2247
1547
4004
1916
2499
520
3723
2446
1807
3484
692
971
3479
1527
3221
1537
4338
1849
239
1506
3860
2898
658
3179
1412
2407
2909
3311
550
156
3050
3021
2448
1182
3339
2706
3856
522
3895
2110
2044
2850
886
1477
3914
3013
1416
3705
1063
4166
1997
3253
3523
390
3702
2733
3827
2188
1292
4004
1853
2016
3326
1318
856
4176
1231
1134
553
749
1482
1714
31
1466
2566
4000
685
785
370
1174
4019
771
3041
1927
561
2003
3899
2056
646
2407
3274
609
2360
4389
499
1585
3092
1422
894
1030
1594
1948
4465
1034
3937
2798
3575
482
3837
3893
732
1263
1421
413
769
845
2367
3673
1049
1921
57
580
2599
1621
2438
2699
2549
3280
931
2383
631
4231
2393
3272
731
1661
430
1603
3554
3231
3885
3566
3837
2743
4071
2195
2146
1288
3586
695
2535
2229
4067
2665
4434
1656
4210
562
3412
1280
1766
2470
3451
3650
1232
1113
1927
3164
409
30
444
1948
3054
1456
3195
2044
3197
795
2299
2622
1254
1870
889
305
1245
2428
2211
865
776
3150
4092
480
3901
2740
3577
3984
1566
720
2887
2316
3808
2043
3260
4015
821
3264
2857
1768
4367
2570
2178
3316
4005
2023
850
3512
380
1829
540
4115
208
3311
994
2351
3315
4094
2623
2403
2687
1682
1381
2293
3887
3932
121
469
1008
2772
316
1583
4178
1673
3481
816
2638
1196
785
2511
603
3088
894
2976
1167
3155
1526
840
2939
169
2718
679
3610
2458
3965
3858
3608
1447
1833
1845
3428
3210
1361
1242
2242
1205
835
1090
730
2257
450
2475
4351
477
3956
369
4441
4383
1269
1472
1750
1204
817
3328
402
327
1778
10
3785
1323
2003
3455
1654
2063
209
2638
2281
3782
825
4134
2957
912
3039
2381
1566
4096
4364
3012
58
1504
4160
1376
3055
1031
2527
1431
3430
1575
531
1822
35
1791
475
61
3650
1565
3990
4096
2718
3210
2815
490
2763
233
1203
2118
3007
2122
2150
2018
3379
4120
562
4287
1288
3388
2046
1431
17
2201
919
1124
118
1309
1160
92
1800
3625
579
1956
4114
4407
2861
464
2856
2274
2627
1418
2073
3669
1947
706
927
565
994
2012
3359
3937
3920
3886
1530
4370
3731
2571
1548
3015
393
1614
1085
3315
354
1530
2408
2735
2495
1088
4370
3629
2901
4282
692
2009
831
1749
3197
1778
1409
3826
1145
1375
816
476
3990
2080
4297
4070
2567
2241
1490
704
2466
4055
2337
3226
3045
2064
3248
632
1780
2741
10
2517
1539
2431
1295
111
1848
4233
3010
186
2651
576
191
3591
3047
2276
831
275
3980
192
905
4493
1591
3260
1149
2856
2501
44
494
2647
3220
2368
3627
155
1809
2844
1350
2430
2993
3738
3855
465
3713
3566
1049
2327
2613
2965
776
1734
3257
3726
1346
69
232
2139
4110
825
2507
3155
330
4430
2668
1426
2136
1361
3881
2882
2696
3473
1006
1534
647
3027
1884
1555
565
987
3081
2171
2873
3477
66
3598
2192
1183
476
2797
1859
2452
4221
2189
3081
764
3971
4489
2639
3768
4256
1928
4120
1983
1929
2459
124
2931
591
102
4002
1263
1574
1627
1226
1799
3794
643
201
3504
3427
1396
1746
2228
1753
1399
2074
318
3894
1970
3104
3306
616
1426
4094
1409
3094
3102
4026
2160
4487
4442
3106
1223
1662
401
2182
2065
3632
3391
4062
1905
772
3795
1087
4048
1643
975
1059
237
3989
53
63
2108
1658
359
3199
3089
4049
3434
2976
307
1213
2524
3598
893
4072
1780
105
2382
3584
2919
1043
2334
4283
1023
1830
779
775
1822
3480
3431
2087
1110
3536
3359
2131
4049
2935
125
2763
3053
1980
246
623
1088
1581
762
3859
680
791
3337
1657
3230
2118
714
1835
1861
278
1062
1851
1594
2639
3554
722
2972
1662
2360
3356
936
187
2548
148
1584
1703
2361
918
1687
2866
3548
1438
1402
3740
3629
2199
1244
808
3532
979
941
4436
255
186
113
4208
2484
1763
4007
1418
1164
551
1172
864
2446
1761
2981
3858
2850
3192
1270
3964
3270
2904
1056
1595
1131
1991
201
3362
3176
1706
696
1993
4133
3489
755
524
1845
2632
2627
2546
2465
3799
727
1606
2337
37
1537
631
3015
2957
4091
1896
2854
1441
1996
884
4210
1895
2248
1120
3111
281
605
1994
4460
3934
2978
2357
2939
2643
3366
509
341
1529
3508
2826
745
343
2893
2881
1141
4136
2292
311
3526
1224
3253
3287
177
3578
632
3016
1240
379
2349
1600
1466
237
3477
4352
3791
510
4438
2532
3469
1422
161
4196
1910
2316
864
4073
3297
765
1105
2926
4048
4485
898
760
961
1282
704
2862
3430
17
2696
2186
2787
1885
3138
4383
3246
2185
105
2695
2508
4284
2549
1601
4393
2987
2295
1075
1203
1931
2026
2029
4028
2679
2201
742
2310
2092
4104
744
3070
364
3935
1909
2581
1430
1208
3486
1393
2175
3525
3778
3387
2025
2234
722
118
83
1030
2961
730
3689
2008
1478
1797
3356
3378
380
70
4123
1208
4066
714
2592
1059
2373
4163
1302
3574
3933
659
4055
13
3463
249
1580
1138
797
1912
2993
358
287
2355
3895
2198
124
1157
264
4495
3043
2217
1601
3521
3280
1596
2103
979
1729
2561
1756
1781
4345
9
3662
3420
4070
2212
772
4413
3855
4001
4317
2235
1547
3936
3623
2615
4109
2907
1199
4351
373
672
3987
4487
2600
2708
3019
3306
3149
2236
3223
1815
842
3666
1085
4204
1465
3563
4483
3538
484
3976
3962
2967
3178
3443
1960
1683
895
1323
2030
2695
2961
4418
1143
841
720
2563
2033
2791
1124
102
1273
4066
725
2159
2103
2942
3496
1680
2990
1417
3831
2368
265
809
3782
2593
148
3137
2426
1441
739
270
3883
3335
4059
836
140
1652
320
795
3409
275
585
2440
4106
4110
2788
4040
4360
2660
889
2631
3088
1319
4208
2416
3033
4183
895
4218
3031
4490
2137
4133
3379
767
2023
460
3994
15
1073
1803
1569
1962
3421
2546
4095
1840
2697
1681
4440
1634
54
4189
3870
1812
121
4147
2784
1238
2054
1741
2661
4408
2197
4136
507
3254
3423
2503
2934
3523
582
2285
3309
4245
342
264
1608
963
398
3447
939
3194
2029
4349
2119
195
294
2131
3861
1027
845
2507
2210
1248
4073
1793
1912
3768
3617
4446
1218
481
786
3928
3003
563
2502
907
2756
2787
1784
255
4163
3792
3464
2496
3349
882
3652
2634
2702
1947
1174
525
164
3870
4284
908
1757
3425
4280
3203
3034
3655
4220
3973
4077
1168
2077
2558
228
3233
301
2601
1997
2765
4139
2229
3346
3979
2560
520
3012
2548
3169
1702
944
1132
1962
762
4468
2085
1134
2754
3263
738
1629
2583
3796
3045
1205
609
345
4393
597
1956
3459
673
1960
3753
3411
2942
2193
1781
1057
989
3202
582
2722
3159
801
4128
4440
3106
4401
152
2012
2751
432
3482
1105
1633
376
330
3719
2140
947
3209
1773
3785
2932
3998
433
469
3757
3574
3463
1722
2113
3633
1513
961
3635
3916
3861
1869
67
2772
4457
791
4296
2469
1830
2888
1143
3437
3208
3795
284
211
4106
1571
3979
1659
3718
228
3883
338
87
3109
798
1539
4314
2703
588
2355
4084
760
3906
1440
2603
2354
3823
458
197
2375
2386
4366
796
647
3073
3096
3889
4257
2798
1879
187
3842
3922
936
1156
1166
3750
3021
3287
347
2511
3673
3256
3938
4424
588
200
1983
2985
4181
1674
1815
4137
2629
3168
2235
719
4378
2110
2428
4450
1401
294
1267
2336
1671
3058
1161
3431
1891
560
2106
3973
3345
3484
3218
3726
2697
475
4409
4429
3071
4026
2378
2819
4006
1731
1784
2047
2498
3199
1818
737
3682
1961
780
1931
1681
3682
2040
1238
2972
1979
1897
1131
367
1888
165
4448
4033
3813
1505
2289
819
2687
397
1307
2564
1896
3891
1757
2199
1171
737
1401
2526
44
1756
1119
3491
2765
3815
1322
1918
2349
3130
2186
909
430
2147
1343
1511
2735
2619
3469
3366
1478
983
1223
108
3029
3850
423
1002
2579
2448
2811
1752
4323
3092
3692
2574
531
650
1898
2631
3923
3423
1481
1334
99
140
1682
2619
1993
869
523
643
3540
2512
345
1245
3429
209
2518
3509
4228
3625
169
1991
4006
1384
1240
1824
3192
249
4325
514
3441
142
2139
3924
4189
4190
134
2467
4488
1582
4451
2403
2207
3474
1014
1595
970
64
702
4340
4441
1674
1582
2747
1212
1069
3804
983
58
886
3808
2343
4345
708
1773
1766
437
657
322
116
3340
3365
3160
1367
4311
1321
1285
3689
3617
19
927
4456
259
1369
185
19
3464
809
2416
974
4412
2600
3194
4165
258
555
1414
2366
792
4112
1099
4490
1113
3327
512
932
2189
3411
3479
2819
4182
4213
2424
2033
3168
2826
4045
4428
477
3807
3474
1197
4360
2113
4054
1226
3265
2008
1889
1242
1857
1943
4206
1753
4281
1194
2267
1358
2411
135
267
3513
805
1833
2601
1874
648
1607
338
1347
2668
3159
815
2259
3286
4193
2860
3677
1762
1659
4261
1096
513
3349
1315
841
137
3545
3257
3761
1953
2183
3059
2857
229
1800
4021
3791
2305
384
2752
2357
536
4461
3316
2893
4397
2665
2159
156
3838
4127
1104
2350
2794
2058
57
4046
3447
3275
3780
66
9
2334
2435
2221
2366
69
450
158
3538
2301
3762
915
1231
1715
2089
3436
3829
1525
1603
2962
3969
1081
3451
2555
1436
3509
147
2393
446
3074
3929
672
235
349
719
1693
969
4001
1103
81
2977
2506
2954
837
3248
1302
3765
3520
4140
1082
3569
4314
4253
2378
605
1472
2900
18
974
3762
509
3732
4495
3193
3176
4458
2564
2100
3608
1560
2774
30
421
2715
636
3153
2985
2323
203
1685
499
1987
908
1789
563
2514
2458
1745
3635
4095
4147
291
1313
3357
2398
4029
2198
3804
3513
407
1031
2520
4069
1829
1634
1166
2909
1402
2122
3644
3614
969
2470
4046
2459
680
4012
536
4200
548
4387
3730
2603
4387
3428
744
2262
4368
3434
955
535
390
2713
2988
457
1146
1235
2016
623
2636
1735
1854
3325
1120
1292
3730
1349
1929
2791
3616
1398
218
1430
4444
3823
1145
4489
3983
2535
1762
872
4399
4107
3094
1731
959
837
1824
1389
3066
513
1359
1602
617
4288
3272
865
1090
758
1624
200
4488
1602
2130
4108
1916
3184
4079
142
1227
2633
3329
1004
2598
2563
1370
2849
4445
2820
2940
3908
1343
2732
2408
658
1702
3247
98
3048
3078
3537
1340
869
2119
2512
4007
850
151
3056
1640
110
2995
4366
1560
4130
4444
3520
4063
929
939
495
1199
1410
4380
926
2734
4193
274
838
1685
2141
1358
856
1928
1506
1127
671
2225
3203
4155
1469
2171
1222
3146
35
4379
4340
584
2165
574
879
3753
2398
4239
2784
48
3255
2315
4178
1764
2641
1332
2580
4376
4213
3033
2493
2703
402
3054
2503
547
1974
3386
3250
1399
271
3573
1447
524
3915
4261
434
1265
1126
2615
4257
1204
626
3348
3592
931
415
2679
625
2065
1457
1386
778
2101
2242
3342
4229
2120
456
1340
1764
1866
409
1307
2401
459
2435
1073
2876
1698
2530
2301
2089
2820
4146
226
1897
746
2183
3642
1510
3023
963
1150
1014
1038
3179
2291
946
4115
3350
4173
3144
3810
311
3132
1934
2323
278
3462
3560
1378
1739
2996
2293
2166
2634
1744
1027
2660
1996
1749
3977
4042
3746
1738
596
240
361
3630
3729
2705
3666
1056
3765
765
3644
3109
2151
2141
167
374
1606
265
1505
3342
4349
4463
3616
2068
241
3604
4245
3048
1469
2257
2883
3849
4071
2219
1270
3970
1706
4204
954
222
512
437
1660
4248
3309
3584
2713
1525
2646
1393
1277
636
848
481
1636
3058
3169
3319
137
2172
2040
3283
2877
3498
838
3847
4357
4268
1860
34
4463
2502
3662
2236
1884
2924
3357
2926
2353
3196
2073
3425
2241
379
1883
1160
2574
1304
2068
2100
3436
1737
4468
1453
4005
3621
3104
4457
1354
256
1613
4253
1880
3915
2320
1635
1619
778
1809
3178
3740
1227
1765
168
3350
2018
4364
3154
2228
4134
2267
2292
3699
89
1098
4182
253
226
3275
4175
2570
343
2484
375
3149
2193
3537
1214
4412
3381
576
1161
465
176
1374
4063
2216
3529
1680
3796
3970
4184
1550
1656
4323
4181
2585
815
2232
1360
1398
1132
2732
23
34
309
1370
2273
318
1001
347
4293
1597
3746
2846
2810
4326
706
392
3195
550
2647
3965
2238
31
555
3815
2811
1921
3218
551
4378
849
3981
2041
3553
3871
4128
1110
3388
139
327
1934
888
161
2188
4140
822
3981
2216
3049
970
197
2375
1146
3647
2011
4108
4382
2794
2265
3093
1621
504
439
2733
1720
2172
1149
2025
3065
1866
2740
2130
4228
2648
1913
2699
4389
2030
2901
500
1334
3532
2886
3738
168
4256
3976
2041
4419
4281
3056
792
1786
921
192
3779
3467
65
3111
2849
1359
2581
2863
1734
3747
183
657
3283
4368
1053
436
1018
1779
3214
1622
1415
1768
322
2722
1096
2108
3771
2514
4374
2005
2380
3507
2919
3619
2689
218
4429
3611
4419
4175
4477
3989
3409
3732
2705
2599
4302
1661
181
1807
2087
3459
3165
1629
560
827
2175
378
4067
3146
4234
842
882
3526
2995
2287
3632
912
3050
90
167
4272
3335
3208
3660
1953
2152
646
1473
2187
2702
1173
1763
3165
393
1572
462
3326
4043
2853
1367
3568
1909
3391
822
3988
4407
2623
3539
2092
2430
2187
824
444
1569
3850
633
301
617
3710
2940
3622
494
339
634
3319
4091
1987
4183
780
1069
374
2327
1353
4308
403
2930
1632
1102
1799
2646
921
4229
2379
2381
1150
4033
364
3031
3078
1064
2743
375
316
807
1720
2261
1540
3010
2401
3681
2152
3160
342
3540
1854
801
1627
2311
4500
2137
2607
1504
1072
3553
2424
3175
1610
398
603
397
881
580
4205
2147
1585
940
4352
2575
4485
754
3571
3265
522
2054
135
48
1735
1974
2117
918
2278
1412
2706
2931
3951
173
3395
859
3340
1660
2782
3224
1487
2158
354
2734
2063
441
634
1279
3181
4127
4059
341
3729
3180
1861
848
490
1164
4379
3144
1436
3655
4238
2717
1224
2099
3114
4159
4303
1002
2890
4054
1598
2454
2225
413
1761
3694
2485
2505
2552
3004
458
1575
4263
587
940
1008
1905
4015
3747
2395
3852
764
3864
3623
3412
2261
3859
2099
1785
3003
99
4222
2887
446
391
4428
535
2583
2633
3936
796
373
2752
827
2715
648
1457
3521
2853
2640
1638
654
1860
3833
1739
2472
4130
2924
2166
1727
1194
4369
2954
1438
5
2888
267
2890
732
2538
763
1695
4286
4075
1527
4401
1883
540
654
3969
4148
445
3920
3893
4019
4024
147
3811
454
1013
371
3793
907
233
971
3838
1467
3256
3264
3829
276
1697
472
2385
1600
1427
3130
1906
821
2234
125
260
292
1892
3677
4122
1220
3833
451
2305
3171
4397
1173
3998
1269
3467
695
271
893
3066
824
4280
746
2351
4148
2146
3480
384
4262
4036
2990
3254
1285
3261
3723
1214
3462
726
428
2561
92
1785
1062
1793
660
309
3231
498
2151
1249
3929
3320
4051
1640
472
4465
3299
155
2260
419
2580
2210
4451
1198
1046
259
4233
221
246
3202
514
1880
1980
439
2009
1305
1061
989
3978
1482
3978
1597
3212
4146
2322
3181
332
4408
3912
3627
1061
1212
3600
3653
807
1638
4139
2956
59
1840
1249
3362
1608
3586
177
1874
3395
2058
2411
3002
2788
2195
462
1487
3701
482
457
195
3261
947
183
76
1024
1563
3365
87
3886
1835
363
1197
1369
1410
3113
3933
2197
1129
3516
4265
1273
4155
3934
1959
1851
3938
1321
3443
4206
1588
4051
1415
3154
2598
1318
3610
4265
1501
579
2353
2667
4165
1698
1687
4357
260
4079
2204
3226
2517
3371
1322
2958
2315
3120
428
61
3378
754
3653
967
1649
3507
892
3705
4040
1384
1250
418
3422
1633
3734
3325
103
1583
423
3504
742
3984
4104
1473
2725
81
64
932
307
438
2585
3375
4286
3889
4438
1250
3750
3002
3924
1217
516
504
4231
3239
2997
1614
1737
4380
2892
2169
94
1572
4111
849
3481
3601
4499
4037
358
2361
1159
3819
4062
1744
4036
966
1813
2965
2465
3881
1589
2560
507
3065
164
3660
3314
1789
727
2996
320
1889
2270
2860
2487
3013
1241
1463
1380
3246
2382
1950
468
3239
1349
4448
210
2207
4302
797
2363
2069
2506
464
1752
3901
332
1016
4317
1715
1119
3932
3164
4500
3599
2308
367
3731
2810
2392
3771
2526
1465
3413
2117
1378
1304
4373
2688
819
2279
119
261
884
3718
2803
733
561
995
914
627
1727
90
2090
2266
119
685
584
679
3811
134
3727
2046
1172
4220
1852
4109
1075
3193
2485
2431
3727
4258
4268
528
2136
702
2434
585
4180
3017
1548
3618
1632
578
2629
2273
1313
2907
1624
4299
3446
363
3564
1635
258
616
459
110
3182
1182
3819
3023
4376
1870
3669
1745
2568
3826
1741
3299
2575
4262
3511
1636
4205
1555
1683
2074
3719
4137
3618
3039
3214
3137
1736
4369
2052
2725
2192
2622
211
146
3852
2496
2930
954
2259
3565
3019
3809
1619
498
2688
1346
4374
15
872
3049
116
2106
1229
3716
993
3113
1543
2221
2313
888
786
432
3508
1534
1456
1652
2469
3654
65
3887
1707
3721
2354
3346
1704
1852
4173
3916
3864
3250
2047
229
445
2379
3268
2120
3099
1885
4009
926
3569
2568
1607
2493
3062
3809
5
817
788
3347
3779
2553
1892
1414
1485
1006
915
1490
2481
1235
2260
4405
2999
3734
2330
678
3928
89
1791
930
4002
941
1658
4431
1965
3951
726
2440
82
763
3557
2392
407
2380
2565
3652
3964
1058
386
673
3647
13
3506
1965
1023
2185
1376
2495
758
1015
2846
3386
1057
1181
2367
2524
181
3017
3220
3268
1806
2043
3565
2567
4399
1959
151
3230
2661
2558
2487
404
898
3571
4129
749
4283
3247
78
3995
3297
3224
1295
2498
2467
418
3132
108
3034
2632
208
1879
185
2754
2217
2641
221
1580
4258
2848
3380
3455
1198
510
4029
511
1628
4367
3713
3029
3171
2747
1642
3716
2499
2086
1501
1244
2212
1526
2311
1354
274
4436
401
1381
1714
3150
3441
548
1673
1309
3096
696
3744
2520
3512
4000
768
1589
1281
1668
3482
207
1906
3328
4431
2607
528
1104
3557
2085
1657
2299
1750
1481
3980
3498
232
1072
2882
919
2978
1126
2873
2963
4159
2501
3694
1857
1592
4043
76
2796
2373
1754
881
3999
3473
2987
3004
212
3093
456
305
4299
1171
3633
1368
392
3842
2219
3516
2779
1332
3073
3987
3654
2955
4126
3578
292
2835
433
3912
1642
2285
596
176
419
1814
3681
266
3147
3988
987
1729
3778
2438
1159
4437
3274
1374
53
1294
3380
3573
2751
1417
3233
4456
3792
2592
1034
158
944
4460
1015
836
4090
357
4418
1550
3420
4409
768
1563
4200
2834
1375
4142
1138
2265
959
905
1213
4090
946
3692
2862
4239
4198
1994
2433
2245
3983
3314
3525
2881
1122
3320
3387
1565
82
2182
1869
3923
671
3793
4461
270
2932
4282
4382
2956
755
173
2204
2385
2080
2593
3761
1064
587
4449
4234
2900
859
3860
3427
3721
3831
748
4311
1386
2981
2876
3780
1653
3621
3799
67
3270
54
1913
1294
1581
2308
3337
1281
291
1261
751
3180
993
3701
788
1738
628
955
36
1918
2434
516
733
191
3776
222
745
2278
4373
525
339
1319
4449
2472
1087
1248
1013
570
1859
1053
4238
3614
4325
2266
1653
2877
2330
3437
4326
3153
3055
1091
1588
2584
415
1279
468
4288
1024
3807
995
207
441
2693
3514
3255
4477
578
3871
570
4308
1728
2854
4434
2651
3894
2963
1613
329
2670
2064
3794
1584
3099
2508
3175
929
240
239
4077
2962
1779
2270
2708
3908
4297
4319
2518
434
1058
1353
3345
4037
241
3568
203
1016
3102
3754
2958
103
4045
1571
3956
4069
214
1282
1849
2279
3591
386
4190
627
2052
3962
2967
4021
4493
1091
2796
4176
597
4296
3564
3478
4214
113
1703
625
3702
4107
2383
287
4248
3810
3906
1574
1350
2774
3486
3575
2934
1736
3196
879
2165
2475
553
4413
3007
3043
4218
4221
591
2336
775
3529
2997
484
2815
3744
4483
2844
4222
1396
3899
3830
4160
2866
63
281
3114
3041
2274
1961
357
966
628
1649
2026
779
3977
1529
4421
2797
4126
1695
2538
4123
1004
3601
370
3620
391
1046
3027
3560
1315
1098
731
1803
212
70
1102
111
2863
2191
2140
2555
2343
3221
210
2883
2717
1081
2245
1261
2648
1615
4458
2892
349
4287
2191
868
451
98
663
2579
4092
4424
2350
2262
1141
460
650
2238
4198
3599
1183
3381
2313
2756
725
3422
1229
1722
1765
1347
1103
2452
2069
2150
3649
1888
2086
1643
1641
2953
2169
1641
3757
4214
3184
1540
978
1622
4338
3329
3398
36
4445
2812
2287
3286
1196
3536
3421
4450
2670
2812
3502
798
3071
4263
4075
708
2281
2310
3754
808
448
2248
3209
1218
1220
2571
2643
3120
659
3649
1018
1943
4072
652
2011
805
2077
2363
2386
1157
3935
2584
1704
1156
4084
359
909
663
3994
130
1677
2999
438
2359
3047
1754
3813
1707
152
748
4405
4303
3548
408
2276
3059
782
4024
3563
868
1697
3446
2988
1712
4184
59
3223
3263
2935
967
3182
3975
1043
2322
3237
3710
3511
4129
3849
782
3971
892
1668
3062
276
1712
3539
454
3496
1895
130
1265
4240
2466
2291
3053
633
4009
2481
480
3089
4240
1728
652
1511
1222
3070
2779
436
1368
1001
1598
840
4028
1181
3542
1082
3138
1786
1280
500
256
378
3611
1122
1278
1848
4499
448
1440
1628
2530
4474
1814
3491
2552
369
4012
3600
723
2553
2741
3237
2232
1099
3827
495
3074
660
2320
1950
1168
404
23
408
1416
1850
3542
835
1850
2689
1241
3975
1654
2505
261
2426
1485
3348
2834
2898
2160
1898
1543
738
2359
1615
2101
4437
4223
739
1305
771
2090
2178
1232
4319
4446
2005
547
4122
1979
1693
2289
3885
3502
769
1277
1813
1453
78
930
3371
1592
2636
37
1127
3506
3514
573
3622
4474
1267
574
2977
4111
4430
1217
573
3327
1610
2454
2861
1510
4166
1421
3999
83
2247
1891
1463
1129
2395
2433
3922
361
2904
1254
1477
511
2613
1671
3891
2803
266
4272
2782
2566
214
723
403
3212
1427
4293
376
18
2640
2527
3914
2565
1167
3619
1513
3016
3847
2955
4442
421
1467
3776
1970
2056
329
3699
678
1818
1591
4479
4142
1278
1038
1471
1115
172
1923
973
750
3863
1163
2587
2205
68
607
1403
1392
2750
3376
4241
2442
2196
4291
4171
900
689
2986
1802
890
496
3465
3068
729
3749
3298
813
2
2884
1094
938
1331
2950
697
3416
236
352
2396
2960
1647
1523
1963
1022
3503
1458
109
3051
3558
2968
4249
2745
1617
2840
3774
488
1041
1200
324
85
2595
3700
4315
3531
832
1019
2516
1268
2573
2625
1951
1067
4232
3026
2358
286
2124
1228
4197
1942
1804
3733
4348
3772
1663
526
2578
790
3806
3105
298
215
1500
29
4034
1419
949
3802
2943
213
1816
1036
3527
1922
2127
3284
1631
4169
4053
4158
1497
1508
3839
3497
2959
1798
8
2088
935
1949
2827
2419
2252
2773
4207
3657
716
3177
308
3432
388
2050
1408
1664
766
3343
1545
290
998
2522
3854
4202
1839
1551
2698
2015
1476
4152
1986
101
180
2256
3457
3
851
306
3322
3645
1593
1886
3167
3367
1366
3396
3844
1291
1449
2284
3865
1873
97
2513
11
4035
4343
1966
2974
2724
1717
4023
2157
2878
3360
1042
3500
1021
3834
3787
2471
304
285
3410
4403
2333
2602
3291
3472
443
4187
282
962
4362
2749
1890
4481
2617
1437
4307
2760
2277
2816
1670
2744
2128
600
340
3121
1911
4310
1100
1325
852
2344
312
781
812
1040
717
2711
2437
2482
2095
4484
3640
1836
1052
875
661
667
2913
2523
601
2719
787
3035
178
1967
756
2441
802
1123
980
2677
3318
3528
3930
51
1
2024
3128
2177
3884
2800
537
3338
1028
455
2483
3307
2135
199
3816
3748
1215
655
3331
3963
3305
1411
2447
202
3313
3461
3667
982
1988
860
3125
2418
1317
3534
283
2079
1461
4472
1755
592
3781
272
3714
793
2164
3952
2912
3369
1092
4117
1193
2604
2941
2674
3236
4099
3680
400
4398
1189
2971
3735
2038
4212
2936
3100
2114
642
3419
1518
1187
846
4324
4219
2161
1969
2102
2606
1710
3790
3896
2109
3580
833
2362
299
2332
3324
502
2767
1432
1413
4226
2345
670
1484
2817
463
4039
2303
986
4083
2286
3918
1759
2509
1868
3404
1479
1925
2397
724
1494
4269
491
1998
1352
4056
4328
2716
1007
4395
189
4246
2839
3524
257
885
3136
3646
1901
2105
1521
77
4371
1825
543
3875
1590
1086
2694
2858
2921
2809
3249
3072
3067
1743
4177
2727
313
1887
2084
7
2879
141
1310
3720
325
3707
2659
1990
1570
3769
3583
2758
2376
1553
3206
916
366
4058
2869
2608
1958
3784
159
3115
3008
2529
2799
3117
638
1433
1435
474
2377
1071
1133
2254
1289
4443
3127
2895
473
2394
753
1395
698
2057
665
3352
4318
2683
2621
1832
1111
604
2104
958
4209
3310
1914
2306
252
1462
1450
2325
3440
2998
3562
3285
1155
3185
2922
653
4411
2055
225
682
52
2807
3728
3131
1509
1740
2650
3082
2802
3968
630
3582
3547
527
1451
2842
863
1984
1089
3061
3570
1125
302
33
870
991
2847
976
4406
826
586
1445
2371
1549
1626
2415
2490
2966
3490
3368
3743
2004
952
901
3385
1060
1139
2871
3841
3353
3913
3880
2925
965
1283
3408
2832
3499
546
684
3581
3939
3393
2783
3522
280
1863
3123
4331
1944
508
3664
3789
4185
4203
4060
2422
2664
24
166
1275
3097
1003
2938
4082
2081
3658
1339
666
620
2010
3986
1554
182
996
3530
2125
1154
230
3940
4400
3448
1276
1344
1767
3775
435
1893
26
4290
3397
461
344
4346
46
3845
3628
128
2296
3355
1964
4216
1135
899
3585
100
2896
1070
3596
4017
3997
1394
3454
1391
4164
2213
3107
4259
1428
4289
1117
2626
389
75
1512
3403
2126
120
1338
2908
1699
2865
3882
2742
3587
2821
420
3442
687
1474
2755
747
1444
1009
713
2559
1425
3693
1106
470
4260
988
1877
568
2789
866
1486
2269
3862
3867
4455
2557
84
4252
2331
2521
122
3151
2611
2255
3364
162
4088
1048
2992
2268
2737
641
2833
2409
2759
4089
3063
4476
2082
3439
3812
1831
721
619
2874
1498
3958
2034
1973
4013
3485
3685
3091
1047
2989
1711
3638
289
1201
4333
4191
1716
2059
2132
1045
1496
1050
2684
1162
323
2335
4473
1700
515
595
1542
1209
3828
1387
3533
757
2682
3957
2642
1492
3244
823
4141
3145
4365
3872
1945
1341
1536
300
1017
3817
4285
56
1272
2656
4498
1012
2768
32
106
2075
1233
830
2406
844
800
3044
3996
1604
20
3116
2691
3851
2224
3304
1688
1264
2786
248
1856
4416
2444
334
2545
1708
1544
4242
612
2061
1190
243
2288
3624
223
4119
449
3124
3030
2429
4138
703
1808
3925
4225
1834
3535
3392
4179
3722
1184
1954
622
4
709
1788
1037
4020
1760
3487
396
2577
3672
1068
4336
566
2076
2917
3549
984
977
2673
4267
3198
112
1355
4321
1311
3909
360
4350
533
2369
774
489
2356
1259
997
1130
1515
1300
2404
2275
1907
1823
544
2243
3606
2107
1206
3227
876
1065
3946
4415
3821
668
3593
3241
1524
3232
198
95
3517
3550
295
3493
2326
2885
72
1528
2184
3764
3157
3822
1044
2062
1535
2692
2226
279
3960
1977
624
1564
447
3290
3234
2048
43
2302
3219
2500
1975
2533
880
1153
770
3103
2066
1862
2249
686
1676
115
2764
422
171
485
3377
1107
705
2214
3235
3724
3836
3690
2449
4496
3172
1817
3466
1093
3069
4032
3561
3890
2149
160
1579
3079
2439
3737
608
3390
4156
2473
3129
701
1452
2251
2541
2220
1894
1365
4359
1439
4475
2880
1995
3402
1140
2250
3801
2540
254
4010
2624
3040
424
4080
2704
505
2280
2720
3005
1252
707
2246
3853
1747
614
2304
1751
4414
4041
3243
3126
1820
382
1933
1455
2543
136
1637
4217
190
1783
1567
40
1460
238
2148
2975
1558
1400
2421
2477
2420
854
3064
3222
2569
3384
303
2980
2669
4050
4145
2729
3174
4304
718
3374
2855
674
1328
799
2649
1101
2400
3818
2778
88
179
478
1306
552
1324
2525
4143
1770
1666
2042
3266
2544
3382
4274
2837
2576
4388
3760
3112
3075
1165
3363
3173
2318
1191
4423
4057
216
4087
557
234
2983
1371
1420
1792
3267
387
328
3615
1577
1576
4273
2179
2237
3543
2769
2551
1821
4356
923
1372
4195
1552
2455
4076
479
4030
1794
2222
3217
27
4170
1179
297
867
2780
3162
2597
2923
2654
2818
2653
2053
429
1971
3711
784
662
3228
383
4085
4402
3551
4230
117
2738
414
1255
847
913
1623
4061
1039
4065
644
1982
1084
649
1468
3139
3332
4396
2272
1051
3032
1078
676
2547
675
2531
277
4320
1559
3501
2828
3597
3825
3955
3541
3759
2176
1546
957
2612
2775
2994
934
1847
2652
1718
1298
1202
2154
2761
3251
943
4452
3572
3739
317
2537
1776
862
4236
1878
1805
2432
559
3602
1871
310
1258
2672
664
1429
4292
1864
4243
2864
2142
1033
783
132
1219
4025
3295
810
351
1423
2339
1329
2083
355
1705
2757
93
1826
1920
3468
3118
331
3877
2969
3607
114
2686
2402
1345
1405
924
1080
3546
1999
2309
1605
1443
497
2028
3783
2637
2902
1561
3279
2903
2037
2283
773
1902
3080
1247
1790
1937
3449
1985
554
2671
4149
4118
4435
2461
3972
3401
1495
1758
569
656
3777
3418
828
690
2202
897
315
2300
4361
1211
2027
2657
3704
12
4276
3273
3011
1079
1516
4390
2227
3186
834
2244
1274
2590
1900
2824
2206
4447
953
3417
1121
910
3763
4244
1989
1216
2180
3183
3240
2022
741
1005
1616
4105
4385
2836
621
2488
4392
3341
3752
610
486
2374
3603
1237
1691
3926
761
145
143
2731
811
3907
3289
2721
2515
4116
3475
3637
2795
735
1020
3143
2218
4052
3300
3281
2341
416
4047
1875
736
3954
1390
4404
3898
2785
4313
3204
2391
2614
2489
4144
3271
2831
16
981
1651
104
1742
2588
174
3200
2294
2427
2707
4422
372
1517
2644
1262
2486
1644
242
1957
1210
2468
4011
3510
857
2766
3846
412
2451
1488
3712
3943
321
4432
4322
2364
3505
3101
640
2610
1930
1177
1719
933
1128
1612
4102
2929
3736
4199
4439
1748
922
3277
794
1336
4417
1730
4174
4478
1297
4078
3684
1669
4312
1932
4194
1253
2542
3156
2365
2328
3941
3917
1672
2174
1299
1908
1520
1335
410
2556
691
2399
4255
711
2258
3086
196
3674
3755
3351
3389
3077
42
3659
4271
466
637
1333
2479
4329
2776
3798
577
1904
530
3444
4044
3276
4391
3670
3292
3797
4201
4420
3140
1587
1207
2906
1029
2843
1377
3191
4330
2946
2153
3400
917
503
4100
4471
74
2655
3910
6
3756
335
861
611
2519
2317
1175
590
2589
3133
262
4224
3709
1348
2914
3372
651
3927
2746
2230
1351
1881
3262
2973
3974
4003
1843
2035
2918
3211
883
1972
598
2215
1446
4172
219
1225
4426
3394
1771
2006
1382
534
3308
594
4154
149
1293
3588
3170
2240
2771
1118
3613
3903
492
71
2676
41
2253
556
3370
1316
4335
326
2658
3942
1692
618
2036
45
1483
3460
2822
2017
2805
1362
549
1774
855
968
394
3567
2049
2031
3766
777
154
1385
3288
1502
245
1066
942
1074
2021
3579
1388
3158
3001
539
4294
2443
273
2825
3770
3803
426
985
1917
3166
2714
4132
606
2915
3992
3201
2504
3336
3559
3953
1522
1243
3595
1083
3878
1137
3961
2097
903
4097
62
4150
49
2463
3225
3407
3904
2203
2002
3675
1732
542
3544
3631
3108
2984
4018
1076
3302
2678
4486
2497
1514
3014
2829
2094
1709
874
1882
4454
2927
3009
1404
4266
950
853
4227
2001
1480
4453
734
2156
2181
4031
740
4305
107
204
3945
501
4470
4332
3294
153
333
4300
2173
1940
1899
3018
581
2582
4151
1301
2096
1363
1169
3665
3695
4494
1136
3959
1434
3207
3000
129
1077
2072
1675
1519
820
3333
3715
2928
50
4016
1342
2464
3405
681
431
925
4186
1185
3453
2347
2133
3213
2116
4410
3848
3678
906
2019
2352
804
60
405
440
1234
14
2528
2007
1842
96
3110
3488
2793
3636
2190
2384
1491
194
2663
1158
4375
2070
2032
4157
3245
2000
406
1489
1186
2346
599
858
1694
3556
1109
3643
2297
2510
519
425
2387
2845
4064
2635
2944
4301
1356
571
945
4215
2875
4342
4491
2920
1493
2685
1568
3020
3931
4337
1470
1533
1955
4354
3293
1442
3552
3897
4275
2014
4086
1586
2823
2307
1531
3492
699
4278
4161
1655
2594
1787
293
1981
615
839
3788
3697
635
2348
2618
920
4014
4372
4103
3450
2838
4074
3576
2591
2170
956
356
39
1796
1287
2111
350
3426
483
2340
3905
3414
1541
2804
669
1373
1841
3312
4462
3323
3767
3084
829
2457
814
902
3944
2162
2554
1025
2951
575
2450
3383
602
1147
2342
4211
2596
1236
3330
818
2662
1844
2060
188
891
131
4237
960
3189
1011
251
3869
2115
1630
3751
1221
1639
948
184
517
529
2494
2933
2536
2949
803
4492
3840
1556
4235
2770
1337
1915
3835
694
1941
150
3494
1454
2167
3634
28
4188
268
2630
1290
2372
1625
1811
2098
170
493
2748
3911
3282
3679
1176
3888
3948
1713
2947
2586
3873
2723
2329
3057
2112
2681
3985
2905
789
2964
1507
3238
1701
353
728
3874
1230
244
1195
2020
205
2282
3590
1026
2814
3252
4306
2762
3334
2460
2370
1952
3515
2710
2478
2474
2666
613
3098
2039
1562
1725
3519
2078
1357
3671
572
3215
3476
2728
1308
1095
487
2891
1679
1260
506
1448
4162
964
467
645
395
4497
1256
2239
2808
2872
2200
1599
1464
3876
3661
1266
1251
2709
2801
3868
4334
3042
4131
3879
4124
4353
3745
4027
55
3773
126
712
1828
2859
3187
1876
3269
3373
4327
3438
2071
368
1609
3148
3495
3483
1424
743
3656
2539
843
3919
3456
1188
677
4251
1296
2894
3683
4363
4279
1532
1178
3612
2453
1650
2852
2143
1271
2991
1097
1667
1646
4277
3949
3800
3190
2899
693
2145
4270
4038
3344
3085
1303
3691
2736
806
3698
2155
2491
2338
567
1935
2231
629
2948
2700
4168
1936
1320
896
4254
3433
3805
1578
3663
4125
3037
2889
3742
2534
3668
2134
992
1782
1152
4093
1769
3902
269
3947
3676
399
1538
3641
337
911
3686
4344
2620
3163
2319
314
2979
2462
3321
3152
1459
1010
2609
2405
247
1180
2868
3301
2616
2562
3161
1142
163
583
2208
1144
3651
2388
521
1151
1557
3358
4192
1192
2830
1690
21
1938
4295
1239
3843
1383
86
133
3688
3229
1286
1726
2051
2425
1573
3993
471
442
296
2945
2605
2045
3725
3025
3626
3703
3605
3242
4469
3717
1801
1330
3900
4425
4482
2680
887
532
2298
2123
593
3857
2897
1810
3708
1858
2414
453
4113
4101
381
1723
1976
2314
3216
3022
1645
1312
220
2813
1054
3258
1867
4153
1112
2841
1406
2675
3555
683
138
1772
1364
3028
2413
1926
3982
2290
1837
1795
1116
2093
1684
2911
2144
1032
3006
3087
2091
362
2233
365
2739
759
411
3122
3024
1499
2138
1846
2321
1903
589
4394
250
3470
3076
417
2777
2572
79
2436
1000
4316
1777
1327
752
2445
4341
2790
3741
1992
2389
1170
877
3892
4135
3648
3518
3452
3354
206
3090
348
4381
3609
3458
3594
3589
3317
193
2412
3083
1686
2067
545
2264
217
144
4098
1678
452
951
1611
999
47
4298
385
231
2952
3399
937
1284
4377
2209
1665
2910
2982
4427
2730
928
4384
319
2410
3052
1055
2417
1257
4339
1724
263
4022
157
3060
2168
1968
1978
4355
2223
710
3046
2312
871
2937
3814
3950
558
3095
3142
2324
3471
4264
336
873
3415
4309
3696
538
2476
1379
288
91
123
2423
1775
3687
2163
2916
1475
3303
80
4250
700
2013
1503
4247
1407
688
1872
73
427
3038
904
518
1924
4347
3361
4121
1689
2492
4008
224
3820
2628
3435
4467
3991
2806
1397
346
1919
3134
3424
1326
2194
3259
175
1114
377
2480
3706
2129
4480
3296
1314
2550
2263
3141
1855
2712
2701
38
990
2970
3758
1819
4068
3967
2753
25
1939
1035
3866
2792
4466
972
1696
3824
4167
2121
1721
2690
1620
2456
227
3639
3036
22
4433
1733
2645
1148
2390
3135
1246
4464
878
2781
3966
3278
2870
2867
1827
1648
3786
3119
1618
3921
1946
2726
564
4459
1865
127
2271
3445
715
639
1838
1108
541
4386
4358
2851
3188
4081
3406
3205
3832
