5000
4003
551
2927
1650
2085
1585
4623
3332
3108
251
2493
1093
4395
4266
2355
1325
1151
2547
1038
1963
2982
355
1554
4122
1857
3440
3878
3880
2234
4794
4178
3547
4187
343
1971
2281
2397
2227
2861
2929
3026
492
2535
2203
4725
2938
3258
4577
391
1686
689
486
1180
3616
812
1709
2239
2702
535
3743
4872
1262
2606
178
2268
3431
1796
451
864
4511
2487
3874
1753
870
406
4127
3823
1358
2352
155
2463
2002
187
3773
1047
1931
1189
883
288
1571
931
4946
479
1062
1452
2160
2248
2354
3
3329
2452
1088
1269
200
51
3912
2327
2140
4843
2753
1930
2129
198
348
1835
3604
2108
4436
2187
1376
2583
3889
3380
3493
1247
1113
725
4300
1785
2479
3947
688
1819
4021
159
4865
3969
3131
3611
2755
566
4236
2984
595
2962
946
2584
1773
3209
4115
1378
1399
291
4168
476
4700
2786
723
4566
4968
4867
2446
3362
4347
4799
4255
4310
162
2377
389
2541
2165
3687
2742
705
2935
4228
3782
4423
4429
3259
4708
4937
4473
2691
4748
2978
1271
3584
3158
1191
1229
2595
4330
3313
4870
2985
2412
3600
4041
3990
1446
4987
1590
847
3566
547
3674
1904
2186
1868
1757
3149
3711
3102
4928
1609
2213
3814
1338
388
2189
71
2206
3770
456
1078
1509
93
4069
189
3361
1644
1510
1855
1459
3029
2868
2528
3824
1086
571
4576
3265
3295
117
2078
4642
1472
2431
4603
4279
1245
980
302
3382
4601
3643
287
4998
4055
4833
3769
3639
3167
1026
2813
4889
4456
4182
2670
4327
1869
2285
1009
580
1142
2059
1303
3719
1098
1079
4572
3281
394
1903
4430
4265
4704
30
858
679
3539
3725
4440
1668
1331
4502
3860
3324
1109
449
809
4787
2094
638
3550
4208
895
4162
1902
4721
2856
4412
1443
2254
4879
1642
2682
2132
966
2640
176
4915
3591
1713
3661
3735
3372
1203
2687
3586
2098
3779
1461
530
3009
130
1487
1740
533
3721
2197
3072
536
3039
1641
2180
2602
381
4291
1988
879
246
4132
2320
2639
3851
681
4141
3427
753
3730
132
1246
4520
806
1858
3572
2789
4031
1847
1070
1970
3679
4332
4352
2444
1044
1020
799
4192
4295
2443
3077
1591
4061
3885
4949
3031
21
2730
3214
800
1592
1416
3597
660
2277
1084
2638
1178
838
2100
3963
3469
941
196
1364
2114
4363
467
4670
3603
4184
4488
4974
1777
1580
3237
651
3631
313
3319
680
1683
1352
2988
4944
4293
4651
1273
365
56
477
3974
2338
2573
11
4780
4622
493
1638
2567
1900
371
765
4752
553
2538
2313
2970
1389
35
2531
2418
3091
145
3407
2705
4242
3247
2012
431
2684
3501
940
649
2490
4372
4365
984
4253
3940
79
2740
18
1241
4834
2063
574
4427
3065
2173
3436
2860
3443
3498
1972
2279
3776
2673
67
244
3697
353
3218
4747
1807
1361
1928
2183
4795
2056
2082
2262
2933
224
582
3202
4482
106
312
2608
4209
3487
386
878
1707
3300
634
4629
3797
3293
2195
1007
4415
1981
2572
3704
1545
4356
4213
2903
1089
996
3922
2559
3208
1168
1348
1335
2499
823
922
3307
1501
3034
3981
3222
3716
2910
3309
1508
2025
3804
4999
3027
92
2087
2768
3093
1302
3519
4106
418
2246
2337
2276
4094
1439
1810
1347
3837
2741
3459
4067
97
334
537
4690
4218
657
4866
3020
2998
2701
713
3124
1403
1806
1301
4790
3936
3884
2698
1067
3907
3516
1576
3914
1942
4575
2125
645
2470
3462
3825
1961
2518
4062
2928
4618
2736
2494
1795
1217
19
4656
3998
989
1454
4280
3531
4392
1210
1527
2588
2429
3245
4971
4885
1366
85
4200
1851
3261
4986
2356
470
4888
2300
2009
4813
1659
2563
1138
4801
2845
2055
1265
3012
2497
3151
1385
1714
108
301
2407
3417
874
2426
1233
2964
861
4887
462
4455
4586
2781
4309
390
3348
2548
1012
916
1583
370
398
1516
2288
4659
4151
4367
842
4735
3500
1328
3170
1667
4038
4417
4446
2690
604
3383
4227
4190
1647
2224
3571
3095
4910
2872
2496
1838
61
1725
4863
4499
2695
4943
2759
511
4732
573
3728
785
1340
5000
1570
4535
2948
2718
3263
4719
4195
3861
1494
3264
1969
1478
1346
2731
1983
2388
452
2028
4815
917
1530
2104
3658
1280
70
721
3975
9
2766
2441
2004
1898
307
3174
3621
4611
1160
920
933
935
267
2026
1253
939
1251
2873
2029
1653
3198
1321
4558
4117
4273
1272
4981
4150
4244
3106
1085
2914
3806
2371
2835
2468
1176
2882
2527
953
2163
2620
1553
3762
2480
1406
1476
3928
3047
2271
4861
3924
1386
1538
1171
971
1433
3830
86
814
1190
1779
3141
2596
4825
715
445
2095
1750
3647
3506
3398
450
3652
4714
1477
4425
1430
2881
971
3398
1788
2199
3128
422
249
2041
774
1923
2122
3757
2462
3395
1944
2278
1973
526
774
728
2061
982
1884
3421
1279
1359
1430
3450
4856
4711
1584
3384
3915
1596
3244
3747
4231
2278
4134
3144
2675
2367
3747
2816
4835
2993
1805
659
1300
4301
1300
3973
3381
3201
3646
4237
3145
3013
1736
2302
1619
3637
4883
3207
4033
450
1586
3646
1419
2545
1596
757
3400
2729
4703
2589
557
4977
1673
1477
4018
2395
1794
515
1794
3253
4856
3945
3395
3652
4632
3859
4232
4693
4726
4049
154
1558
1829
3234
3340
1447
3338
1524
3569
2700
250
3872
2957
2650
2332
2459
2897
663
4341
2366
160
802
786
803
3457
3872
2633
3668
2692
2425
2332
972
4237
4188
4219
1306
4658
4341
2754
3037
3340
4464
2475
522
3668
2897
173
1407
2101
160
3185
3731
3540
3056
3859
2774
748
560
647
748
16
2692
2092
3053
2033
4464
828
2549
316
3902
782
75
194
1865
4010
4645
1435
1132
2092
4101
3050
2058
3392
1552
4018
4331
710
2170
2514
1175
1495
2302
3371
163
2726
2310
4516
496
2557
2967
3558
557
719
3978
719
2549
1279
163
1870
3558
3512
1827
2330
4206
4827
4128
4660
3831
4620
1979
1234
3142
3285
2135
3626
2526
2135
1663
1057
3647
1449
3953
2852
3538
3807
1057
3726
3186
832
2141
3534
1237
1985
2142
427
3945
1275
1558
4643
4658
3200
2709
3626
3625
2630
1985
3394
148
1874
3574
2162
3574
1412
3394
3392
1883
4181
318
3953
4978
1573
4978
3330
3479
2969
4112
3973
2596
1948
4294
83
4091
4254
2308
4167
3870
4091
914
4181
1562
1087
554
1372
4074
4617
3526
3726
1531
828
375
2557
4695
1390
515
3983
3253
2250
3496
2250
3046
4525
1234
4155
209
4965
3483
4444
757
762
2467
3286
3284
2646
3913
403
2467
4563
3046
1373
3978
1087
542
3400
1711
318
2366
4406
4515
2387
1090
4388
3515
3534
3186
4660
3284
1629
4388
2923
2162
2266
2141
3680
2959
563
3691
1060
1054
1220
1845
1874
4965
3764
272
1845
1412
501
4542
263
567
1373
4542
1605
501
2676
1144
970
1003
1115
1003
2923
2062
885
1984
3468
1625
3244
1579
4465
4144
3183
3774
4695
304
2060
38
3970
1359
277
3200
4905
4028
4633
1824
1449
787
1292
1471
4893
1167
4240
1541
4991
3129
3535
949
1036
2219
3003
1135
112
2655
94
3111
2694
3526
3231
715
1675
1292
4390
4032
2576
2889
3452
2148
4625
2959
4945
1577
1793
3221
1564
4028
3003
2674
78
2696
1914
930
3844
3221
3811
4224
3452
3636
4047
2361
3696
114
3367
1192
78
4631
1391
3450
4714
1758
1624
906
1531
2343
167
554
2700
4068
1567
1496
1567
1606
2101
794
3503
2318
632
598
272
4811
1395
4406
4282
3653
2405
2571
4514
2133
2879
4881
172
1630
125
4606
2405
1793
3954
4546
3207
4625
3938
875
4945
2416
3476
526
4386
2892
875
2714
64
4486
3858
3430
3858
1604
1513
3748
4921
2957
4931
2669
1870
2918
1824
4921
625
2921
2681
821
2342
1889
118
1492
821
1513
52
1594
2615
4381
3655
151
3074
1889
1876
4793
661
2724
4449
810
1923
4681
605
2179
4032
4890
2316
1036
632
4364
491
1306
2062
4173
814
794
1932
2721
852
1372
1444
955
1391
4173
2554
1910
685
2847
4351
4620
308
374
209
227
115
445
2225
2460
863
955
2554
893
4016
4697
4883
3205
545
3007
4404
181
625
1610
1731
4305
3007
863
427
4855
134
1418
1132
2981
2057
1490
2889
2622
3948
2182
1685
2370
605
4771
3894
4305
3180
802
1610
4531
311
1124
4771
2033
2249
3754
4935
761
4108
4449
4123
2681
608
1276
1082
4351
2222
656
2434
1861
4890
982
601
2854
2424
2361
2424
3480
770
1332
1107
1802
2383
4851
1544
4970
2376
4047
3812
1956
2235
3430
3512
4425
3274
1310
4044
4811
1989
3870
1860
2697
1171
1470
4970
4172
2182
3177
2694
3434
602
359
4155
4130
3902
167
4727
1326
3483
2613
3879
1129
1552
4935
3184
141
295
2091
3205
2961
4299
2961
50
1878
3983
4800
2376
934
1865
4120
3568
2022
289
3680
1747
289
2636
475
3660
1489
232
1451
441
1630
2949
4837
1643
1529
3419
179
2906
2192
3917
2734
4655
4013
2949
58
787
4013
181
948
546
2363
2906
1001
2110
1001
4551
2335
567
4241
2976
545
3224
2810
58
4980
3125
1672
2737
3203
958
134
884
2124
1377
1873
2967
2335
2706
3423
947
1962
4561
3984
1829
65
2750
590
1912
598
3660
1926
1670
1056
4234
671
653
2604
653
3478
1692
3811
52
633
1660
2963
1897
3774
2604
1820
3934
2344
2598
3991
3472
2282
3819
928
1801
478
1877
590
3648
2847
3074
3568
2991
4960
2885
810
266
2734
3485
4026
422
2852
4755
2577
4387
2301
216
2301
4131
1618
4355
4235
829
4224
668
4551
2958
2124
602
4529
141
1813
1053
1724
3285
3100
4123
4767
457
1053
2312
4366
900
959
2192
116
2312
4439
3366
4118
2235
4681
4924
2641
3434
3632
760
2809
2810
4798
457
3367
4163
3315
2383
1876
3384
3784
129
860
2349
4131
4214
23
4665
23
4120
2594
900
576
4272
123
1872
4272
1912
1786
4296
2963
4527
64
1434
2622
1813
901
4056
4128
3378
121
1595
1202
947
4821
1614
2360
3831
3917
330
1353
1261
3964
3496
360
2391
494
368
2148
266
1134
4924
4439
4561
3934
877
3070
2827
481
855
912
3665
1134
4851
1423
144
304
1434
2925
144
1747
4793
491
3997
3438
1724
3899
2762
714
2050
2065
2509
4963
2428
3366
3182
1730
4044
559
4413
4753
1534
3439
4267
714
1293
3155
2721
1906
3515
4413
3618
4804
4387
539
4804
3379
898
322
2471
4144
4217
154
2113
360
3224
4301
3979
543
4366
4042
2809
2590
3665
664
2915
760
1734
4504
4486
607
1873
2065
1242
2310
1929
4904
2615
3763
3664
4108
3671
3594
1758
801
1929
4757
340
4129
4420
2540
3959
142
1608
3083
2005
3905
4281
3905
4560
1804
1310
1991
912
1137
1991
3594
1692
2830
2577
1984
944
4149
2663
2995
3082
4408
1974
4775
1812
2590
1368
884
2367
296
876
3103
1974
1675
2926
3182
969
2218
2339
698
1657
4135
1471
2249
2726
4950
2747
4408
2879
1393
4953
2299
3100
3060
1440
3815
2486
1264
2486
4800
4225
3461
3359
1769
4234
3577
1939
4902
2258
770
2362
3637
2576
1651
3435
2357
3040
654
764
3094
3132
1802
1586
1862
3403
4720
330
276
3185
3145
4734
3635
1841
3056
322
2299
2960
1608
4033
4776
1242
4917
4421
3058
269
1313
759
3899
4993
3373
3657
4893
3635
2151
1914
4420
3553
1313
2393
3871
606
1932
825
3706
3233
2110
2471
1614
4540
3812
4026
4661
1167
1264
3478
4317
3146
1979
903
1309
1275
3036
4975
4966
4720
3359
3760
2170
2386
2363
1913
3535
3713
340
3317
743
321
3146
1341
3355
383
1827
1447
3060
2237
4160
4421
4307
1762
1822
424
2488
300
3753
2575
3628
3271
1803
2347
2344
405
2626
1356
4581
2416
4581
37
2552
55
112
2069
642
601
2778
4317
2626
4782
746
956
1960
2827
2113
4897
2750
4635
3461
620
2244
2995
4238
2274
27
263
3748
620
2591
3551
1095
195
3696
546
2005
2713
156
901
1324
4753
2960
1621
4917
2892
3785
3411
4101
1539
3291
3219
1894
837
1973
3842
396
3816
3155
684
4466
420
1208
2284
439
4466
611
4149
1287
543
538
3628
1679
37
3248
3418
3471
2610
3073
3288
1136
4897
3160
2778
1212
1956
4904
508
3939
4264
3844
3347
606
2919
1244
3868
257
1041
1073
3909
1356
3139
257
3746
2891
3612
1124
1073
906
549
3347
1018
91
3069
3962
1861
1534
4461
3706
1736
4231
329
549
1871
4219
2445
3219
420
2899
4057
3982
519
1407
1055
2088
3543
173
4518
2156
4251
2086
1708
2391
2560
4380
454
3857
3134
4102
3128
1584
1730
1196
3471
1495
2881
2384
4251
1137
4264
1751
3069
2374
179
1048
1022
1402
27
4527
403
2624
1336
20
2198
20
3070
4901
1801
764
1435
2783
4518
55
490
2122
3962
519
3809
1336
733
1170
1643
382
3784
3593
4469
558
4100
2116
3441
4240
47
4964
3753
3333
669
3714
4759
2469
4063
1680
965
708
3653
3805
2438
270
3058
3749
2598
3241
3125
3454
3871
3749
270
1309
3829
3560
3750
4884
4951
2042
3241
3036
201
2404
1462
2184
265
853
1418
2404
4437
4100
1324
1068
2653
1960
3248
195
4269
1384
59
382
453
1751
2464
4129
116
1633
3754
3053
3111
3477
4269
3325
2032
1905
1657
2939
4874
4749
2264
1905
123
2198
1518
589
2775
2399
2032
795
3505
4964
3868
3750
2628
4394
3630
1485
4963
3481
3038
1996
2303
908
4394
658
2380
4585
4437
2663
1891
4734
4428
4029
2102
1834
1907
3684
153
2560
876
3505
559
2571
911
4881
1771
299
2647
1293
1419
1183
2308
2219
2218
4778
1077
929
956
4926
3671
3454
1654
1341
1628
2693
4163
898
4072
908
4993
718
2540
4289
1593
2022
2432
1541
211
4196
2666
2893
2708
3142
4782
1485
4379
1897
2693
1081
2581
4778
4022
2413
4568
2380
2517
3707
4294
2303
4354
1595
1894
215
2857
2157
376
4130
722
4516
2475
1082
1424
3472
2259
1186
4512
417
4571
1350
4766
1987
3927
2258
1689
3028
1362
998
1428
3970
3564
1146
1621
3377
4203
242
1256
2207
3901
763
1350
1746
1377
3463
1996
2318
1428
2972
231
4005
3299
2676
4938
2570
4994
3397
4816
4776
2981
4655
2421
4648
1517
3288
1734
3179
3985
205
1380
4764
2343
3410
1456
636
4469
4261
4827
277
4743
4431
2714
3691
3468
827
1165
2877
4540
2992
2399
1249
2942
1460
4428
1249
2648
1808
383
4648
4491
1627
3865
91
661
4759
3865
3286
2631
4728
686
3707
2146
1950
3233
2591
1704
2146
4686
3972
998
3856
1482
1746
4832
238
1414
1208
1195
4763
4221
1276
4512
3308
2883
4550
2708
3636
16
2207
534
4299
1708
1947
3879
969
3853
2387
3564
4947
211
2247
2459
3203
777
3011
3609
763
2500
3771
3355
2472
4355
2826
290
684
3211
4763
2624
1618
3299
3752
2413
222
1212
722
3982
4411
1628
733
2725
1950
4874
2632
4380
2095
3085
643
887
936
3477
1396
1121
3004
2295
1844
1451
3904
1762
4058
2561
1797
3397
2464
759
2902
350
1387
1721
1916
1077
4158
3109
157
2526
1019
1144
233
2697
2828
4738
3403
316
3134
4632
2675
3632
2143
3390
2760
3109
4738
326
3266
3257
363
4460
4977
636
780
3954
4491
1140
853
3757
4058
3549
3390
4284
3552
4268
326
1779
4740
1290
4235
1529
736
1368
2052
1518
4884
1748
233
887
3401
376
4328
1844
4002
2779
4134
2040
2001
3598
3282
1549
4740
2469
437
3755
1238
2858
3486
3741
981
3755
936
101
3908
4826
2631
1672
4056
2958
1205
1173
2610
3062
1414
4480
1195
1140
529
4809
363
2779
3315
4579
642
4125
1953
666
335
1462
4191
3276
2006
4010
3805
3297
4749
3995
4957
1939
666
1370
3197
1056
891
783
891
4816
3424
3793
637
1033
3411
202
3485
377
1579
1689
2722
4855
919
2238
1551
2422
3827
3297
3378
3794
4905
637
464
4554
2257
4137
4988
1652
3745
2968
4765
3977
2521
2653
4702
4713
3538
3486
469
1410
3439
1593
2060
3958
944
4783
4758
840
2315
2194
4191
626
1652
3164
919
2968
3664
1019
914
69
417
2325
3832
4005
2194
1304
4877
4836
3683
2934
3577
465
1182
4636
2899
473
522
2006
2035
1112
4812
1002
1551
1120
2196
1803
1305
2257
1163
2151
4693
4604
2993
1128
728
3455
4809
2893
3745
3249
2001
2628
1767
678
3333
2390
811
4505
7
4647
4605
1060
3242
3119
2674
3729
1054
736
1011
678
2150
4803
1637
3337
3358
880
2992
1574
210
1460
59
2934
3114
3799
3455
4043
1128
3243
3066
4252
464
1011
979
816
3432
3689
3118
1951
4340
1375
4016
3551
4624
2521
4539
325
4730
1033
1100
101
469
730
490
4687
1444
2635
2331
3549
325
2374
4711
3405
4926
269
315
1214
3118
781
4364
1238
4002
3410
516
1661
976
801
2825
2894
3740
3659
3161
4845
1224
952
761
3429
707
4960
1598
4766
4333
2166
4852
3432
2102
2651
4331
4798
3426
373
819
2053
3094
1697
3178
3932
1344
2466
2756
699
3793
4892
3932
1834
4060
795
803
2561
4116
745
335
1497
1363
3756
2507
1598
1497
534
4278
488
4333
1146
579
4060
4636
3939
2351
1627
4137
3709
1177
965
4282
3405
2057
4099
1953
4320
3536
562
3066
44
2643
1175
4252
1994
4354
2790
694
4539
3756
3176
1120
3609
1893
3135
3488
3135
2284
2040
295
1221
2
2921
3123
2038
275
2655
668
2152
2007
4325
4085
44
1190
2347
1797
739
4099
4647
3448
387
2616
3101
822
988
1568
4679
4723
405
3420
4646
329
4627
3602
4362
1379
73
4064
579
65
868
3622
4686
3401
1805
1704
520
488
2761
2370
4247
3552
997
1363
4803
4635
1582
3971
1517
4006
1588
3243
3605
2152
4808
1822
4783
3290
1767
2440
1022
1198
2274
772
426
3438
3925
2477
1809
710
1825
2757
1933
3216
315
1163
2031
3197
4723
294
2171
4796
3420
387
1943
4666
2439
202
4022
2558
4248
4057
12
961
4666
373
2307
2357
1490
4990
3832
76
2762
1218
3683
4225
2447
2259
228
1083
1519
1448
2696
4739
1423
1072
3583
1433
3553
2447
1648
2435
1933
1582
4962
3946
918
4447
1345
4521
2491
827
3441
4374
3601
4385
274
1154
2858
992
2241
4848
1166
3101
3426
992
2776
3339
2864
3689
4248
1183
354
2815
2360
2794
1034
4385
2712
3040
3226
3997
820
1588
3220
3816
3051
1312
2625
3010
4407
215
43
2245
2807
2643
682
2422
1177
1491
4221
4103
1482
2130
4398
2668
2609
308
3740
4434
447
2659
2944
1535
3737
448
2024
855
3772
3448
4940
3341
3919
1083
2306
255
4161
2408
4701
4256
4808
2488
3220
1711
746
413
744
3276
220
186
2637
2408
743
1114
2747
186
2586
4432
3272
4969
1871
4947
216
2666
62
2841
3357
2346
463
255
3141
220
3710
2782
1287
4340
3946
1227
3786
4396
654
3010
731
4289
4424
3897
2722
2068
626
2247
1666
2326
1540
4567
1625
3169
2807
1232
3919
3178
4007
671
1666
643
2156
1946
751
3863
1032
4703
508
2427
4694
4956
1790
4107
122
4268
4513
3585
361
122
4675
473
3710
2996
4180
114
4161
2438
786
2372
4940
2922
1209
4349
2502
2999
805
2305
68
3985
4085
231
320
3525
839
2534
2717
2076
4270
4692
2068
3996
274
704
413
4689
3895
1913
4531
2562
4492
822
2427
3223
3960
687
730
1214
1563
1496
4788
454
3751
66
2
226
310
1804
3796
1323
2565
4409
3996
3525
3920
425
4832
2400
4167
3788
4932
1825
4992
4768
88
4992
1157
958
4980
4788
1
1344
4140
4307
275
3941
472
1528
603
4631
4567
4074
749
4277
1049
3189
4247
1532
3291
63
1651
3605
3175
4485
3076
4444
4505
4139
4172
2330
3935
3076
1756
4066
2581
2785
2143
3690
1515
2908
1258
3048
2282
3638
4508
1893
1004
4536
2830
1173
845
4521
3818
3908
3883
1023
749
3507
1023
4911
3690
4675
3873
3147
2917
2857
2908
2177
1112
4653
331
4496
3799
1759
1766
4201
2645
2513
2477
2785
1000
1499
905
3122
3147
633
4470
472
3322
1201
1237
3322
4201
4481
1029
2341
1063
1943
3294
1021
1721
4070
3216
1258
773
594
3768
954
865
4029
3875
3423
829
1425
2031
4654
3193
4119
3695
2896
2646
1755
3037
677
2307
407
4844
3337
2440
1563
2756
3709
1034
890
4462
840
1064
2915
1935
3976
2839
3358
4481
4523
4580
2389
4071
2389
1425
1623
4070
4554
4487
4024
1197
4538
4868
4210
3829
2648
2410
4911
2179
2044
3171
4692
4485
438
1270
4713
2044
1489
3246
2939
407
3514
3817
1491
1522
556
1081
256
1512
4496
412
1442
2944
820
2672
2625
3365
2449
3579
3583
3579
1604
3972
1934
3422
4728
3987
1008
1441
2048
3904
644
2506
4286
2616
4073
1041
1947
1370
3763
2578
556
1502
2196
3882
1187
2943
3570
258
4605
4624
2599
4810
2996
1294
4927
320
1815
4916
1839
147
808
3064
3068
238
439
4767
2349
3699
109
448
4409
1879
1512
3189
4707
1962
1193
3895
1367
3044
523
3873
4852
2482
2358
466
611
2511
3767
408
4927
561
1145
4673
303
516
4401
3624
1319
4523
1769
544
793
2667
4204
4107
1629
4823
4961
4147
2205
4538
4534
2712
3684
3188
4533
3188
2455
4534
2651
1606
2403
2083
3615
4546
3767
3556
1720
2717
587
1532
1623
1239
3353
2799
250
157
3673
2403
3240
3995
503
1821
575
4506
2118
2458
3422
2630
3532
4990
1682
2751
4277
3913
630
3876
229
2519
4599
2732
621
1197
2519
1646
1307
1883
737
4049
507
2732
3011
1568
2679
2245
4124
706
1319
706
3194
4894
3822
1488
7
4741
3943
351
3602
2942
830
3788
737
1252
3999
4487
466
4582
3787
892
2839
3449
3508
3863
3699
408
4559
1589
3508
62
4582
3853
359
1392
2080
3064
1063
4742
961
2977
2314
3447
4185
4170
2672
1051
1821
1693
614
1314
1045
539
2971
1890
3576
2034
153
1944
1069
458
1966
1441
2050
1029
2014
2217
1404
594
1901
3449
3580
4860
3746
2523
4894
3308
4066
932
981
168
3545
29
1304
4796
4633
563
2008
3845
437
1232
54
4432
2552
2659
1896
3114
2955
3311
4509
2080
4765
4193
4673
356
3976
199
3720
1966
1013
364
3150
1442
945
1223
4349
2145
3068
1156
1892
3987
3619
608
892
4662
1360
1049
426
4027
1156
4757
4571
4550
3942
4954
48
4845
4654
4873
2854
1502
1926
2888
3249
364
4206
2917
507
258
4838
2351
831
4043
2954
3445
1688
397
2460
4895
1227
1569
1646
3445
1357
1729
2974
4599
2395
1719
4580
4153
4170
303
4954
614
926
1488
2569
1250
4457
1222
3144
3073
2621
3119
4606
3521
588
3601
2500
4267
541
1986
172
4095
1934
1103
932
825
3693
1274
2751
3328
2956
2966
481
4762
3941
3063
4526
4080
2757
4362
3063
2253
4339
929
6
3820
4517
881
1032
3368
3670
4848
589
3615
120
1259
685
4319
4402
1021
232
3751
2890
3595
482
724
4718
3666
2504
4050
4125
1424
2342
1121
4621
4160
3876
4484
4450
2286
2504
3942
4895
542
1278
3918
28
3303
3569
4196
3303
1252
3633
2052
569
2685
4751
839
4177
3802
2061
3714
4745
2783
4451
1194
4797
766
1892
3783
1466
963
4119
3700
2679
1483
4751
214
4730
1194
4118
2931
520
2685
1393
2539
3834
1068
1669
1196
4627
4969
2569
3888
3585
4784
3529
588
2522
1837
2225
2264
4718
4892
1986
2392
4742
3246
603
2844
2600
1763
81
3000
4702
2689
1387
1254
4789
1095
3084
1980
29
3943
2079
558
3212
38
1223
3028
4339
4646
4668
2455
3399
2618
1737
1577
4158
816
4298
235
4975
3698
2896
2801
1860
938
1314
2375
2145
1256
4319
4822
1290
4460
2103
199
3576
2305
2799
4797
1204
2116
805
4508
950
2238
2719
773
26
1187
3254
742
361
2556
294
2636
3008
2003
4573
1018
1332
1066
497
1215
1548
2800
1720
2611
2316
4484
695
1484
4604
2325
513
3862
1964
3818
845
1754
2611
2920
3343
1006
4789
930
1150
264
311
2971
3820
693
3580
686
1024
3451
4509
4841
3624
3338
3916
1540
3783
4662
3008
264
1218
395
4451
4982
3595
4573
2073
2831
109
963
3545
1267
3720
3212
894
4090
2379
4281
1283
4154
541
4669
1569
1392
2966
262
4819
3162
4680
262
985
3916
4501
2435
3375
1503
4214
3162
2719
1115
4046
4829
1257
1296
2410
3663
711
89
3368
2754
893
3391
3321
3120
894
1129
2323
3240
2600
2401
3642
509
3810
2365
2506
2287
164
4148
2987
4346
1457
591
3930
2058
2341
1523
1066
3875
4153
3633
4597
756
222
2097
3841
2979
190
1221
2097
1398
3195
3055
190
137
742
510
880
962
2706
4102
2166
3388
621
2579
1719
4104
4844
2345
692
1632
4936
1854
2716
3160
4956
4405
354
461
4592
3655
2716
2091
2833
1307
4416
926
4296
3120
925
421
690
1854
4006
223
2954
4095
2324
3195
641
2232
1698
2667
226
2465
849
4458
1257
2539
2181
2811
3819
3424
2833
3523
2041
744
4810
4909
641
4958
775
882
4823
2811
3930
1768
4361
338
1215
2007
4513
4072
976
1839
852
4871
461
2096
2565
4474
1925
3161
3892
4379
1158
4188
623
4233
1182
497
4254
1267
3271
1042
1635
4984
1244
2601
3412
4613
3556
4837
591
1259
1469
204
962
1948
3739
107
3544
4741
1342
2287
3084
3787
1312
2748
489
815
2099
1231
3989
1875
2972
1308
4447
3918
4613
844
107
2200
4644
2618
4860
1940
1674
2099
1278
1975
1456
610
1637
3446
3466
1673
4936
2120
4842
3022
1157
4579
1574
3666
2317
1750
923
4426
1453
509
692
4524
1337
506
358
4287
458
1699
4458
735
2715
2979
2877
4471
4644
57
3177
489
2597
3855
4680
1684
540
2792
1013
3002
2120
4210
3435
867
4393
2656
2365
868
3357
4233
2797
17
4256
3781
1204
177
2544
3326
3317
4597
4600
3560
1787
243
3325
3032
128
3330
4007
4688
4979
4306
3215
2987
4434
219
1181
1114
2821
4694
1281
4818
4524
1863
644
1
4114
3794
17
782
3476
4530
2221
4461
3389
807
4630
2937
2368
73
2715
949
957
98
2763
4361
2656
1308
3522
2368
4375
593
4818
3620
3314
3989
1911
3815
4223
562
2174
3573
2792
3593
3645
1907
1703
1469
2233
3022
4053
2260
1655
4399
182
1028
2599
286
1863
3741
2823
3834
286
1671
4082
1384
2920
2794
1565
4399
4472
2211
26
1409
1837
4634
3935
197
444
1159
3610
3015
2894
627
455
296
319
872
950
184
2199
2323
3737
2359
3620
1555
3254
4346
2546
4025
309
510
2043
3695
3656
1200
2229
69
3999
738
2562
3232
4913
1486
1220
54
2633
1771
1072
428
374
1453
2130
2076
362
1069
2575
3898
1388
3312
1731
404
2106
4610
1481
3723
1250
1024
2049
4386
3004
1658
3862
4257
2419
3274
544
1698
283
2270
3731
2079
4707
4640
3619
3387
3950
538
4756
2808
3648
766
1658
1815
197
1612
2473
2570
2107
2018
647
830
777
3536
2372
835
4570
985
957
2317
24
3121
1911
2492
2836
1357
1881
2515
128
1298
4024
2605
4682
4111
3841
3849
4402
2174
1640
4672
1664
921
4059
4672
1872
3193
24
1169
3573
628
1375
415
1298
4111
1726
3164
1193
243
4477
4270
724
1101
1090
707
4822
3310
1742
131
3589
4154
4841
2849
3176
3236
4257
1213
1164
1555
1337
575
475
2242
2417
1612
1225
2866
158
2253
1225
4316
4957
4959
46
306
3589
1787
866
4426
1230
3808
4316
3541
4514
503
3497
1752
1169
4176
2940
3479
711
872
4568
1481
3279
2977
3685
1071
4249
2221
2382
379
2398
850
4640
410
2390
2492
2484
4073
1388
1042
404
1768
1715
3836
1896
3314
4249
564
1695
3379
4772
4176
2484
612
2472
3391
1715
3171
2333
1611
832
4595
8
2212
8
3598
523
237
185
4563
623
424
4739
2558
4592
1735
4325
4616
506
4679
2654
4261
1543
3088
1957
4755
3062
4868
4501
1695
1000
772
1522
3554
3230
2315
331
1957
2821
2201
3610
3343
3137
2725
242
1429
877
165
2177
4900
923
3223
1037
3229
3494
2401
1037
3143
1369
3663
2683
3255
2415
4396
4014
2664
305
2953
687
4086
4443
306
1783
4135
131
3670
3809
1674
1236
4443
578
146
401
4284
4900
694
3122
89
2669
1130
3893
3408
3354
2293
1523
45
2866
804
4562
2286
1448
151
2657
3280
2884
319
1213
3567
2649
2297
866
4262
2047
1198
1726
2214
4985
2875
4416
2220
3541
3682
2594
4598
869
1411
1420
283
1915
2875
2293
3656
2386
2297
726
4211
3429
3374
2465
2876
3855
3275
87
3341
3353
2819
4054
4308
1475
1841
1732
2632
2074
1464
3765
4350
1755
2382
2841
4475
2780
3374
4849
4077
3302
1699
865
3321
3302
3752
309
3406
2159
344
3406
4772
500
1426
2819
3645
1772
2175
2324
1811
50
298
2204
2765
977
596
2925
4821
3078
2350
2154
2739
960
4674
3032
3071
3282
4786
2823
4630
4476
2047
807
3386
1318
2601
2142
1064
4744
2739
4321
3960
2216
4211
4737
401
1800
4578
4278
2801
1315
1055
1422
4786
1122
4321
2502
3327
1274
1315
3025
2359
4869
1426
2020
991
4157
3528
1924
3206
2780
2118
2260
2184
4661
438
2508
2511
4157
1925
584
4462
2385
3532
3667
1429
1316
2419
4414
3460
630
882
4086
3412
120
1316
1201
28
3213
2046
695
4549
3136
2373
1396
4146
775
90
2680
1282
3808
793
3365
2510
2932
3718
2154
3682
4932
2306
778
2373
778
698
3116
113
3350
3078
3393
3277
2216
4315
1440
2138
1788
4817
4899
2919
379
2758
1980
3360
527
3883
147
4758
4528
3792
1136
2689
2252
4595
1369
1597
4438
2252
1499
48
3014
3112
3950
4459
483
76
2138
4824
1648
1906
2171
385
1422
2546
1288
1413
4104
2242
4667
2999
63
1097
3961
831
2495
988
3520
3136
2272
1557
3575
3148
4976
716
2772
3373
1172
1133
2901
4004
4459
375
4262
399
83
280
4471
2018
844
2204
1856
95
2066
1881
3298
4090
4724
3856
2034
948
2888
4724
596
3839
2233
4397
463
3054
1772
1291
3115
4667
4731
2990
1475
2990
4381
2566
337
2795
3085
298
2566
1680
2178
4337
99
867
4608
2478
225
2605
3866
3786
3713
951
4034
3514
4922
599
4959
2014
586
599
1291
3446
4764
4676
3334
4731
2211
4849
4762
203
96
203
1108
734
756
2072
4761
3463
1602
2449
3703
673
1174
4442
3137
3117
4831
2053
2976
385
4814
4958
290
4239
1634
607
592
1634
4326
2994
1131
142
3460
4335
2339
3316
2784
2932
3466
3326
1248
3640
4840
4180
3528
3900
1511
3213
1131
188
2578
1043
2795
2509
781
3257
441
1890
4585
2688
2149
4000
4519
532
4476
4304
2517
237
849
259
4850
3273
188
3957
857
1611
3229
3518
2212
3949
2727
392
3360
3002
1270
218
2634
1188
338
3618
367
3613
1511
2296
2046
3888
4217
1122
2106
434
3230
82
1186
185
2901
4337
1486
4314
3470
2003
3290
2665
1544
4398
4608
3717
1174
4004
4896
2069
4850
1693
3802
2073
2086
2054
3980
3335
494
2838
1323
4138
767
902
1833
3608
3722
1852
1438
857
392
3296
4626
1116
4616
397
3215
3088
2064
4220
2749
4050
228
4557
4896
1718
1117
4761
4557
4093
2688
3582
1349
1790
1887
4541
3792
3877
3190
3277
2439
2229
1164
2024
2176
1005
2476
2159
4830
2683
4830
4664
3451
4657
3226
909
1958
4817
4831
4220
1958
2267
1665
4304
1117
42
1288
2836
586
3723
2924
1514
732
239
3385
3582
2597
2749
4424
4326
1655
670
3667
1620
205
434
3722
1261
3344
4991
732
1224
1935
1005
4345
1602
1723
3847
3490
4979
3675
235
1684
4189
979
2243
3055
670
2678
1886
2228
1678
3968
239
3944
4676
1952
4683
804
1817
3898
2840
4199
1632
1886
3785
1514
4322
2947
2237
4453
1729
4059
4515
3839
3473
414
4048
414
609
4322
4148
3327
2334
2054
1188
600
564
384
3381
3389
2711
4614
4497
2378
12
1700
999
2334
1101
256
4400
4164
1782
3630
4164
125
640
149
1533
2773
2905
40
1635
3444
4839
223
344
674
1993
2665
4839
1718
1355
658
739
3235
1255
3310
1616
1717
4450
1764
3494
3194
482
1745
2243
218
281
1921
3703
2064
1884
3228
4607
1951
4650
3393
4976
4453
3184
1749
2283
2223
2421
2822
1468
1110
4370
4315
752
1624
2614
4819
261
4098
4359
619
4375
2147
3030
1665
3529
1162
1002
4370
3847
2808
2955
945
221
1952
3662
2010
974
529
3817
4320
2476
415
362
1411
3030
3546
999
1166
3517
1546
896
1678
4639
934
3201
2848
480
4078
600
4668
4078
3708
2030
4528
3596
3729
1130
4378
1656
2627
1231
3385
731
4036
4615
2924
3881
347
1763
2067
1405
570
663
640
2765
2115
1382
2231
1846
505
4314
3458
4560
2392
4760
4313
2256
1143
53
1572
704
1152
3599
4454
2019
1681
4760
39
4920
4239
3239
1559
1783
4553
1027
1620
1255
1349
2895
2378
1613
1181
4442
560
4419
2911
4498
2997
345
1543
1992
2168
727
3544
890
3988
1094
1573
2947
2580
2241
1564
3596
4419
4448
496
3518
4612
1770
4689
3143
1649
174
1383
345
780
3447
993
474
1752
478
1127
3559
1766
148
4298
4955
4526
2508
974
581
2728
66
3758
911
581
1728
3909
3458
1728
3363
1521
358
3758
4549
2178
2589
4882
4389
618
3255
3236
2806
2256
4920
1895
3838
2450
165
1660
4138
2255
485
1463
3959
4089
2255
440
4152
2450
4709
1025
1739
2592
4098
129
3559
1483
4916
4360
4840
480
3024
193
1284
4909
1927
1165
1206
993
4691
2834
170
4553
3638
1110
2027
1284
1524
3273
662
1927
548
98
4048
540
1782
2111
1465
619
436
39
4537
2139
3173
2291
2953
4223
967
2127
2840
60
4556
4308
447
1778
4697
4071
3172
3444
4063
826
1420
3298
2680
2574
4871
3104
4955
1976
2832
4828
3183
3738
1383
4674
3715
754
3864
4962
3104
4495
3542
2776
4393
4079
2144
4899
873
2336
1924
942
3415
2230
4812
1094
2483
3698
3971
3840
3491
769
60
2592
1732
987
1248
4438
4334
570
2884
2777
3581
248
648
3152
3842
2513
4274
2514
3206
1362
2070
2172
3701
3581
2711
2350
888
495
4152
432
3701
4046
3929
3081
2147
2270
2329
720
2805
4770
720
4807
4687
1147
662
47
2991
1116
734
3881
665
3414
3465
96
1104
1111
616
3524
3923
4517
4410
4389
3522
3929
2023
4215
2202
3511
674
3280
4691
230
1397
4229
627
22
967
4350
1542
4445
158
4807
3139
1296
2020
3548
2466
221
1027
3364
2023
3810
4565
4023
2859
3672
2167
2816
3744
3049
3789
1774
324
4530
4727
3386
2814
2503
2336
2051
4081
2707
3267
2015
3453
4754
2072
170
2083
4877
357
1687
2280
208
1380
2956
3006
990
193
3736
700
2650
1521
4537
1205
3267
3555
2806
3000
1828
1283
665
3952
4541
3480
2937
43
1910
972
4500
339
2415
4479
2167
2771
2384
1965
3994
4985
4477
3736
3780
2289
1915
2738
4503
2158
3491
3864
2814
618
4124
1305
1633
3428
1816
1909
4079
3006
4652
4243
4628
3113
4435
4733
4923
4973
1254
925
3780
4733
2975
500
1463
4710
514
4166
2544
3113
3279
3966
428
2771
754
4685
3354
332
4378
227
652
1504
2474
1636
1158
336
1546
2805
2309
3966
1607
3099
1997
4369
4498
4596
2965
2084
3103
2272
648
103
4621
4015
3465
3718
1226
3570
4519
1559
3964
991
3346
3693
928
1365
4565
3923
3886
268
2607
2200
2974
1153
850
1097
1921
1153
2973
1670
46
113
3473
4587
1329
4650
3937
4479
927
94
2950
1572
873
3542
927
2660
1702
3086
2869
2654
3708
1039
4287
624
248
1613
819
2442
4014
3548
2503
1840
2333
3428
3845
4846
2070
2537
3033
1669
4710
2137
2649
964
1784
2556
3555
752
2997
1381
455
2515
2223
4109
2158
483
3087
826
4754
3080
4064
3892
433
214
1770
1800
474
4715
4081
4377
3059
4418
4222
4271
3087
1828
2520
4276
1015
1039
3957
495
3150
1179
2516
4467
138
1080
4313
4112
95
206
236
1866
2149
3521
532
978
265
3833
3457
2340
1381
1102
4685
975
1228
837
3375
4197
2322
4820
1400
2848
2417
1941
2038
3540
2296
2035
3562
13
3408
3640
1149
856
4973
1464
1111
3311
2188
4109
1817
4814
3563
1500
3854
1852
727
14
276
4243
4274
959
13
3562
1506
1465
513
4802
111
100
4020
4972
1052
622
2849
273
182
4166
3994
3848
4972
1976
1458
3821
1410
2161
4489
1474
2627
3130
856
3130
700
2232
664
1500
3305
978
4545
859
4445
3089
3234
3005
4212
3866
514
1152
2328
4023
1343
14
36
2340
3287
1199
15
336
3187
4020
3768
4035
3563
4777
2709
3759
2946
2788
4988
859
2660
3662
975
1533
357
683
4405
4323
252
1679
3304
4598
818
1899
4593
1722
4705
4961
1286
2150
3527
1842
2603
1722
1866
3049
423
323
4593
1480
127
1601
213
1386
1899
2322
2266
1975
2409
1059
4035
4746
1236
1286
2067
105
2193
2574
279
4858
1691
4054
2244
4222
4982
425
1099
2346
1099
2763
4068
755
2767
1052
4441
22
3464
1565
631
485
4847
241
2510
4312
4858
3033
3692
909
2770
846
938
1015
4628
4467
3915
4820
4441
2641
127
3320
1776
1789
367
4019
2093
1329
2777
4089
1776
1123
2393
4360
593
3821
293
4556
755
1106
796
2946
1702
3822
1603
2609
3090
4019
4198
1474
1480
2481
2105
4
1765
1959
1843
4942
817
3613
3323
3567
2193
3675
726
110
4008
4
3599
3543
1100
1263
33
2251
3045
1184
3038
4422
1607
3239
3642
4941
2797
2644
4701
111
2905
1355
1765
4497
1908
4829
4712
103
2737
2010
4880
3795
4983
2863
369
4983
4000
1823
4712
2348
4312
1048
1599
177
166
4737
2075
2536
3238
3877
4941
350
4562
4773
430
3813
3761
3937
3456
3235
2902
293
1415
4584
4329
4495
1102
254
3578
2727
4015
3651
2481
2951
3926
399
4136
1525
3157
1733
2825
3992
3766
1786
4634
2228
3833
453
4726
1260
1687
1525
2817
1717
3607
3304
2855
4506
2458
3292
1992
4578
1504
4773
1065
1268
1154
2880
4276
2066
4246
4008
1065
1536
1599
253
2619
2153
1536
3738
2822
2329
1394
1878
2536
3765
356
4942
2863
4215
1506
2520
3587
4468
2191
2804
987
3968
1327
1149
299
1025
616
259
1327
3133
4448
2269
2555
2855
4263
1945
2585
1106
3133
617
1415
4121
552
1626
1603
4736
2832
4559
4403
2214
213
4403
1006
3848
617
624
3489
1123
4454
525
4869
4197
609
4084
525
3470
110
372
174
833
3807
1466
3107
3023
143
2720
2155
395
3578
1774
552
3614
4147
4376
2644
15
3268
1862
2133
4912
2895
1119
2838
3733
1639
2843
3705
2042
143
3980
2430
790
4779
4584
4875
2843
1885
2155
2800
3242
2898
45
3778
2364
3520
1520
4183
2828
4953
841
4612
1938
1882
3854
2585
3154
4775
3287
693
527
683
1690
1353
2168
1520
1880
2127
4390
3371
104
3270
3882
245
2430
3921
3238
2936
4588
4493
124
2414
3107
3789
779
1909
1954
2049
3700
3733
4864
561
779
4400
836
3054
1967
118
2612
2803
2885
346
4036
1239
2134
1967
4368
4637
2516
1846
90
3099
4422
2784
2607
3127
1682
3045
3225
2292
68
2720
3464
3342
3157
2107
4383
4039
2904
4626
1162
2191
4194
440
597
2904
1823
2498
2473
789
4907
3421
4619
4907
3363
3517
869
2926
3587
896
2664
3523
3352
2381
3495
2328
4275
4338
2871
2746
2201
2746
1537
2564
1498
3921
1334
3612
245
2580
964
3377
124
369
3672
1639
4194
4880
2314
1688
2220
3891
249
1281
3527
3623
2432
4504
4641
1295
3316
1075
2733
1061
3495
3634
3023
846
2603
1848
1712
4653
4245
1505
1484
3349
3336
2940
1145
3828
1498
2478
1080
1705
1754
1206
3328
2930
100
499
3349
646
735
4989
3305
1920
4918
2126
1843
2188
4202
1061
3606
897
3163
3041
4525
3021
377
4348
4587
219
2362
342
555
3345
3524
4051
4997
126
4082
31
4806
3623
4806
4886
3345
2015
639
1626
2817
1059
3217
4358
4912
3272
346
3154
4042
2483
2385
3336
3654
2634
1920
942
1706
4407
1126
2614
4989
3453
3850
4847
3513
3606
3813
4619
2115
905
3654
4533
1848
1945
518
584
368
2668
1058
3156
3005
241
2869
2555
3513
2414
4045
1556
4140
3071
4663
1756
3759
1548
1045
1071
808
1853
3686
4052
3511
3126
4093
4649
1143
3911
1706
897
105
2798
2208
3676
278
3335
4045
4825
2375
2834
4997
3911
161
2185
4875
2048
4258
3344
2461
3938
2453
1473
1360
4369
3846
4258
4323
84
2652
4472
2265
1192
3339
2579
3156
2793
229
2119
3846
521
1371
521
4358
1107
1954
347
2704
667
697
3306
2240
3352
1493
2236
2772
2074
741
3622
2456
2175
811
3082
915
3166
1759
3262
1705
3110
2111
1075
2217
3530
2761
3530
2619
902
2733
1640
3356
31
4638
4938
1760
1526
1690
3356
1853
4205
2084
4663
1799
166
4864
2941
4083
3766
1940
2788
1505
639
2369
716
2883
2251
997
4133
2290
4583
3376
2898
2930
2661
1775
1367
2453
1159
3138
3351
366
4709
4637
2975
3067
2105
1126
3165
1812
4245
1743
3777
2661
3110
2501
3475
2941
3019
3857
2950
3376
1330
1294
2773
2796
4205
4507
4835
4198
4025
4324
3676
2039
518
4433
1016
2451
1691
1401
1882
327
2529
3503
3506
4126
1978
2542
4590
4175
3425
1096
3334
3933
4722
2931
314
4483
2456
4649
4483
3126
921
1761
4500
3268
1240
3727
1096
3388
3800
3795
1919
3951
3331
4165
4114
1409
1850
3323
104
1467
3350
3256
3800
2090
4678
886
3014
2505
899
2093
4922
183
2043
1587
1161
1742
4756
4159
1908
3890
3629
4802
758
2507
247
4286
4583
4238
4338
204
150
2144
419
797
2236
1619
3910
3138
2758
2311
3739
4065
3296
738
3565
2021
4678
4076
577
4051
4475
2126
460
138
366
1240
1696
3952
297
502
3933
3694
504
10
4828
4183
3283
2205
3867
3112
10
4995
3083
2396
2051
1833
4645
3425
1200
4600
4199
4324
4607
2457
333
342
4898
1885
2331
1199
191
1978
3196
4569
4359
4186
747
3896
3867
1400
3910
2629
234
4177
924
2909
332
2909
2016
49
3442
4303
2802
3565
1760
4574
583
2265
333
3702
3900
1432
3627
1919
4290
1830
1791
2036
1222
717
1014
4142
3951
841
717
1775
1266
1936
168
1172
2707
2011
2036
136
4503
899
1946
2420
1737
2240
2994
3629
1710
150
1105
317
2396
161
436
3590
3232
410
2027
3575
504
1575
3694
433
650
1058
954
907
3681
4750
1010
3067
1492
758
3509
2369
2818
1127
1990
2582
4705
1417
4075
3017
4136
1526
180
4179
4664
1918
924
1617
2846
2523
2870
4842
3869
4353
1918
2767
57
4410
524
4950
423
4717
3227
4027
1043
2745
4250
4715
3148
2787
84
1014
2525
236
2215
1010
597
3199
1977
1343
175
136
1875
2348
1716
3416
1995
729
1995
673
1135
1104
36
1710
4246
3891
1202
2826
836
1493
3019
1371
3283
3488
1982
583
4142
3692
3903
871
40
565
201
2139
2862
102
1949
4001
3227
3852
3079
4744
4639
2215
3828
126
3869
1185
4216
3292
3105
3778
4052
655
885
4171
3061
4290
3926
3771
2123
1617
2529
4569
655
512
3266
3931
1977
4384
3772
2890
4126
1922
3269
3419
3484
3625
4717
3092
1697
2699
2965
2865
3387
650
767
791
1333
2172
791
2169
1982
380
2451
1615
4103
886
2900
2831
3175
2153
577
1561
2851
2886
4609
2261
3152
3896
3484
1842
3416
3115
225
3250
1615
2128
2209
4250
1561
1322
1859
1887
1330
1738
1040
3724
1663
380
4854
3732
4391
937
3196
3090
4377
3961
2304
471
2729
2304
4171
4037
860
4096
2157
2865
4391
937
3035
2169
317
1575
4329
2787
1864
87
2907
1147
1739
2537
4116
1408
1402
3199
1004
3475
1211
1046
3482
3294
4121
4570
1467
393
1703
1408
4923
2190
3890
4543
1040
4283
416
1578
576
3402
3840
1735
3001
328
2428
578
1549
3843
4722
2011
1917
42
2501
1046
4543
3437
324
1008
4522
1744
4096
1712
1219
328
4913
2448
2532
3732
3331
2980
2735
4555
444
1578
3702
2423
2829
4665
4030
2437
3001
2678
2829
565
2209
3092
4906
1901
1295
659
3777
1397
4186
3075
790
862
2109
1479
139
3169
4371
4110
4189
1831
3418
1219
1354
4854
531
635
1764
1661
904
3650
2844
234
904
1297
2039
3650
1207
2230
4532
2037
3927
1297
1938
1017
4529
2748
2524
2309
3850
1354
3830
3275
3956
729
4510
1148
4873
3790
1826
80
3634
210
4353
1148
4143
1799
4994
378
2409
4532
1922
3061
2770
3958
351
1184
3843
3116
4898
2485
2512
4105
792
4139
2109
4037
2474
1537
3346
740
4914
3217
792
2089
1656
1831
1990
4696
3651
4939
699
487
4216
2261
1826
1161
1311
1832
3018
4418
3627
1743
3437
4684
2134
4204
1701
74
815
4590
3956
1949
4344
1017
2112
2542
378
3977
4241
4343
851
3086
3790
2867
4901
2738
2728
2867
3644
149
4925
4384
1179
2381
133
3955
1849
1888
2164
851
4736
1809
1282
2280
460
4373
3306
2437
973
4591
4862
4684
915
3727
798
2582
4335
2743
4671
4925
3181
1394
4457
2289
3270
587
2824
3181
4591
2269
3098
4574
499
3098
4948
4602
4930
400
4552
3798
968
4641
3798
740
712
1849
2774
1185
1700
4165
2723
2724
4602
421
471
4862
4113
862
2876
121
2871
1662
3018
2891
2796
1091
2290
4853
2294
943
4544
1051
2489
41
4490
3474
667
4174
80
2533
3925
487
2498
4490
1987
4373
4092
622
156
797
2394
502
2298
3228
983
4824
3715
3761
3886
750
4009
484
4368
1076
4729
140
4292
712
4040
1076
4745
1216
4040
4791
3992
4930
2420
1468
4948
416
4382
771
1317
268
2298
1119
1727
3835
913
3289
1888
2533
164
771
498
2980
2512
1339
3712
4805
4343
3289
2911
1339
3955
429
2798
1867
4030
260
1994
615
1880
2402
3712
2275
3533
741
1662
3509
4774
3533
750
2090
3979
327
4009
4075
2907
2077
4967
2735
2008
798
1538
81
419
531
1342
3396
484
207
3608
1432
3190
2802
517
4232
192
629
568
2662
4547
2986
903
146
1916
4903
1216
4452
1031
3835
273
3742
4696
1417
498
871
4097
1235
314
2936
2699
4275
4671
3688
2071
139
3482
3057
3590
3097
2485
3474
3210
2263
4967
1581
4414
3140
769
4283
4564
3210
192
3187
2870
672
788
4263
3097
656
2803
3949
1382
3089
4105
175
3649
2550
789
4088
1458
2436
4906
3396
1955
1676
2121
2880
1830
305
217
4878
1450
4522
2851
2263
1118
281
4507
2457
2112
1791
3849
1727
1074
4207
1964
1867
217
1277
4933
2886
4769
4781
1556
3123
1125
3561
297
1539
3179
4110
4698
4638
4468
835
2037
3370
3075
135
4859
1074
3685
2568
1398
468
3057
4336
1031
612
349
788
1431
2411
2671
2292
2842
2210
191
2913
2790
3414
994
4088
3413
271
1566
1133
1277
2568
889
396
4886
768
4452
2071
751
2442
1941
1616
1105
3677
818
169
1792
3993
74
252
1780
339
2075
4919
3231
4011
2121
465
628
2662
184
1696
2461
3677
341
1792
2986
3342
442
4564
2131
3168
1457
2764
4657
4933
75
2764
776
3499
3644
768
1289
569
4846
4306
4470
207
2436
2543
2411
1631
2637
2677
3080
3351
1268
3894
1317
1784
1622
2983
1814
2677
1895
2164
910
4229
4174
960
4357
4034
1050
169
3370
3781
4996
3168
2918
3986
2267
1879
1519
1311
1594
4401
1701
3592
3260
888
310
1891
2820
3260
4133
2019
3686
3502
4716
3052
119
4260
1450
1936
4853
3554
208
1999
4826
2629
843
3127
1263
824
3041
3364
430
3052
3986
1789
3043
1581
3211
2613
762
285
2319
119
918
2804
412
49
2916
2319
1455
372
1622
2913
1320
4083
3191
1320
2553
4918
2454
3117
4615
2587
3502
1299
3269
4203
4677
4652
646
1993
3724
1741
2951
3192
990
4336
2859
4334
1749
2103
140
703
4729
337
459
4698
4357
913
2983
2454
1557
409
459
4596
2704
442
2642
4226
833
3105
4774
2586
2119
2945
3301
4716
3021
194
1818
4489
3016
4919
102
1671
1299
2989
1437
446
3734
592
4288
2812
135
1814
171
889
1507
631
1235
446
1211
2358
2210
528
2131
3965
951
2532
2423
4781
25
2853
1438
4260
2943
1455
3791
3456
697
2686
341
180
3546
1808
3965
1207
4328
1955
1917
1401
843
1351
1515
4478
323
3153
4431
429
2545
3159
284
2295
3775
4805
4552
1818
1170
672
4891
4617
3920
2550
3042
813
1139
813
1685
4159
2543
2744
1028
1209
212
2434
3887
5
1748
701
3537
3042
1379
2842
1285
1351
1937
212
2922
2137
3906
4012
1092
1326
3159
3489
2775
1832
4175
4908
4202
2874
2846
3803
4259
3415
4929
82
4859
2752
3301
4908
4288
3121
1636
4779
1103
4914
1285
3402
4931
3775
675
4891
3967
1141
2824
2812
1141
402
572
2760
2202
1322
4699
3649
776
2769
3165
983
3024
1437
1226
3096
970
4156
4494
3901
1968
4076
3153
2462
1968
2743
572
550
3096
4397
1997
1761
3588
5
4259
1405
1345
4303
4903
3413
652
2769
2752
4156
4838
2782
86
2671
613
4952
4480
4493
3192
152
2045
3681
4382
2176
2117
675
3278
4555
4435
3492
4791
2642
4012
2489
443
524
2530
613
443
3510
2745
1560
3993
1108
1334
550
3043
2874
1473
4688
952
512
4179
3166
4777
1289
2505
4492
3256
1738
2311
3490
848
968
4857
3791
3140
4463
3984
2912
848
435
4876
1507
4145
4547
1035
282
701
1856
1744
2275
2379
4318
4614
4876
2273
77
4145
2723
4207
677
4785
629
279
2161
41
2912
4212
2364
1260
285
2136
796
2713
3016
4113
1654
3252
3760
2551
3433
1745
1560
1677
3801
3678
2402
4699
4404
2394
4996
669
4683
2635
3678
1470
2524
1155
468
2534
994
3838
3906
77
2989
72
4792
2448
2291
2916
1566
824
4610
254
3320
1030
2077
2862
2623
3852
3617
1035
2623
1050
3641
1266
3944
3225
4594
1781
2647
1503
1155
3433
2887
72
3659
2621
2398
3467
3251
292
3988
709
505
4039
2128
3312
2887
3673
615
2878
1741
2837
1030
4494
784
3893
784
4383
1999
2045
1550
2136
3688
585
1780
2853
1864
2525
3991
2818
4297
3191
3399
2353
99
517
3617
1479
3250
2945
247
4285
702
402
3442
4348
2088
4995
2815
4285
1125
2820
2658
3017
1781
3035
3051
4682
3557
943
4536
568
2564
4952
1877
4544
3557
4084
4594
3504
834
2089
2837
1395
3044
1798
2231
696
2433
690
696
2445
2482
183
585
4318
3278
747
2491
3897
3827
3504
2744
702
676
4292
411
2117
4609
3742
1859
2593
2273
4344
2226
1587
2222
2226
1365
53
2850
1676
4017
4374
2017
555
3607
292
3717
2000
4297
4548
34
1092
2710
834
2406
1836
2710
1390
1716
1091
1528
321
3132
4065
709
4545
2433
907
2973
3079
1850
2791
1778
4750
2013
3252
817
1118
1547
4770
4463
2425
2321
4080
1811
1836
676
1535
3614
977
4836
4792
2969
1605
745
682
2878
4878
881
2850
3967
4302
4548
1998
3592
4411
1597
1562
1436
4706
1421
1436
278
3801
1374
1816
4857
152
4001
1820
1989
1139
88
4097
3803
973
4669
4768
4087
4230
4143
3641
3404
2013
2326
2030
4588
282
3180
4510
4677
2321
4902
1694
260
2612
528
4092
1798
3318
1840
3931
2551
2686
1374
33
4929
349
411
691
2791
4784
635
1445
4185
1547
1600
4371
1150
986
1600
2208
3492
6
3561
2081
384
2081
3404
2522
2000
4433
3409
4465
2657
1445
4342
3467
2353
1601
4643
4769
1404
2495
4017
3318
1645
1589
3172
3173
1937
986
2406
854
4376
2553
2294
435
854
3903
3537
3050
2190
3409
3796
352
32
280
3369
3826
4146
4226
3669
352
2530
3669
910
1333
240
1645
4053
261
2016
1550
1733
3507
133
4342
4589
230
4746
2017
4589
3081
3836
240
3013
3251
393
2096
115
1228
3734
2185
2283
691
4169
1413
1016
4934
4984
1681
3705
3826
3129
4882
3025
2123
4193
1431
3481
4230
171
3657
2345
1965
4934
3262
1243
2652
2587
2593
3204
1631
1649
718
25
3048
1694
4271
703
3204
1243
995
3015
708
32
995
1959
4474
4302
2703
1230
1318
1998
206
2617
2021
1421
4966
2617
409
2645
253
3948
783
548
3588
400
3764
2400
610
284
2793
4169
1664
4706
1677
4478
4785
4939
1427
3744
3887
1427
34
271
3510
1542
1723
4311
4951
2703
4311
432
300
2952
4345
2952
137
3497
2900
2864
4077
4087
3499
3369
3163
4011
2181
4743
2658
3059
3924
4861
2271
3047
3928
1476
1406
2480
3762
1553
2620
2163
953
2527
2882
1176
2468
2835
2371
3806
2914
1085
3106
4244
4150
4981
1272
4273
4117
4558
1321
3198
1653
2029
2873
1251
939
1253
2026
267
935
933
920
1160
4611
3621
3174
307
1898
2004
2441
2766
9
3975
721
70
1280
3658
2104
1530
917
4815
2028
452
2388
1983
2731
1346
1478
1969
3264
1494
3861
4195
4719
3263
2718
2948
4535
1570
5000
1340
785
3728
573
4732
511
2759
4943
2695
4499
4863
1725
61
1838
2496
2872
4910
3095
3571
2224
1647
4190
4227
3383
604
2690
4446
4417
4038
1667
3170
1328
3500
4735
842
4367
4151
4659
2288
1516
398
370
1583
916
1012
2548
3348
390
4309
2781
4586
4455
462
4887
861
2964
1233
2426
874
3417
2407
301
108
1714
1385
3151
2497
3012
1265
2055
2845
4801
1138
2563
1659
4813
2009
2300
4888
470
2356
4986
3261
1851
4200
85
1366
4885
4971
3245
2429
2588
1527
1210
4392
3531
4280
1454
989
3998
4656
19
1217
1795
2494
2736
4618
2928
4062
2518
1961
3825
3462
2470
645
2125
4575
1942
3914
1576
3516
3907
1067
2698
3884
3936
4790
1301
1806
1403
3124
713
2701
2998
3020
4866
657
4218
4690
537
334
97
4067
3459
2741
3837
1347
1810
1439
4094
2276
2337
2246
418
4106
3519
1302
3093
2768
2087
92
3027
4999
3804
2025
1508
3309
2910
3716
3222
3981
3034
1501
3307
922
823
2499
1335
1348
1168
3208
2559
3922
996
1089
2903
4213
4356
1545
3704
2572
1981
4415
1007
2195
3293
3797
4629
634
3300
1707
878
386
3487
4209
2608
312
106
4482
3202
582
224
2933
2262
2082
2056
4795
2183
1928
1361
1807
4747
3218
353
3697
244
67
2673
3776
2279
1972
3498
3443
2860
3436
2173
3065
4427
574
2063
4834
1241
18
2740
79
3940
4253
984
4365
4372
2490
649
940
3501
2684
431
2012
3247
4242
2705
3407
145
3091
2418
2531
35
1389
2970
2313
2538
553
4752
765
371
1900
2567
1638
493
4622
4780
11
2573
2338
3974
477
56
365
1273
4651
4293
4944
2988
1352
1683
680
3319
313
3631
651
3237
1580
1777
4974
4488
4184
3603
4670
467
4363
2114
1364
196
941
3469
3963
2100
838
1178
2638
1084
2277
660
3597
1416
1592
800
3214
2730
21
3031
4949
3885
4061
1591
3077
2443
4295
4192
799
1020
1044
2444
4352
4332
3679
1970
1070
1847
4031
2789
3572
1858
806
4520
1246
132
3730
753
3427
4141
681
3851
2639
2320
4132
246
879
1988
4291
381
2602
2180
1641
3039
536
3072
2197
3721
533
1740
1487
130
3009
530
1461
3779
2098
3586
2687
1203
3372
3735
3661
1713
3591
4915
176
2640
966
2132
2682
1642
4879
2254
1443
4412
2856
4721
1902
4162
895
4208
3550
638
2094
4787
809
449
1109
3324
3860
4502
1331
1668
4440
3725
3539
679
858
30
4704
4265
4430
1903
394
3281
4572
1079
1098
3719
1303
2059
1142
580
1009
2285
1869
4327
2670
4182
4456
4889
2813
1026
3167
3639
3769
4833
4055
4998
287
3643
4601
3382
302
980
1245
4279
4603
2431
1472
4642
2078
117
3295
3265
4576
571
1086
3824
2528
2868
3029
1459
1855
1510
1644
3361
189
4069
93
1509
1078
456
3770
2206
71
2189
388
1338
3814
2213
1609
4928
3102
3711
3149
1757
1868
2186
1904
3674
547
3566
847
1590
4987
1446
3990
4041
3600
2412
2985
4870
3313
4330
2595
1229
1191
3158
3584
1271
2978
4748
2691
4473
4937
4708
3259
4429
4423
3782
4228
2935
705
2742
3687
2165
2541
389
2377
162
4310
4255
4799
4347
3362
2446
4867
4968
4566
723
2786
4700
476
4168
291
1399
1378
4115
3209
1773
2584
946
2962
595
2984
4236
566
2755
3611
3131
3969
4865
159
4021
1819
688
3947
2479
1785
4300
725
1113
1247
3493
3380
3889
2583
1376
2187
4436
2108
3604
1835
348
198
2129
1930
2753
4843
2140
2327
3912
51
200
1269
1088
2452
3329
3
2354
2248
2160
1452
1062
479
4946
931
1571
288
883
1189
1931
1047
3773
187
2002
2463
155
2352
1358
3823
4127
406
870
1753
3874
2487
4511
864
451
1796
3431
2268
178
2606
1262
4872
3743
535
2702
2239
1709
812
3616
1180
486
689
1686
391
4577
3258
2938
4725
2203
2535
492
3026
2929
2861
2227
2397
2281
1971
343
4187
3547
4178
4794
2234
3880
3878
3440
1857
4122
1554
355
2982
1963
1038
2547
1151
1325
2355
4266
4395
1093
2493
251
3108
3332
4623
1585
2085
1650
2927
551
4003
