5000
2283
1620
4812
1757
1040
557
4611
1702
2865
1116
4709
3214
3395
3737
255
4621
1959
1535
601
4571
2770
2397
363
12
2857
4866
1434
776
4848
4582
3715
2724
2681
3588
2994
3831
1615
662
4361
4125
3133
3627
1241
2199
3602
401
1582
1513
2947
2107
1680
265
4584
1624
2327
3105
3419
4719
813
707
4392
1865
3030
4303
3621
3239
263
3443
3647
1489
2720
1168
3680
1854
3401
1179
4386
2413
2218
2384
4619
1305
176
202
2594
482
2356
2288
4136
3507
3821
2925
3926
3209
2344
1909
4411
239
2837
1364
1201
3378
2826
4649
3111
2389
3073
351
841
3555
2150
145
3589
2379
3353
3035
1631
4653
3150
1442
1268
4923
2419
4105
4313
2340
2959
609
1477
1672
3567
3891
92
443
4166
2489
675
1773
3937
4251
200
1155
954
1580
440
4457
300
1020
4869
3441
144
2934
1559
3444
1440
4111
4733
760
4442
3958
3546
4245
4903
1956
2694
1839
3013
1209
3939
1625
4563
4721
3060
4246
715
307
1320
3027
810
4310
4898
4799
1494
4956
2182
3124
4727
4676
4083
2240
3340
2893
140
4184
2799
2319
2301
979
3468
1467
4774
3824
123
4880
1619
2958
766
3044
2745
2160
4964
610
4960
3499
502
1451
3837
3662
314
3222
1242
738
2614
3815
2696
1793
3869
563
232
1719
3553
1014
584
1369
4889
394
3145
3556
4433
949
4614
734
4732
531
1388
1764
3269
2223
1152
4861
3362
4565
2492
1978
1679
3599
2
4570
1372
4735
1437
4644
3722
2191
3593
3469
223
2740
2737
1289
1988
4483
4300
1182
4074
1052
1449
437
2418
1431
1938
1975
4195
2960
4133
4299
1330
3157
911
3886
1714
2458
598
2186
4924
3423
2984
1767
3318
925
4524
1648
4050
414
1036
3903
2805
808
1960
2547
1022
3006
1232
859
2370
313
231
4797
2650
3760
417
4159
1190
4641
3584
4261
3104
2788
753
3674
4158
980
2341
3428
3447
2710
4000
3068
229
4988
2348
969
3379
1509
4087
2659
666
321
2495
3575
2885
1124
3422
983
849
3790
1162
113
2541
1088
1695
1108
2394
1359
551
498
533
2787
1949
406
2921
2238
4955
3750
129
3811
4857
3953
4615
1841
4487
309
2728
1146
2559
55
2584
4718
4794
930
4023
2665
3055
659
653
3866
3078
4784
2128
2937
818
4378
3931
1354
3343
3845
420
891
1500
368
1755
2040
910
253
3415
791
2256
668
3258
3029
2328
2194
1079
1238
3467
805
3900
2268
2068
2668
4204
1738
1101
1652
2641
1102
3731
3987
1512
3198
3906
2899
1653
1578
387
2599
3954
574
1980
3338
3510
4900
1423
2706
2265
4941
4954
2015
4652
3323
3138
19
4510
3631
3221
3980
349
682
279
1958
4088
2224
809
4862
1829
1818
2085
908
1939
3670
3244
3598
4321
2462
1543
4559
4324
4608
3342
2586
2270
1523
608
1491
447
302
2286
1893
2006
2092
3225
3956
2790
3863
2069
235
4895
4634
4014
750
3439
1429
3882
283
758
4987
723
1018
3858
3728
3853
719
4749
3169
2695
4568
3234
1583
471
2539
2841
455
3020
4750
1827
1750
1777
2451
274
4684
1144
1861
4199
95
3458
2596
2931
479
3022
4066
956
4778
2761
4659
4298
2554
3650
3721
1206
3504
4943
2558
2578
1401
9
700
4309
2117
453
3331
4852
3121
2300
4894
1062
1686
4470
4972
495
4760
943
3677
2666
695
320
3538
1984
3230
2822
4902
3500
4871
4379
3383
4942
1883
2018
1303
2969
693
438
2402
2105
3262
4080
1749
210
3039
2499
4330
2908
3675
658
2919
4576
3361
54
153
212
399
1875
968
2632
1484
2312
1256
544
4463
1142
1806
2252
2995
3601
1336
1432
1799
62
3040
1338
1085
1316
900
4249
1974
1243
2257
110
4418
3913
4268
3788
4135
926
3312
1298
1433
2343
2352
4667
4790
17
3710
635
2497
714
3745
4795
1545
4842
1570
2474
3031
814
3781
3344
2011
1623
1824
3309
237
2203
717
1833
2567
2110
51
2493
4429
4
4117
1460
4549
3899
622
4680
2702
1681
2901
4561
2968
3835
1236
1335
3857
165
1609
3264
4672
2580
2425
4809
2106
1834
854
2416
4312
4826
2043
2873
1035
3558
33
2366
2987
1971
2509
1308
4806
1819
518
3265
3780
1329
155
1643
2905
2698
42
2231
3098
30
3819
1436
1895
2298
245
1458
2976
432
1820
4893
3606
242
243
3787
2658
4175
3694
4331
3453
848
619
4263
3043
3653
1463
4316
3177
3218
2755
4370
4550
3970
914
953
779
588
4217
831
1318
3854
765
510
3001
2217
2338
4432
1925
3997
4095
4525
3855
271
2856
297
1119
2192
3519
4063
3659
4203
1171
294
1927
415
1483
4575
298
4131
2635
3103
1747
3823
1992
4639
4027
247
4260
4772
4631
3695
4404
1729
1012
2813
1670
1033
1167
344
3057
686
1281
1698
3355
2762
2748
1083
130
1936
3238
4194
171
2213
3719
499
3079
3245
2181
3388
2616
4296
713
2828
492
984
650
1969
1727
4689
2674
2797
860
2979
1456
4811
4944
4427
3747
575
4511
3126
4585
4673
273
1850
4006
2250
1453
4454
1464
4340
2638
2973
4395
257
1783
1756
865
3324
4169
2052
2678
2061
159
2396
2817
3654
2736
2933
2424
2072
4218
1047
1224
934
3878
3666
483
2924
115
3773
3268
2549
3438
4436
1032
4825
1367
201
441
826
118
1177
2055
1929
4472
794
1333
3842
3152
272
550
1689
2292
405
4882
4991
1384
419
1544
2216
1181
2888
2662
3672
3545
1001
2309
3161
2196
2869
1985
3943
1412
4350
2086
4394
2273
2628
1069
683
2046
2452
3667
1310
166
2540
3290
4757
98
1906
4035
1255
1390
1425
856
332
2508
325
4805
2127
817
3699
798
2244
3642
3966
3386
1753
4292
2059
2042
545
3442
1711
3188
342
2966
3274
4206
3155
3144
1120
354
2778
2456
1892
915
3949
2794
4716
2010
3902
2691
3315
2260
1160
1965
3540
1284
915
2906
660
3481
4082
2360
3540
2130
220
1546
4884
2276
1137
3314
3456
3610
4853
1443
2777
792
4850
4500
994
4947
4464
2608
1121
1581
3077
2642
725
1752
3959
3125
4951
2183
4560
3144
1598
630
861
3825
291
1386
2215
1885
411
1802
1411
1534
1885
3847
1601
2113
338
3454
4752
636
4538
220
3615
2804
3107
3058
726
3075
2907
1904
2912
1813
2358
3454
1791
1475
186
3202
1701
3717
3033
2683
3224
4999
3646
3254
2954
3948
3306
4687
2746
1528
1822
58
1526
3561
2145
2713
3560
2633
2880
1288
1392
513
1205
1389
4479
2988
3775
1611
1452
3406
3522
3652
4022
739
4018
3393
1994
1205
2671
1611
2895
1061
3701
1061
4665
1526
2537
4069
613
2503
423
1299
3961
1822
4154
3948
126
1613
2911
1585
4297
3074
2911
837
2962
2096
963
3681
451
951
1466
416
2576
2285
3496
4464
1235
1525
1768
4373
1138
1768
2713
4471
1288
1468
2049
2063
4417
2002
4167
4375
2552
1474
3201
3521
4057
3278
1792
4599
3977
672
2274
2263
1805
4072
4636
3812
2730
2679
3691
2096
4494
4486
2079
4297
1657
725
3435
423
3435
1292
1646
1087
3816
3114
3347
3114
589
4189
2962
1087
3281
3023
3199
3023
4187
1398
4381
2083
2123
2083
1568
636
3756
1292
2716
3427
1235
630
4461
1053
3263
3197
2261
97
3097
4219
3336
3151
1520
4971
1520
1671
214
3877
1553
3651
1858
4490
2677
3608
863
3272
4308
1700
3253
3543
3887
2939
4471
771
4101
3363
631
326
1407
5
823
940
3964
1844
2321
4474
3775
473
410
2870
72
4101
2193
2289
1332
3569
4682
2321
885
306
1089
940
1805
459
2350
2049
3473
2109
4430
2239
1104
4154
3933
689
2946
2206
410
2163
1121
2235
4430
1375
3830
2524
2206
4349
2982
3106
1707
2717
2739
1598
1602
3525
3368
4978
4089
1713
951
4683
4462
4935
881
3977
3267
1417
1568
2264
310
4003
1120
4239
3828
1309
4682
3251
3887
2154
3228
2776
189
4452
1213
4452
3151
2020
3880
1064
29
4112
2063
1897
4304
4800
1481
4814
1831
4349
2023
456
1414
2592
4459
2849
3191
3002
2103
2617
971
244
2255
2890
2483
371
3051
3142
1791
2431
1203
352
1515
1996
3541
3436
1709
3527
1402
2852
763
2139
2337
1392
1916
2977
456
880
3735
2843
631
3893
3560
651
1880
3191
3154
4477
917
2546
1043
4695
4494
4840
755
3700
2139
4515
1411
4513
3964
104
1180
2804
3147
1709
3117
2201
4502
3828
871
2938
4138
1585
1761
4219
3149
1813
1654
29
3302
2053
382
764
4460
1761
3207
3701
3364
1562
3315
1228
1999
170
1553
787
1916
4097
4354
4356
2954
612
4816
1845
2513
167
383
1502
762
2087
1844
2692
1737
3999
4414
2734
2936
1627
3746
612
2020
3655
451
1470
329
1897
4283
369
3118
83
4982
613
4460
1237
2746
3889
4820
2130
83
3628
3154
2983
392
1417
2938
4051
861
3522
1497
1514
2483
392
4931
1762
1497
1898
3889
3628
606
270
137
4417
3220
1896
3798
4115
4077
3314
323
913
961
1357
2280
1058
2532
1058
3496
4620
4564
1933
3984
999
1626
2053
3263
4906
2730
1515
1627
2983
4115
1090
36
846
2201
3292
3885
2523
4854
3241
1981
3251
3880
4065
2537
3316
1795
2552
3025
393
803
3292
4648
2679
1877
1090
3570
1869
2602
506
170
1569
215
4580
1302
660
1569
4402
771
3888
4648
4840
4574
1211
4084
2003
1211
1772
2113
2260
3149
1528
3146
4051
4402
3096
2684
4820
4106
3090
4560
2076
3902
218
2470
4535
396
922
4110
2447
80
824
1474
1361
4591
4502
4574
3281
2759
1807
2016
326
4049
4239
137
338
393
770
799
2423
1867
2023
1267
4385
3623
3885
3907
4372
2814
1118
1178
4167
4373
1510
1751
1441
4381
445
4656
3834
620
2099
4505
1541
578
3477
3140
799
2253
3552
1792
1471
1482
2076
1199
4620
4931
3132
4247
2671
2912
396
3513
1510
3034
2601
4724
3535
3652
2941
2601
4589
3984
742
3266
375
1024
2398
1930
1804
4146
1896
2582
448
1621
2763
4025
1564
4061
4374
559
1840
1965
2868
1540
4679
4357
3242
2683
3408
4940
565
2794
4451
3254
2234
3724
3406
292
3051
4886
506
3062
1016
971
4220
2346
4413
2057
4580
4655
2529
4403
1713
1481
5
3267
3476
4233
3256
4698
217
375
2756
2936
3705
4765
2847
3412
2490
3543
3429
2704
1533
2163
2529
3608
2814
4627
1848
2093
1546
4354
1746
2858
3411
3579
2496
796
4745
3610
4773
4220
1416
3206
1337
576
207
1416
1048
3622
823
731
2672
1986
2295
2447
72
1784
2982
1807
3425
4060
217
1981
555
3436
3411
800
4273
2565
3822
4844
4144
2839
259
3794
3384
4233
1300
1924
3771
803
4920
1840
561
4935
4045
1541
1348
1426
4886
2639
2027
4909
2038
3847
4950
669
2259
4958
3054
1537
2094
2731
2831
3724
3404
27
4538
1867
2153
3464
4045
4059
234
3146
466
2565
4981
3253
8
877
312
2295
65
3727
965
2074
4926
4909
1746
1246
4926
312
3915
1180
2025
382
1903
3175
1723
3147
448
3473
4359
3512
1577
4707
3648
868
3838
4061
1228
4096
1606
2602
3619
3727
840
2634
3570
2940
3846
829
1066
1654
4221
3511
4555
3871
4034
1267
4490
450
2025
3392
2140
2806
2544
178
1349
2587
4170
5000
122
2159
1104
1339
2140
2269
1644
14
2791
3396
2088
4084
402
4237
4459
4076
3571
2717
3591
4008
1572
4768
917
4500
2532
2302
731
880
1284
2197
3802
4283
4906
3756
1093
3185
1784
3489
2115
4694
712
3713
836
2624
4821
3381
4847
3077
685
1066
4847
898
2357
2778
889
58
836
1642
840
1762
4686
4838
2430
2566
2291
2512
936
3767
1043
2093
4440
1562
4919
4368
3065
1141
2512
2631
259
1715
3168
1132
2137
4437
1837
4613
1683
4552
4019
871
1537
4440
3893
710
647
1490
4597
1332
3656
3252
790
319
299
1593
48
672
3525
1770
4613
4144
2589
3838
4462
2405
3322
950
4400
3619
4258
2785
2750
348
3919
2867
4870
4277
3065
1349
3617
2519
3381
2239
1140
778
508
3822
3206
184
1325
2051
462
4226
1441
2550
573
3609
4919
1452
4945
2422
3551
757
3320
1816
727
26
1470
4655
3617
4221
1132
1845
3565
3090
3656
174
66
1400
2589
2469
1321
774
3859
477
4170
3089
2469
942
1325
319
2164
1548
3526
3521
1471
3883
1788
4186
1911
3871
868
3797
4477
2544
1203
2089
2992
2574
2647
961
957
2715
2219
2290
1280
3025
2953
505
829
1055
1334
2860
190
2697
1375
3037
1191
3058
2523
4212
570
4008
1715
3201
3224
174
4637
2621
66
3037
1933
1838
4715
1995
3712
2197
3960
1534
3850
4849
1798
876
835
103
4212
173
1708
876
2255
835
624
75
2484
2847
4271
4374
2715
2853
185
1614
1660
2975
1516
3767
4693
4793
3818
1645
3579
889
1785
3160
4389
2711
1093
541
2874
2548
3155
185
3798
2974
3376
3711
2563
1086
3376
4950
1930
851
3174
2970
2294
3782
2576
2081
3998
2134
3190
4849
2081
3099
4968
3099
2175
4096
692
3252
850
4793
1490
2259
1426
1935
1785
3566
343
2874
1776
1383
3616
3785
973
2423
1548
774
4071
4172
3892
1026
4788
2002
462
3818
2208
3914
3129
3405
1517
4368
4800
1517
2383
2689
1616
2448
3668
2543
793
4287
3501
3106
3933
3762
1424
2134
1752
3784
3983
2930
741
3925
3526
1614
3551
2693
4110
1293
2133
3219
565
1042
3962
596
1042
3501
4424
541
1051
4949
4827
1655
3153
436
1951
3392
3712
4578
2853
3547
651
311
3420
1901
3802
3009
4465
3427
1487
2448
4669
4357
4009
2436
2013
3085
1495
3085
4237
3990
4291
950
1492
299
4782
4827
3139
3766
3794
2005
4248
4255
4668
1838
3565
3766
4669
3199
696
3176
1888
570
642
2311
508
1593
97
4271
1733
1862
4695
4424
4015
2421
1673
1117
1901
3372
1091
783
3009
323
904
1798
2357
2274
4498
4933
3998
3358
830
3547
3873
1655
91
252
3873
3371
1297
2664
4266
783
61
2569
3271
3624
3743
1776
1130
3460
3223
2803
1099
1055
251
3420
4120
4403
964
1862
3611
2091
421
904
1878
3425
3010
2803
4758
3872
2009
4744
4009
2125
4359
1485
2619
4016
91
4347
191
2946
2407
3968
310
3704
1924
587
2287
2456
1343
2607
2346
3616
3306
1848
318
2436
929
578
102
1050
1877
3771
1051
2619
3062
4266
4788
1233
1382
4399
408
2148
4181
3084
1739
1904
1117
317
380
1208
186
2633
4711
4106
4785
4075
4616
2157
3605
2453
3183
2685
4308
2819
2484
1096
1259
821
1438
21
3892
2821
2806
102
1492
1048
128
4026
2607
4724
2472
1321
2993
3440
3830
3448
3732
3093
2922
2143
1422
252
1251
1782
2169
616
3045
1455
3865
3611
4865
2005
156
3949
2267
815
1246
1191
4504
966
2975
4783
1184
1575
3112
2520
698
1795
1592
4933
2733
1966
3697
4603
2791
4980
815
4867
643
3107
3839
286
1881
2608
1046
4145
2970
1010
2421
2739
1046
4742
4636
4720
3141
4461
3687
3088
2530
1919
1208
1560
4145
2222
3038
1304
4642
4437
4120
3448
362
1673
1668
348
3183
4742
1913
511
2930
246
2008
1438
1374
1019
1374
2941
645
1707
1668
4594
156
4980
920
2385
4752
1240
1551
3248
487
1973
3139
2453
244
3408
3751
939
4867
126
3993
4630
2147
4022
2789
2839
4255
2750
3168
329
4783
2472
398
4001
409
694
2369
2109
1763
2843
213
4339
168
1999
4801
4026
2849
4646
4605
2144
2560
1621
461
1524
589
3751
1499
3865
3839
1130
4153
251
246
728
3076
3635
3883
4587
2090
3635
4753
1161
2405
1096
1816
3275
4311
4970
1371
526
1277
967
4977
2115
4038
1913
1302
4589
1084
2222
4002
1019
89
1348
1194
839
101
505
3947
3117
3109
534
422
1159
4645
4172
1881
2634
364
2722
4132
1941
1050
3128
2592
4363
2555
2311
1195
103
4927
4387
4714
2830
782
3995
3372
3440
108
111
2833
4630
1092
3935
1863
3424
104
1173
762
3424
3140
234
4043
4801
918
1030
3350
4627
4999
189
1603
3738
1602
722
834
2305
160
4287
2267
2940
4616
2723
3047
2573
527
4771
7
4226
4822
4071
330
2840
1576
1972
466
4785
3360
2723
1921
1089
3389
3404
1808
4594
1808
4968
528
1649
421
4038
3228
3141
4128
184
3542
3986
4843
2211
1876
4224
1990
937
2151
1159
2664
2385
3002
4995
4817
4366
1399
4112
4911
3270
1198
52
3076
2812
4015
4421
4843
3097
2108
122
4156
404
193
2369
2861
1250
4996
1979
2569
1100
4426
1100
4049
2009
3877
4595
973
3176
2645
2078
2861
1852
4938
3248
2044
2645
1745
4001
1263
1973
536
2585
4534
4265
573
3609
643
1404
1263
2922
2067
2725
4583
2816
1518
1250
4426
2459
1608
732
402
384
542
4617
3064
1352
1626
1566
2151
4202
3861
1312
2588
726
3629
4544
2067
1009
2948
3259
539
1160
3834
1815
4059
784
2149
4740
521
2927
3064
4813
1257
4927
500
3983
3471
3466
3542
3194
3716
1518
4506
1343
2089
4114
2722
3582
947
4366
2573
68
2393
1317
3673
117
2876
3047
4201
4156
3316
4530
3396
139
2916
4758
3082
2044
1636
763
2116
4922
648
4623
3489
2318
4034
2077
3084
2496
400
687
637
591
732
4248
3629
596
4674
4914
2471
3774
3197
2693
885
4892
3347
3986
2108
398
1482
164
3402
4382
2754
1472
107
4859
3895
4677
3704
331
2482
2148
2564
2060
331
1341
3052
679
790
3686
2383
1341
3311
4104
2285
3219
2008
539
902
4405
4207
4104
2471
1700
1979
3634
3329
181
591
4603
2527
4993
4555
2077
3242
3054
311
3925
2754
4506
2322
4967
1214
2330
4389
4978
1091
2111
1558
3445
4091
3971
4771
669
1716
277
3271
4147
4971
906
543
3321
4176
1386
3322
73
1601
4703
2944
528
514
4372
4122
625
4564
328
3516
1787
1810
108
2388
4431
4048
2932
1787
4628
4711
1399
4365
2322
2393
400
2647
3846
2143
4816
514
68
503
4546
3973
4640
2867
1720
513
2367
475
1696
2116
2226
4011
2365
3935
3433
2088
178
962
795
4922
1125
4012
3947
3736
4777
4686
3492
3364
2718
4740
3738
390
3582
3782
3795
4781
654
4789
4085
1112
3402
1921
8
2367
1551
2610
3007
4851
3633
3535
2575
2944
101
962
1659
2868
2836
699
576
13
3421
4761
1998
3116
4957
614
2247
559
117
4480
2056
1334
4967
2943
4986
2188
4762
543
1098
2756
4612
1186
4787
2165
1919
4822
1015
2362
3910
2399
4507
2819
1029
1948
3795
4798
1376
4352
383
965
4412
1616
2760
3844
4178
549
3919
3223
699
1011
4280
623
3374
4990
2138
1748
1064
2430
2667
1948
4591
3460
2342
3061
824
1968
775
3008
1552
4485
1794
3669
1908
4675
1908
13
4280
2440
2587
1794
4690
4798
4152
1057
1376
1696
3182
4039
4892
786
4762
2692
317
1716
3463
4660
996
2479
427
334
3850
2387
3462
2290
1071
1053
3371
3799
1021
190
1703
1247
611
1770
4396
1461
3979
4640
2785
1147
334
1158
233
1134
4986
3082
3056
1765
1147
1324
3583
2854
3741
4677
4201
1461
4466
1967
741
1023
124
3979
3056
4039
488
4821
2894
3273
1942
3049
1765
3639
4073
3976
552
460
205
3762
1678
4073
2716
1223
605
1524
2777
1314
3012
3093
2978
2677
175
3791
519
2673
1603
4597
4878
3676
131
360
413
3345
4868
3708
4674
1327
1173
2082
3229
2440
2426
4191
353
138
1387
3327
1889
786
3317
3895
4478
25
2605
3142
3391
1574
4478
918
215
2487
2019
1837
4577
867
476
4694
941
1095
624
614
3638
3914
1189
2548
4069
716
3463
4264
1496
4970
2467
44
2800
2649
1016
4315
2858
4450
452
3741
4588
909
2082
4846
4240
496
581
90
516
2476
2751
3089
4215
1299
4227
494
152
4165
1557
4598
45
2028
2119
1148
4642
1663
2179
3339
241
164
1192
4814
1856
1176
3594
3273
1823
4068
4444
4715
4789
1212
4698
3229
4224
3433
4505
1153
3909
3243
2649
3243
1086
4060
1606
4161
4503
2733
1801
920
2906
3843
2013
752
600
4851
770
3182
4182
3844
4807
4302
685
3945
4885
2894
4910
142
1010
2242
1675
125
1699
827
4836
4930
2090
2597
2318
2175
4465
1077
3927
1071
1098
2468
2613
2836
2613
4302
2792
3725
2227
2690
3633
2364
2534
1128
1420
4503
801
4782
1511
269
1143
1830
2138
1233
1081
1337
369
3516
2834
3187
4678
4191
4068
4416
1067
4770
1889
4929
2480
435
1339
3153
3681
1462
2830
3474
3320
524
1797
2570
3867
1486
1511
1063
2294
1575
1317
3689
2603
742
3690
516
4486
583
2074
2221
3329
2487
1112
2050
2855
2094
647
1197
2481
3280
2851
2249
706
1131
3907
2903
3574
439
1691
1590
4979
2084
4123
2801
1868
4400
881
3375
1373
487
4729
583
1532
2845
354
4910
2561
1869
820
1141
2831
1558
692
2021
4836
228
2056
1139
262
2860
4152
205
1138
2855
4347
2712
4945
262
897
4265
2815
4143
2765
706
3286
4005
4567
1532
1505
4419
370
2557
898
4153
2811
1678
2609
3528
194
4338
3384
2703
1573
3758
293
449
1900
4650
4592
4209
3690
2060
20
3776
1847
3474
2279
3561
3052
1278
4388
3576
4751
2863
1663
24
352
4335
4746
107
2734
903
768
2557
909
2168
1505
3075
642
2249
1900
2572
4109
442
4011
1017
1223
1661
964
1864
3462
278
1356
2605
2102
3257
1063
3596
640
1888
2741
4323
4573
4567
2124
1565
990
4127
2167
1476
3445
2193
2147
1397
4654
3207
939
4864
728
1270
2426
4387
1636
1557
2834
1887
4864
4612
2609
1278
892
2682
4916
1217
3595
3591
2168
2870
4590
2916
14
1772
688
4759
1023
4601
2880
1352
2331
816
3513
1725
816
2251
249
4196
1247
4586
4416
3769
1274
1758
3776
3688
90
2818
3511
3664
1034
1134
1214
3732
1516
4198
2045
4654
4481
4598
645
124
3888
4936
2630
2543
1251
2815
2528
4990
4728
109
1644
3008
1427
1797
1057
1476
2964
1533
1856
2920
4962
1472
2920
4445
4759
3801
4586
2620
2824
3884
191
4130
3915
3417
4043
712
4872
2759
4142
4018
3310
3711
1887
3255
1041
3311
36
1074
475
2243
4377
183
2561
942
284
3688
3413
2399
1074
1307
4693
4617
749
1123
4272
749
4930
3398
3676
3339
4745
365
2091
4277
1420
203
3286
4164
1008
2490
3426
1210
2149
1097
109
1414
936
1382
3881
3374
1026
3868
4182
49
1722
1947
1221
254
2220
1008
957
2122
269
3255
183
2581
4548
2927
843
1863
3426
2533
3962
4272
226
3613
2528
3358
2597
600
4198
4315
1508
587
1581
1041
4870
2877
3310
2016
2153
2310
2533
2903
150
3693
1210
1710
1122
192
2581
4333
959
2482
4005
698
192
4969
3769
1967
632
3763
2682
3799
330
1049
1187
4328
504
3302
1197
494
2767
4998
4976
4998
3634
4558
3335
2527
1879
2992
3833
1200
3973
1847
2767
1368
4738
2534
2675
2388
131
4468
4114
2038
1600
3946
1151
634
3349
4327
4534
1024
3660
1955
1396
2998
1531
3508
4352
3989
1804
3981
735
1632
1997
4481
4264
1122
902
4046
3881
837
2174
1266
2595
4323
4423
1264
4957
512
2050
3413
1368
3143
1823
4920
1264
1371
4273
3261
1801
995
3736
2630
1459
3585
276
1504
4230
365
4377
2320
428
4907
711
4936
664
4712
3123
284
1658
694
3528
879
2612
32
4791
4681
3548
1740
1344
4385
1361
4592
2786
4127
4290
2099
2220
777
4554
4722
2062
3988
1034
4533
924
4854
3707
4123
632
1676
1744
2726
2998
4143
804
227
1552
4118
3308
1554
4215
2577
1326
2021
2577
4363
4536
2646
606
2304
112
2420
3566
4952
3982
116
3867
476
4650
4441
2800
2476
1758
224
1744
4230
3296
3592
2446
477
517
404
2965
517
709
3308
4091
4605
2844
2254
1531
2757
2035
757
1677
2782
1778
1876
3981
4495
2154
1879
2420
2611
4628
1094
3038
820
1554
1942
1094
3178
222
3897
2667
4763
2167
4495
270
1037
3578
1590
227
1573
157
2432
4600
308
646
3967
2501
1127
3524
1127
3707
1574
3405
1572
4932
2202
4554
811
3978
2654
4515
2376
2007
4328
4227
3524
2171
1830
1507
408
4376
1878
2296
4012
2208
967
2516
3720
1092
53
4281
2376
4514
4696
1282
3389
3432
1538
1993
4761
4346
2135
1311
1266
1501
4450
3967
3789
1207
1097
1216
386
3128
2640
1231
1720
2480
2084
157
2582
1406
2657
4132
3961
4413
2251
3661
3261
3592
4163
3661
1344
222
152
1226
560
4228
362
3620
775
4181
2525
2221
4763
1253
1778
1966
3072
3210
792
3450
4768
2845
996
2684
1478
4769
745
3492
4729
2738
3391
1360
4791
84
875
4819
2445
4334
2326
3390
982
4777
3989
3587
3049
1385
959
1514
793
2878
1015
1718
2473
4722
3135
2468
371
233
4291
1923
3270
553
384
221
226
1396
2986
3554
4691
4938
4691
1577
4770
2326
782
1706
887
761
3480
2967
2986
4388
278
2519
474
4535
4681
4238
1688
897
4835
1694
4208
2504
3868
2144
21
228
3086
838
4514
768
838
1259
4208
1983
4146
3759
2980
149
2279
468
887
2173
3917
3349
151
2606
3673
3523
1914
2700
3990
4163
4874
4720
2915
4885
4625
534
3171
4918
2956
4441
4958
3240
1045
4979
3910
3220
2400
553
579
4269
3703
4907
4969
1280
3493
747
2673
149
4769
3879
1694
3716
883
2700
142
2810
1871
4479
2876
2840
4499
883
721
3012
4183
177
1997
1635
3171
977
2261
764
4738
2892
795
1977
328
3808
2087
548
1297
4346
3554
2510
687
4498
1880
1044
982
3014
646
4994
2624
603
625
3552
867
1326
407
305
3148
1469
1435
3450
2123
2431
196
2914
564
4904
2766
1947
236
1634
2827
1003
3178
1683
1560
3971
2699
3120
3523
4671
4531
1021
2657
4301
3843
3578
2114
4671
465
1114
434
4335
2475
1635
418
4333
2953
2675
2400
2943
1226
2481
735
4952
605
1153
116
1851
470
2475
652
4258
1706
464
1445
308
125
3434
721
25
3007
4905
1312
2900
3625
2202
843
2786
3115
2741
1311
3317
4590
1393
3351
3181
2204
1067
3434
3920
3901
134
1540
1480
3417
2325
2951
4687
1478
4983
761
564
79
2763
3574
4544
337
3517
79
4983
2039
3625
745
1031
3272
3700
3212
4183
27
2766
3399
999
3706
3563
615
1360
3757
1788
3048
4868
1976
1685
4210
2796
2347
2964
3755
1982
450
1113
1381
4859
4901
3096
1113
2364
4320
654
2978
874
1229
4819
360
879
2688
722
2808
457
4912
1427
1685
1595
3529
2441
2041
1194
4438
2441
1225
500
611
899
1045
4439
2808
3816
2654
2095
3618
395
2183
524
4118
3860
1789
3122
457
895
3094
2039
4393
2078
806
2615
1918
3137
2459
995
267
4202
4828
480
806
3813
289
2146
3465
2574
3493
989
664
1234
2310
2956
1212
2427
1710
3260
1115
3840
2330
2796
4792
3772
1943
2041
3784
567
3300
4336
4913
546
3203
4438
3789
3319
1107
2159
4456
4342
1193
2643
1803
3246
2415
2184
796
458
198
3461
994
4982
1196
3412
4216
1597
739
380
3772
3350
3764
730
3548
4766
2289
2505
1158
1196
2334
515
3240
3486
2258
288
3486
560
2247
1225
3572
1204
3470
4216
2291
834
2176
4508
254
3136
4997
3136
1385
3764
3934
874
2517
1103
985
2980
1031
777
4332
2398
3689
3805
1099
945
1676
1912
1084
2506
696
3740
177
4756
787
219
467
2246
4468
4537
4425
4305
4558
44
785
3116
4456
3563
1508
2615
895
3017
1397
1691
2812
2287
1193
2789
198
2898
3860
1579
1253
785
106
1188
75
3993
2652
1730
1735
3940
61
3163
2820
3163
821
2302
1735
2121
1216
1282
430
1199
2563
3113
1421
4124
1628
4841
465
2152
3298
4977
585
468
579
1766
2891
3864
2948
1684
3259
4177
3901
3367
2304
797
922
4168
4301
3709
3319
3017
2802
2560
1766
548
2820
1977
3508
3968
4912
3135
1495
1301
367
2169
71
106
1421
2019
1136
3965
3632
2827
729
1803
93
3235
1664
1726
4142
4810
4247
1542
4446
4569
1258
3702
478
3864
797
4846
4595
497
431
3457
339
555
2862
63
4810
2588
4164
2545
4537
4577
536
3158
1409
547
4856
4355
2401
3
134
412
2810
2949
3070
3021
2185
2898
4252
1722
412
893
413
4928
767
3063
4355
4688
286
3703
1486
3963
4890
2729
3298
1290
3115
395
4077
3345
1111
1628
204
3959
4446
1273
3803
1538
3102
4974
1542
3063
2209
1466
4319
3539
1699
2852
1650
3576
2189
2981
4319
4314
467
3061
2404
1261
2689
3132
1455
2690
937
219
4137
3918
1115
4253
4883
4168
2900
1468
3363
938
4020
1448
150
1594
4802
2347
4623
1664
4139
1826
4961
2174
4663
4974
4003
673
862
397
2811
2392
3698
4130
256
2035
2349
4948
946
593
256
2470
1565
521
1638
4932
3179
2620
720
474
65
3004
906
2688
3482
2564
3774
3328
1346
569
3179
3137
4523
2914
3457
3927
4422
4996
2902
337
3717
3940
2611
3446
3856
2758
1703
4767
3301
445
3930
3963
4187
496
4890
3706
3071
2185
1705
4177
1230
3204
493
4234
4332
3612
41
877
3478
2525
670
374
4139
2299
546
3071
3004
1991
1271
4725
2382
288
1736
4928
4244
493
41
3502
4449
3930
538
3100
3757
4911
3483
720
2102
1610
2801
1576
188
4122
306
2879
139
1187
2380
3692
4929
181
2353
2305
2380
1029
3299
1231
4660
3112
2504
3356
409
1258
4813
2879
2136
1859
2961
3330
3615
3335
3167
3282
3684
182
484
4786
1728
3333
357
4007
4488
2824
3356
4786
2875
2505
3088
2299
3502
1346
3531
2387
569
4064
3091
4336
1525
3333
1871
3297
3256
4872
1996
684
504
4607
4482
3297
3010
4897
2241
1953
1918
718
172
1291
3416
4533
3375
1726
1291
1953
1826
1435
469
1536
160
1189
3483
4393
3597
2219
4599
2823
2135
4746
1068
3752
1639
3597
3945
2571
4731
3796
4435
1945
4193
892
1184
4994
2007
4338
3758
4067
1137
3487
4036
173
3167
4781
2122
2066
3471
3014
748
1447
3544
893
3658
1990
4256
188
1129
523
4329
4665
158
4093
1986
2593
1407
4326
2358
773
3807
1107
2729
2414
3459
2915
2414
2126
4367
4703
295
1566
207
2842
1219
3600
4086
3746
282
852
3814
4228
470
992
4116
2132
4688
1769
1650
3658
2124
603
3162
857
602
4367
4405
1632
3282
3859
3446
3685
4581
3544
4712
2029
1149
2158
4566
2316
4661
295
907
827
3118
1736
1769
2708
1748
2125
1923
3814
1188
670
2939
501
3988
347
1592
2136
4326
2345
154
1005
501
1740
3113
1605
778
1501
1283
2926
1271
772
2126
772
3210
2686
2410
3874
4362
2652
4186
3709
2411
16
3174
1705
851
523
4376
1828
830
4625
729
580
1857
2098
4776
2010
444
1607
3851
4093
4037
2184
2427
2618
3770
4905
2132
472
2719
3733
3279
4365
2415
585
4019
3851
1693
2180
3452
339
3785
3478
327
572
633
4222
4116
3644
2542
4831
4607
2517
4253
2844
4064
633
3976
2104
540
4916
442
2363
3185
1692
535
2062
2714
3466
3626
752
2158
1674
2439
2212
3641
1674
3477
3334
3296
607
480
3897
4234
4151
3739
353
2032
3686
3369
2332
4151
4288
3573
6
2334
4518
4052
2546
1260
1422
2359
3664
446
3370
199
4731
3294
2157
1249
199
2161
1499
1005
2214
2685
1814
4569
4566
282
4756
3200
1732
537
4989
2863
3299
1059
1156
727
2993
2854
905
4728
3896
3226
4010
3134
3896
540
397
1864
3671
2119
3693
4755
3276
143
1136
3618
1139
3279
507
1732
4508
4539
105
4766
2101
4831
4222
3904
3604
40
4082
2621
1254
4897
3796
3164
3649
3572
1995
2152
2098
1448
1810
2313
3459
2530
162
1728
4193
1261
2004
2422
4397
472
4918
3092
3026
1109
2904
2838
1469
1832
367
4670
3465
1381
162
3407
2214
2378
3059
2410
1946
1459
1148
1734
3366
4103
4444
4668
3804
1240
2877
1400
3162
446
4109
2171
4286
4305
4062
3003
997
3380
2404
2131
4334
4645
759
3936
3595
4527
3480
4285
2802
3810
4661
3806
1915
3203
2359
4714
618
1618
3626
2516
1156
3470
3702
1239
1779
3946
1610
1011
1584
2030
537
2329
1249
4517
1584
43
825
1821
4431
1351
4128
2030
4989
1393
4037
4705
3752
4244
529
3804
4517
2180
3783
120
378
2438
1200
1450
260
7
3734
418
3249
592
1692
2351
1932
3683
3181
2345
529
2177
3684
93
347
3612
571
3783
2816
1852
48
1618
4262
4033
4542
3669
473
4314
986
3644
1607
2653
63
2057
2494
49
997
1227
67
2444
1771
3432
1771
1914
2891
4488
535
1982
1905
4178
3539
3820
3636
119
3497
1443
1447
248
1600
4572
28
3585
1039
3876
11
1905
4078
3289
4751
248
1039
2886
4317
3613
2809
1239
1227
673
986
1150
4391
4056
3059
2226
3024
2189
3777
1150
2680
4391
538
260
3917
1410
4325
640
3663
2395
4539
4259
4056
3849
3770
2313
3934
2598
4396
2725
3803
3923
1149
4259
2626
1322
3046
4451
1940
754
2550
3536
4528
2195
3491
3143
26
3557
4467
2477
4369
4572
1301
4449
4443
2065
703
1257
2033
2535
811
1273
2862
1802
515
4896
4992
4754
4548
4917
503
1095
1579
4992
10
1027
1567
703
11
751
1157
1213
688
4085
2361
3806
748
1587
10
1234
3293
2293
56
2307
4081
592
3472
833
2848
1639
428
3911
56
289
1671
1739
4339
3836
2653
4439
3208
4651
4878
3359
1587
1279
2064
1857
4099
1192
4542
2882
2026
2913
4730
2029
1656
3400
2155
105
3520
4962
3326
2161
3165
4047
3326
3148
2618
305
1300
4290
1342
1080
3431
2531
1640
71
333
3187
31
2531
3862
2772
3332
4021
488
275
1391
2339
3936
3289
484
2989
4507
4997
4342
3266
1989
878
2014
3332
3373
96
2212
2727
3491
3810
704
378
3733
3645
452
2336
4879
4609
3359
119
3671
3911
1656
3336
2210
2446
2864
4491
4891
3233
4973
3849
4953
1362
2403
896
3692
2945
751
916
2798
788
2442
1287
2034
1811
754
1131
3531
4070
3562
1076
4129
4817
1851
3233
1811
2162
1597
3086
341
1221
2162
4412
2714
2403
2651
2751
4547
4103
1666
527
3569
788
3034
626
1589
710
2758
5000
4596
1825
292
2918
1873
3192
2337
4726
4808
4528
2661
2027
4055
1340
981
1027
2772
1135
1915
2351
258
497
4033
3351
1775
69
990
3373
1327
138
2378
2897
444
2838
2918
461
206
3982
547
366
4596
2882
833
3189
1218
3801
4113
426
3999
3529
1751
216
127
1843
3944
100
4748
4925
4078
4802
3159
1649
1647
1815
1912
1790
3180
3431
2909
1383
2510
3370
1296
1254
3092
3614
3400
4818
1322
802
3016
2606
2542
2513
3287
708
1419
240
3180
4415
597
4562
4588
4807
355
4161
2065
2985
4973
4030
3638
391
1968
1886
4295
839
2176
938
2884
2603
2818
987
1608
3879
4382
296
3303
1135
327
1645
3172
1340
4501
2230
3607
3813
385
87
3304
127
4696
3166
4262
2275
2131
3294
599
385
241
4635
3549
1688
3929
678
4904
52
3912
4726
3024
206
3100
2625
924
4739
2235
4343
2555
4850
3590
426
4295
2363
789
4343
3679
2727
3070
2579
2198
3827
2026
4010
341
4225
4286
258
708
1647
615
590
4409
862
1754
4492
1103
3200
4345
3832
2798
136
2277
4384
2349
4275
649
1658
1640
571
4739
4663
801
4423
2315
59
3743
680
3957
3723
1564
3708
357
59
597
2178
4632
3053
1248
4320
4666
3288
4165
656
1080
147
656
4047
1358
947
3455
3158
2904
4200
3101
1665
3067
3564
2807
3377
2732
3723
875
2744
4041
2935
2610
4552
3832
2354
1342
2442
2478
4993
3328
81
4705
96
812
4961
992
3856
2485
1294
2651
4409
4029
469
2661
1081
3204
1595
81
1825
4269
2465
179
3217
1547
1789
2225
2485
4501
2478
2236
4275
3293
463
644
1922
3101
2229
2317
4205
4780
2977
1910
3409
4235
390
2433
3452
3641
424
355
3455
1245
2859
1347
403
4593
2229
1105
1704
1633
3562
463
2241
4804
216
1204
4593
2910
366
2910
1285
3605
2361
2902
4160
2765
120
626
1380
1687
912
3184
24
1262
4322
2236
1457
2004
2989
1362
3053
773
3278
213
1730
3369
4250
4838
3833
852
3875
2708
4024
379
679
1409
47
2215
1454
4883
1687
3580
4250
2686
3840
3580
3820
194
652
2566
4380
736
1285
4013
637
730
1800
2433
4081
4425
2121
180
4556
677
2307
3739
767
3130
4200
2329
888
1306
2146
2211
4024
1003
379
3393
4306
2783
2771
677
4984
361
1667
4140
2445
3817
507
136
3123
1252
377
4466
3048
2374
2315
4225
1993
2949
3429
377
285
1123
4475
1219
4700
47
4965
2835
4670
87
3193
32
1073
1140
1721
562
2466
3280
1669
3437
361
3587
154
1941
2377
2486
2535
2757
3607
4741
2957
594
4360
2355
3217
4701
2644
158
2264
4348
2884
1413
884
1665
2598
3021
648
988
1262
2538
935
4520
755
2281
4520
1849
1279
4189
4013
2354
1669
2518
4527
1207
511
4629
928
1547
1170
558
2957
22
3069
2342
4939
1379
3250
3193
2538
4610
4701
863
621
3304
3763
2058
2637
1394
2133
388
985
2001
1774
4553
94
620
1410
3046
3568
2017
20
1307
678
204
2104
2974
1634
981
1000
812
2909
1164
1873
2210
1077
427
2375
4995
2375
3484
769
1406
3235
532
28
3192
4076
4455
4089
1630
3184
2570
1821
4953
2386
1754
4102
3156
1989
884
894
2166
2014
4067
2711
88
1884
2637
2829
2498
2972
3898
960
3382
641
4747
3549
431
4270
4737
3898
4743
3249
4545
1248
3870
3156
4609
2479
4276
4236
1697
2945
2491
1782
4521
1724
681
1724
1498
4270
931
4384
1065
4257
2871
3067
1170
2034
2165
2491
88
724
3394
711
1306
196
3377
1000
3517
37
3487
509
2466
509
1178
2738
3632
114
4214
878
1693
491
769
963
4294
4021
4160
4455
2842
1890
1917
2316
114
952
1946
1890
45
4499
4818
403
3409
847
4948
135
4984
4157
4845
998
828
3382
3490
4543
2646
4238
1855
1114
434
716
4231
873
15
1796
4792
702
4398
4415
873
3387
1970
1454
4344
464
2339
2568
928
4267
1774
3792
2887
1860
3247
4140
1082
3476
2792
3072
3387
3995
921
1937
941
4029
35
2604
4188
2454
18
2080
1498
1496
4390
872
1630
454
4327
1082
3678
3122
1070
2731
4375
151
3603
4492
4150
4380
2775
2156
4348
3461
4341
2443
2952
15
890
193
4808
1882
2362
2952
3725
135
46
976
4876
2001
4545
195
3352
1629
1843
249
966
1832
1521
3623
2604
1143
1886
1911
2355
4092
844
261
4155
2200
4256
556
3083
1479
3718
4776
691
4976
759
3624
4482
1068
2895
1796
224
4830
665
929
1899
4637
4685
2266
3974
4837
1809
807
665
1507
2774
3346
789
842
1154
4557
4899
556
644
1866
436
2207
277
4453
2498
4092
3740
3559
4044
3451
3236
1940
886
3437
844
1536
4108
2047
358
568
4830
1319
530
4138
1957
2178
3000
1419
4934
3394
111
389
2036
4915
4939
411
3550
4765
2225
2282
2248
1763
3000
4773
4231
3226
2111
842
3365
3890
2080
4796
4150
425
4796
1957
4017
3295
225
3260
661
2271
2047
94
2494
1404
2271
4293
3368
2282
4475
4707
43
2141
3247
2003
4102
1319
927
1295
1270
4474
3348
4044
724
359
2141
2435
4420
1519
4610
490
1742
3805
4407
4344
4985
266
1781
4725
663
303
37
882
459
3232
1928
4856
2112
2022
2776
2699
481
4638
3679
2732
681
1809
948
629
3955
1892
2443
4946
3807
2500
3018
1588
3125
3836
4476
2848
4192
822
2017
2461
1935
2439
4908
2303
316
372
316
4345
2859
2999
4307
4284
4666
2200
4780
1378
4638
3475
3416
1290
1154
4915
1353
3884
1353
987
3678
3992
1529
2656
4717
4121
1963
4288
1970
2742
4876
4755
1717
1589
1475
4556
590
1539
1944
3960
2486
2562
1963
4743
3494
128
552
4137
3236
1380
2951
680
1480
2779
1402
4274
819
2753
1446
869
1028
1931
639
1697
4254
4579
649
2779
781
4573
2243
388
4362
70
2707
2317
639
1465
2350
2691
2382
2401
2622
542
2833
1759
3920
1070
2373
4551
1110
4031
1110
781
296
4891
4717
3957
853
1594
1800
2457
1222
356
4700
4293
1666
948
3087
4040
2593
4837
4899
78
4278
2768
3069
4031
4108
1660
2768
2687
4949
374
988
4004
3697
38
2864
1733
977
4434
2032
580
2070
4004
3687
2511
2198
4407
3216
3127
4828
3793
3991
2070
4289
2707
869
2774
4685
2511
4311
1450
4434
1853
214
1964
1817
4741
1230
3586
3291
2172
4908
3407
3194
1745
960
1954
3600
952
2929
1860
663
4541
3663
3726
4917
4126
3307
3665
4421
4398
2371
4174
4526
3202
430
425
1457
1377
3488
4901
3173
2595
221
3894
2579
3506
3991
1846
4874
890
2051
4779
3604
370
4959
4447
1056
3211
2753
1129
4032
4748
3134
3195
3890
4578
676
912
2743
4155
481
1473
1418
618
3327
2932
676
554
4032
4606
2846
2926
2371
4606
1037
2022
3212
3726
143
1651
4337
1651
4679
4453
3485
4304
4030
46
4678
3557
1415
3074
2709
2963
3996
3909
2095
2368
2988
1567
3087
3173
4447
4337
2324
281
3357
1690
4242
2997
4107
3503
3080
2461
4512
4254
4959
2775
3996
1222
4192
4278
1260
4865
2669
4692
1637
705
2048
4107
888
532
3800
1944
4692
2524
1073
4306
1907
429
3657
617
582
3494
3536
638
1217
3159
847
3817
2782
3861
1846
2923
2672
4209
855
1907
3231
3841
4526
1276
161
203
4823
3537
3506
2324
4242
1586
3305
604
1506
2503
3657
324
1394
4119
3291
1355
3211
4134
4289
2506
1998
315
1588
1283
340
2392
315
2368
657
4113
1866
3018
3033
3518
4052
4399
2188
2335
4966
1836
2744
3305
38
1550
2036
3313
4180
919
3307
3637
733
2437
2823
3812
991
381
2246
2669
946
4124
2636
381
1269
935
1790
3630
1418
3276
335
3275
336
3418
4197
180
1646
4602
1060
2437
4547
99
2990
100
2142
2079
4390
4529
3541
1163
324
4036
4646
2277
2507
2142
4157
989
2872
2507
2875
627
2048
1163
3321
927
2308
3129
2114
1937
832
896
2687
3410
1373
1836
1530
4690
3094
1504
3300
3366
704
4504
2233
490
2642
3744
3119
4025
1176
901
2625
293
1972
4557
919
3908
853
1849
1157
657
4647
4775
1038
1781
3503
1994
593
2950
4702
2961
2101
4489
3874
40
4489
77
1931
4629
4635
2276
3205
4775
2207
828
3586
1229
3472
1220
4236
4229
2450
4522
3512
2629
6
3414
1118
85
4966
1328
3246
2411
1347
3744
932
1502
932
4190
1065
4190
1945
3360
3414
3630
4229
4174
3514
3186
991
1814
1350
3127
60
1884
3216
1868
99
1286
2417
2280
4934
2120
4243
2417
2639
4651
4946
4341
2058
1164
268
3213
3537
3668
2228
4054
1556
667
4360
3952
4579
77
1599
148
4358
3398
2045
3841
1350
3130
4467
1007
3797
2024
2336
3003
3646
4683
4065
1049
2991
627
1408
4079
1725
3284
2643
4803
3110
2705
3755
1276
568
1356
1932
2377
340
304
4925
3800
743
3215
2889
1605
825
3102
582
1408
718
998
561
4834
4041
4179
1269
4364
1126
1928
1145
628
4624
4281
4829
975
179
2871
586
4734
3648
2793
2629
3620
4829
3533
3131
1599
2721
4706
3352
1954
2721
3170
322
2571
3749
454
2166
3367
4744
167
2773
2037
2773
4484
60
2747
2432
1983
1571
1009
1922
886
866
2705
3829
2000
2515
373
2660
275
4863
2835
1955
1976
4476
3108
1555
3905
1521
2137
4079
4530
3283
2942
4017
3083
4697
2173
4587
894
3028
1365
1950
4243
2374
733
2000
4888
4815
2460
737
3403
3905
4383
2460
3742
4176
2097
2170
916
2655
975
4519
3028
2655
3475
4965
1377
4834
1265
3683
4734
1379
4540
3534
4179
1667
4951
4833
978
1874
2118
4633
2889
1363
424
1898
3577
617
2846
3488
1991
2663
2118
3534
3786
4356
4699
2896
2187
3348
4633
2372
1591
567
3288
2391
225
3571
4803
2373
1964
1405
549
2735
2372
76
2735
2781
2281
1387
1351
182
2572
3497
266
1760
3922
4294
1286
2465
1060
1174
3714
1446
4815
3792
2676
2037
1571
2752
4551
3108
2623
2795
3196
3852
2623
197
346
197
1831
3165
1858
4622
3430
3809
1563
2473
690
3921
4618
4855
82
4546
4317
84
3921
520
4664
346
1295
4706
526
1017
2228
76
1218
4601
3748
50
1950
4285
599
520
4647
3160
2457
4188
4704
2164
2640
4675
121
4329
3080
3109
3969
3924
3985
2923
1563
3603
933
4353
1128
558
740
2112
4833
743
2381
3955
2031
1550
1328
4600
3577
4048
921
744
4947
238
4699
689
3768
303
486
1743
2760
955
2771
4540
2031
486
3277
2408
1172
1479
4855
3753
3924
2331
2242
1529
335
1527
2743
1220
3120
4844
3532
1952
2972
1962
3287
4420
850
1903
3550
629
4736
3922
4098
3985
3196
1591
2444
85
3380
3520
1842
2253
819
4553
2617
2883
3729
3590
4205
1530
1741
1604
4055
690
1293
3213
2942
3346
2314
2248
478
2878
2353
161
572
4371
2303
3950
1961
168
2314
2996
2488
3231
2488
1701
148
1718
4435
4097
2999
872
4940
709
661
3908
1166
2917
2390
2232
1013
4531
3636
3354
3862
3354
2719
594
4040
2033
1265
4401
4516
616
433
2886
4147
4632
1519
4787
4126
945
1165
3852
4119
4223
1313
1962
4307
1007
3481
4098
1078
846
1054
3530
3573
623
913
2518
2897
2709
3827
1527
1737
1506
944
2985
1078
4747
3011
2631
1661
638
3928
1345
1662
1743
1731
4148
1780
1872
3765
3928
4921
1859
4148
2412
1734
1690
4007
3277
1275
1445
1054
2583
1894
4485
2390
1237
3637
3779
1731
845
2626
1853
1028
3749
1899
133
1013
4445
2269
4274
3285
667
3232
3714
2809
1760
4529
208
1872
2967
2412
1365
4562
449
1675
4913
978
2156
2883
2825
3285
3050
3944
2230
261
458
4543
2784
4443
2262
4276
3330
4622
4232
1202
1072
1741
3016
64
2795
4232
1323
3622
3015
287
4624
4877
187
3768
3036
802
3403
1405
4513
855
697
4171
35
2917
1786
740
901
2971
4173
2391
1775
4235
3011
3313
1106
3938
4804
4877
4881
705
4369
50
187
2360
566
1185
756
2234
2455
2177
1633
2477
23
3718
86
2155
1742
4458
53
4618
1313
2386
1485
4448
2233
2449
674
64
2703
3515
4408
1202
1277
955
3066
607
3066
1926
1828
4875
491
1072
1296
3421
290
2784
1891
485
4099
4736
2551
4884
702
4845
3759
3456
3186
958
250
3015
621
290
1556
2887
2583
3509
4493
3005
3972
3081
304
1786
3848
4963
3941
2551
4054
2963
1855
562
3430
4521
2335
780
2227
832
3975
3365
2297
4448
2297
287
2851
3735
1428
4541
780
1006
3341
3938
4422
3449
2296
1902
372
1274
634
3227
209
4602
4887
3870
3972
2455
3131
4491
1076
2913
1488
2644
970
1951
4408
1488
857
208
4753
1075
566
1952
4873
1366
3215
3091
4497
3532
1331
3942
2591
4267
4053
737
1358
4863
3916
2656
3166
209
86
1245
2501
4730
4180
301
3533
899
3729
1165
2536
4662
3942
1002
671
4020
322
2701
2929
2663
2323
4839
4858
3019
195
4716
944
1006
1902
3449
3357
2553
345
3848
3284
3643
3341
3643
2179
2996
2500
3390
3969
2892
3894
671
2872
4480
4364
2701
2850
4985
1056
3705
2237
407
2195
3514
4493
1613
3026
3809
3418
1894
1439
489
2075
1287
697
3876
3682
4185
1712
4279
4523
3559
4458
4414
3950
318
512
3410
1662
1215
1378
3205
1549
1403
4279
280
958
2204
1403
4937
1370
2676
4516
4371
4626
2024
931
2320
4497
1549
1629
3042
4626
4875
345
1145
3172
4053
2428
522
1244
2306
422
1125
3257
3691
4710
1684
4710
1842
3241
1622
655
2536
230
238
4419
2749
1961
73
2237
2145
3081
4835
3992
3640
3682
3808
2526
1465
230
2284
2881
3696
2073
1304
2187
1030
2306
4094
1174
684
1004
1161
146
933
336
1059
1075
1105
2553
429
4075
1357
3325
2955
4512
3032
3019
2955
4428
4708
2278
2308
1345
146
1185
604
2129
864
3482
1637
1604
2395
3952
804
89
4428
2284
1025
1133
2990
31
1025
2502
2278
2066
1926
4823
3730
970
2526
2075
2170
2258
1642
1612
2454
4016
4519
2054
3696
2742
1717
2971
4094
4358
1934
3041
691
141
343
4937
1004
4873
522
78
4240
4713
264
519
3825
264
2100
3929
2100
350
2821
1612
4921
2450
2556
3912
2103
1622
3484
2850
1323
211
358
1723
2965
1487
4860
3045
350
3753
2896
386
3498
3301
1677
3509
2829
1309
3530
4406
4896
389
4213
3119
39
1195
3974
2807
1183
4090
4737
4662
4839
4496
2428
4406
4210
4841
586
2381
2520
1874
1166
4058
22
364
3337
1106
4764
3385
3765
4713
3189
3685
3826
866
2172
4723
525
2325
359
172
82
3786
2365
2232
2704
1183
3164
112
2997
2590
1934
3515
1704
3564
4282
2749
211
1759
1721
2981
4643
141
903
2028
39
3826
2438
4536
1109
4196
4484
1331
3283
4325
674
3791
2254
800
163
1712
1172
3698
281
1917
2464
4914
3095
3965
4162
2825
2575
433
2464
1617
2263
4171
3754
3505
4779
4002
4764
554
3730
4723
3479
485
2522
2521
1002
746
4185
2783
3734
4058
163
3754
2434
1641
2434
3779
276
3777
577
2718
2636
4141
3505
1522
4070
2590
1943
4604
4213
3916
1586
4351
285
1215
3036
784
3660
525
4879
2190
2406
746
1415
3
2890
1503
236
3872
3527
2545
4604
3451
3195
2054
1398
4664
2190
4860
2012
595
3614
3237
1395
2950
2262
489
2012
4211
4121
2866
2648
1391
4214
3295
2781
4583
147
4656
530
2780
4062
3596
3640
3175
1111
2408
747
3490
3932
1617
18
4318
4057
4173
1708
1561
923
4322
1817
4881
4509
756
4042
923
2209
4086
4211
1835
4252
4473
4410
1910
3227
4981
3464
2935
2409
4318
1151
4496
4473
655
3337
2407
974
376
1780
602
132
175
169
2907
2064
4090
4046
3583
3875
701
4887
4858
2568
1555
4975
2832
3793
1044
301
4975
3951
4197
1444
2881
641
4223
4708
2591
4824
4141
3581
3904
250
1315
907
3095
1315
3655
974
2266
57
4284
4532
3110
1561
3479
972
2435
2275
4207
1272
3005
2747
121
972
1186
460
870
1920
2991
133
4853
3568
3639
2467
291
1641
2449
333
132
1294
4383
169
2752
3581
4469
1355
2712
3665
3761
1314
1244
3761
1812
3720
744
1370
1659
1439
1275
2680
4100
1835
80
1493
3594
1493
3397
882
16
1175
993
4397
1
4824
4704
3042
3649
1657
3951
577
3032
2514
2928
2514
4162
2670
993
628
1
3994
4658
4282
3041
2648
1870
240
2272
1363
2726
1870
4129
1920
1366
4100
2323
2205
2463
3399
4410
34
4767
1503
3742
2333
1428
1444
4963
4658
2627
2515
2627
3923
4522
1430
2502
4028
1430
4028
2612
2409
57
2660
4241
69
736
4581
1272
3994
267
2793
1169
2272
1038
3190
2562
1682
2780
2429
3495
2463
3645
1812
1891
3485
2522
4754
1638
2697
2071
3778
4888
1324
4509
70
2071
4643
1539
3498
4469
2928
439
3932
74
3975
3325
3941
2866
2556
1596
4697
2832
1462
581
268
2622
3397
1252
2764
4149
4657
2245
2333
595
34
807
1395
74
1522
4657
2205
1596
356
3829
3250
3050
858
2670
845
2245
864
2769
4257
1987
4149
1175
23
2120
2600
2332
1882
1198
858
4832
3778
218
2521
2585
701
4042
4401
2293
905
1473
2600
435
391
1126
3237
2764
3713
2129
1987
1169
1682
4241
4702
4134
1133
976
2429
1779
1389
373
822
3978
3651
2406
870
67
3518
376
4353
3495
3208
3385
3303
2769
4518
4532
3170
4351
1424
3334
2097
1413
4832
4072
3918
416
2073
3748
280
4206
3274
2966
342
3188
1711
3442
545
2042
2059
4292
1753
3386
3966
3642
2244
798
3699
817
2127
4805
325
2508
332
856
1425
1390
1255
4035
1906
98
4757
3290
2540
166
1310
3667
2452
2046
683
1069
2628
2273
4394
2086
4350
1412
3943
1985
2869
2196
3161
2309
1001
3545
3672
2662
2888
1181
2216
1544
419
1384
4991
4882
405
2292
1689
550
272
3152
3842
1333
794
4472
1929
2055
1177
118
826
441
201
1367
4825
1032
4436
3438
2549
3268
3773
115
2924
483
3666
3878
934
1224
1047
4218
2072
2424
2933
2736
3654
2817
2396
159
2061
2678
2052
4169
3324
865
1756
1783
257
4395
2973
2638
4340
1464
4454
1453
2250
4006
1850
273
4673
4585
3126
4511
575
3747
4427
4944
4811
1456
2979
860
2797
2674
4689
1727
1969
650
984
492
2828
713
4296
2616
3388
2181
3245
3079
499
3719
2213
171
4194
3238
1936
130
1083
2748
2762
3355
1698
1281
686
3057
344
1167
1033
1670
2813
1012
1729
4404
3695
4631
4772
4260
247
4027
4639
1992
3823
1747
3103
2635
4131
298
4575
1483
415
1927
294
1171
4203
3659
4063
3519
2192
1119
297
2856
271
3855
4525
4095
3997
1925
4432
2338
2217
3001
510
765
3854
1318
831
4217
588
779
953
914
3970
4550
4370
2755
3218
3177
4316
1463
3653
3043
4263
619
848
3453
4331
3694
4175
2658
3787
243
242
3606
4893
1820
432
2976
1458
245
2298
1895
1436
3819
30
3098
2231
42
2698
2905
1643
155
1329
3780
3265
518
1819
4806
1308
2509
1971
2987
2366
33
3558
1035
2873
2043
4826
4312
2416
854
1834
2106
4809
2425
2580
4672
3264
1609
165
3857
1335
1236
3835
2968
4561
2901
1681
2702
4680
622
3899
4549
1460
4117
4
4429
2493
51
2110
2567
1833
717
2203
237
3309
1824
1623
2011
3344
3781
814
3031
2474
1570
4842
1545
4795
3745
714
2497
635
3710
17
4790
4667
2352
2343
1433
1298
3312
926
4135
3788
4268
3913
4418
110
2257
1243
1974
4249
900
1316
1085
1338
3040
62
1799
1432
1336
3601
2995
2252
1806
1142
4463
544
1256
2312
1484
2632
968
1875
399
212
153
54
3361
4576
2919
658
3675
2908
4330
2499
3039
210
1749
4080
3262
2105
2402
438
693
2969
1303
2018
1883
4942
3383
4379
4871
3500
4902
2822
3230
1984
3538
320
695
2666
3677
943
4760
495
4972
4470
1686
1062
4894
2300
3121
4852
3331
453
2117
4309
700
9
1401
2578
2558
4943
3504
1206
3721
3650
2554
4298
4659
2761
4778
956
4066
3022
479
2931
2596
3458
95
4199
1861
1144
4684
274
2451
1777
1750
1827
4750
3020
455
2841
2539
471
1583
3234
4568
2695
3169
4749
719
3853
3728
3858
1018
723
4987
758
283
3882
1429
3439
750
4014
4634
4895
235
2069
3863
2790
3956
3225
2092
2006
1893
2286
302
447
1491
608
1523
2270
2586
3342
4608
4324
4559
1543
2462
4321
3598
3244
3670
1939
908
2085
1818
1829
4862
809
2224
4088
1958
279
682
349
3980
3221
3631
4510
19
3138
3323
4652
2015
4954
4941
2265
2706
1423
4900
3510
3338
1980
574
3954
2599
387
1578
1653
2899
3906
3198
1512
3987
3731
1102
2641
1652
1101
1738
4204
2668
2068
2268
3900
805
3467
1238
1079
2194
2328
3029
3258
668
2256
791
3415
253
910
2040
1755
368
1500
891
420
3845
3343
1354
3931
4378
818
2937
2128
4784
3078
3866
653
659
3055
2665
4023
930
4794
4718
2584
55
2559
1146
2728
309
4487
1841
4615
3953
4857
3811
129
3750
4955
2238
2921
406
1949
2787
533
498
551
1359
2394
1108
1695
1088
2541
113
1162
3790
849
983
3422
1124
2885
3575
2495
321
666
2659
4087
1509
3379
969
2348
4988
229
3068
4000
2710
3447
3428
2341
980
4158
3674
753
2788
3104
4261
3584
4641
1190
4159
417
3760
2650
4797
231
313
2370
859
1232
3006
1022
2547
1960
808
2805
3903
1036
414
4050
1648
4524
925
3318
1767
2984
3423
4924
2186
598
2458
1714
3886
911
3157
1330
4299
4133
2960
4195
1975
1938
1431
2418
437
1449
1052
4074
1182
4300
4483
1988
1289
2737
2740
223
3469
3593
2191
3722
4644
1437
4735
1372
4570
2
3599
1679
1978
2492
4565
3362
4861
1152
2223
3269
1764
1388
531
4732
734
4614
949
4433
3556
3145
394
4889
1369
584
1014
3553
1719
232
563
3869
1793
2696
3815
2614
738
1242
3222
314
3662
3837
1451
502
3499
4960
610
4964
2160
2745
3044
766
2958
1619
4880
123
3824
4774
1467
3468
979
2301
2319
2799
4184
140
2893
3340
2240
4083
4676
4727
3124
2182
4956
1494
4799
4898
4310
810
3027
1320
307
715
4246
3060
4721
4563
1625
3939
1209
3013
1839
2694
1956
4903
4245
3546
3958
4442
760
4733
4111
1440
3444
1559
2934
144
3441
4869
1020
300
4457
440
1580
954
1155
200
4251
3937
1773
675
2489
4166
443
92
3891
3567
1672
1477
609
2959
2340
4313
4105
2419
4923
1268
1442
3150
4653
1631
3035
3353
2379
3589
145
2150
3555
841
351
3073
2389
3111
4649
2826
3378
1201
1364
2837
239
4411
1909
2344
3209
3926
2925
3821
3507
4136
2288
2356
482
2594
202
176
1305
4619
2384
2218
2413
4386
1179
3401
1854
3680
1168
2720
1489
3647
3443
263
3239
3621
4303
3030
1865
4392
707
813
4719
3419
3105
2327
1624
4584
265
1680
2107
2947
1513
1582
401
3602
2199
1241
3627
3133
4125
4361
662
1615
3831
2994
3588
2681
2724
3715
4582
4848
776
1434
4866
2857
12
363
2397
2770
4571
601
1535
1959
4621
255
3737
3395
3214
4709
1116
2865
1702
4611
557
1040
1757
4812
1620
2283
