30
11 12 9 17 15 18 25 28 23 19 16 14 13 2 5 24 22 30 26 8 20 10 6 1 4 3 27 29 21 7
25 11 6 16 10 12 18 9 28 13 24 7 27 3 20 23 17 5 30 26 4 8 22 21 2 15 1 19 14 29
2 30 19 20 9 28 18 6 12 5 17 23 15 24 11 29 7 13 8 1 26 10 27 21 25 16 22 4 3 14
10 27 19 14 6 24 4 2 23 13 15 21 8 26 25 22 18 11 17 7 16 20 5 3 12 9 29 30 1 28
1 29 2 3 21 27 24 18 4 11 30 6 7 16 28 23 20 22 9 8 5 14 26 19 17 13 15 25 10 12
18 4 29 7 15 20 16 2 6 28 11 17 26 14 5 8 23 21 10 30 1 22 25 19 27 9 3 24 12 13
23 18 28 5 29 9 10 21 22 2 6 13 11 25 1 14 3 30 16 8 15 24 12 26 20 19 4 27 7 17
14 21 1 6 4 7 22 16 2 17 5 3 25 24 27 30 10 9 8 26 23 19 12 28 13 18 29 20 11 15
7 6 13 30 11 19 2 27 26 16 9 1 17 18 23 5 14 22 12 20 10 25 28 3 29 21 24 8 4 15
5 28 9 21 22 29 13 14 7 26 15 24 25 10 4 19 1 17 16 20 11 30 23 27 6 18 12 3 2 8
29 8 25 7 9 16 6 21 18 4 23 26 19 27 22 5 13 24 2 30 1 14 3 11 12 10 15 17 20 28
26 7 22 25 10 24 14 28 4 12 5 30 6 8 3 17 20 9 23 27 16 19 15 18 1 13 21 11 2 29
15 27 29 20 12 14 28 13 16 8 11 23 6 2 10 5 24 18 26 4 1 19 17 7 3 30 22 25 21 9
8 1 23 5 2 10 11 27 16 15 14 21 12 18 25 22 29 6 17 26 28 3 7 30 4 13 20 19 9 24
11 15 25 6 10 9 16 19 1 30 2 5 22 14 4 28 8 17 21 27 26 12 7 3 24 23 13 29 18 20
14 28 2 3 25 30 8 19 17 12 7 1 24 4 22 9 20 6 23 26 15 13 10 11 16 27 29 21 5 18
21 13 22 29 9 15 11 17 10 1 25 18 12 14 16 2 20 19 23 27 3 7 6 24 28 8 5 26 30 4
1 3 15 8 30 28 13 10 19 6 26 2 20 23 17 11 5 9 7 16 21 25 18 27 12 14 22 24 29 4
30 13 29 28 15 12 11 21 2 7 18 20 27 23 6 17 10 4 19 16 25 14 1 3 24 5 26 8 22 9
29 19 9 20 14 13 12 4 27 2 30 11 5 22 16 6 21 24 10 8 23 17 1 7 18 26 25 28 15 3
27 9 8 25 30 20 28 1 26 3 18 24 22 17 16 14 13 12 4 19 7 15 21 2 6 23 29 5 11 10
17 23 14 8 13 27 1 28 10 26 18 4 24 29 12 6 16 11 15 30 9 22 19 5 2 25 3 21 20 7
29 27 28 20 24 4 30 25 6 18 19 2 7 15 8 3 17 9 11 22 5 23 13 12 14 16 10 26 1 21
29 4 16 2 11 12 24 8 1 9 14 18 20 21 15 7 28 19 23 26 25 30 17 10 13 3 27 22 5 6
16 5 27 11 1 15 3 21 2 28 12 14 22 8 26 24 4 25 30 18 23 9 17 20 7 10 19 13 29 6
25 10 18 4 8 6 30 5 17 16 12 28 27 11 21 20 23 14 26 9 1 19 7 15 29 22 2 24 13 3
6 19 5 22 10 4 20 13 27 9 11 17 29 8 2 7 24 3 28 26 15 25 18 12 16 21 23 14 30 1
22 1 19 18 23 24 2 12 9 14 6 27 20 4 10 7 25 21 29 5 13 30 17 26 11 28 8 15 3 16
11 15 24 12 28 22 1 20 21 4 18 5 30 2 17 9 19 7 10 6 14 29 16 27 23 25 3 26 8 13
10 18 7 3 15 21 29 13 30 9 25 4 5 19 28 6 27 17 2 23 24 12 16 22 20 14 26 1 11 8
