16
16 6 15 1 7 3 4 13 9 10 11 8 2 5 14 12
13 12 10 16 2 6 15 7 8 1 11 14 9 4 5 3
13 15 11 4 14 12 2 16 3 1 10 8 6 7 9 5
2 14 5 11 3 15 1 9 10 6 4 12 7 16 8 13
6 15 8 11 12 13 9 10 4 3 7 5 16 14 2 1
4 6 9 8 2 1 16 7 3 13 12 10 15 5 11 14
11 3 16 1 5 8 4 10 15 13 2 6 7 14 12 9
13 6 14 3 11 8 1 4 16 10 5 7 15 12 9 2
2 7 13 6 12 5 10 14 9 11 4 16 1 8 3 15
2 4 11 9 5 10 1 7 8 16 15 13 6 12 3 14
10 13 6 3 2 5 14 11 4 8 9 12 16 15 1 7
7 13 12 1 6 14 8 15 4 2 5 3 16 9 10 11
6 4 10 7 14 13 1 16 2 15 11 3 8 5 12 9
2 4 12 16 15 8 5 6 13 3 14 10 1 11 7 9
13 2 9 14 11 3 15 1 5 4 6 12 7 16 10 8
4 12 1 10 7 16 14 6 13 3 5 9 8 2 11 15
