7500
414 61
200 23
115 34
270 63
261 1
381 20
111 74
10 34
209 77
261 30
416 57
158 15
58 86
124 93
5 20
71 60
164 57
94 25
462 89
448 99
28 49
54 27
410 7
452 57
301 51
218 69
337 67
486 28
198 97
364 10
336 47
126 14
304 73
216 89
249 54
208 6
306 48
488 66
214 76
75 34
114 93
82 20
124 32
480 66
395 23
440 1
487 42
138 69
20 32
60 48
197 90
446 19
402 40
157 46
207 3
349 72
257 52
491 57
111 26
368 94
256 8
345 97
128 16
284 38
97 55
158 71
4 32
474 86
470 19
321 65
300 35
406 44
443 76
124 96
108 95
295 94
236 44
359 15
160 3
406 99
423 70
82 68
342 89
17 70
18 27
31 12
129 47
45 83
485 17
196 91
404 66
318 60
144 78
53 63
205 68
6 95
488 4
445 87
364 51
215 48
403 63
127 64
57 40
227 90
298 27
464 35
262 39
407 1
137 5
286 38
118 99
254 31
382 83
395 17
196 83
120 11
336 73
237 87
176 41
78 26
400 62
222 60
422 92
448 40
229 75
205 26
475 12
483 77
299 40
122 83
442 24
201 64
379 56
278 35
301 4
387 20
408 76
303 37
102 80
242 14
280 88
249 100
81 49
189 69
32 5
353 52
182 94
338 25
445 64
458 54
476 11
108 63
43 28
81 77
494 34
500 75
5 94
142 25
469 80
33 4
478 11
358 27
473 87
328 29
299 98
273 77
469 67
359 9
126 76
466 28
270 61
352 87
470 98
402 54
396 99
340 45
132 93
440 54
348 73
380 22
57 13
6 25
279 8
423 79
81 80
411 79
75 45
338 29
91 53
331 28
347 29
99 18
95 89
447 15
318 100
118 65
187 13
233 11
127 93
244 56
430 3
404 58
34 48
415 95
138 67
24 78
32 19
463 14
67 34
263 32
368 91
79 34
9 57
315 34
462 9
433 87
302 9
475 31
245 7
452 92
231 96
362 25
390 43
249 87
348 70
310 65
462 48
216 17
194 52
406 85
462 71
265 84
423 63
193 3
285 35
233 41
342 50
19 77
85 4
438 55
344 36
52 15
40 48
394 19
264 59
446 41
27 16
176 23
123 31
163 19
207 23
456 78
293 91
453 33
7 30
176 3
59 76
490 22
17 44
393 57
94 89
165 72
288 14
271 44
333 81
32 64
41 37
233 53
261 30
415 80
274 75
272 75
100 33
165 63
287 66
408 63
409 6
83 32
101 55
314 49
85 85
486 59
292 22
91 28
271 31
444 94
230 21
198 84
175 54
157 55
218 22
46 81
287 25
8 69
46 61
236 8
13 12
249 66
444 98
468 82
202 11
367 40
445 77
93 4
93 85
85 56
157 95
329 72
157 11
36 16
433 78
132 52
352 37
84 87
454 61
220 7
283 37
301 73
217 75
258 74
266 75
106 60
427 44
195 9
298 84
56 99
298 77
260 77
440 34
294 60
260 84
114 7
96 26
153 36
68 79
158 97
207 75
417 1
325 6
492 80
344 11
241 29
402 60
43 43
216 79
219 66
273 17
334 3
74 50
116 62
250 75
423 40
30 37
255 54
128 95
486 87
277 15
58 9
234 51
66 74
219 49
241 22
382 87
475 28
500 31
176 73
239 78
346 34
452 14
395 31
88 99
355 46
434 68
258 30
8 3
82 59
91 25
280 86
453 96
48 32
11 41
106 78
238 28
386 75
289 62
150 83
434 86
190 87
500 95
385 72
167 96
5 49
76 86
293 53
328 24
477 74
94 6
467 77
177 92
164 22
461 36
374 2
370 98
500 54
13 70
271 5
379 34
413 61
19 16
279 59
324 27
100 33
89 2
111 61
212 66
466 97
489 95
459 17
79 54
204 5
364 22
37 86
37 51
49 75
366 98
275 78
238 37
172 97
185 57
178 5
228 69
241 89
495 99
337 96
219 49
138 12
295 30
91 63
265 5
320 36
165 17
355 23
341 65
357 71
426 52
98 77
332 48
105 49
203 9
478 49
424 58
49 61
397 23
134 73
408 81
298 52
66 62
136 47
381 95
237 74
204 17
89 34
361 77
334 93
437 88
391 21
308 28
100 53
116 83
153 41
42 91
217 95
319 20
272 42
82 89
308 36
266 35
158 19
378 56
370 99
126 1
125 99
456 85
369 1
247 45
425 81
468 74
476 3
278 82
454 37
147 87
476 6
207 41
103 68
173 12
321 12
297 13
267 7
435 31
346 36
439 94
17 97
213 95
139 76
398 39
416 3
254 5
66 43
477 20
8 2
260 98
456 39
81 92
445 11
286 45
437 97
190 66
282 81
32 45
433 79
232 85
429 49
56 33
315 22
375 10
249 36
383 95
209 53
209 7
323 13
25 83
460 44
351 49
367 16
404 42
249 40
440 15
303 21
184 40
373 32
53 99
489 68
10 7
179 88
15 29
107 55
148 75
148 45
125 84
204 73
38 31
142 53
280 25
386 7
247 73
307 74
14 30
181 91
337 69
129 45
433 30
41 19
125 31
149 86
65 61
14 10
366 84
332 73
113 14
68 32
329 52
93 66
113 93
66 84
285 40
483 88
499 84
406 26
404 35
23 65
77 24
311 78
50 98
202 23
401 80
276 63
490 75
128 39
56 33
177 14
4 7
334 44
352 66
27 34
409 49
247 95
418 67
394 13
476 98
300 88
206 26
477 1
267 18
216 37
400 44
333 39
369 81
436 7
230 54
262 42
40 12
209 4
197 37
352 43
258 34
338 16
196 53
175 92
174 31
81 19
56 74
142 6
481 2
207 31
476 25
13 88
175 36
213 31
373 30
65 85
235 85
191 20
136 66
416 16
203 43
356 58
283 21
3 51
169 36
230 38
30 60
218 48
167 15
476 31
258 97
200 42
475 54
399 78
394 71
284 94
319 58
93 41
196 35
104 98
487 75
251 11
439 40
356 39
346 15
130 75
16 37
214 10
270 71
165 32
442 76
400 88
466 57
254 69
257 18
420 61
217 39
183 99
346 49
445 14
20 81
220 45
162 4
352 72
140 95
358 85
349 89
428 97
65 98
216 58
281 22
217 43
367 72
99 14
500 72
39 69
471 33
206 38
61 100
150 100
332 9
10 9
290 20
66 58
12 15
273 36
438 53
50 36
172 47
238 33
249 94
236 35
460 70
463 65
432 82
430 56
318 23
316 36
38 83
57 50
180 18
129 46
244 67
260 20
92 62
4 96
44 3
168 84
223 65
276 52
345 57
308 89
297 74
136 64
471 90
178 88
420 96
404 47
71 71
482 66
315 43
463 8
436 90
11 28
474 69
349 37
220 83
183 40
197 25
495 55
65 57
248 29
56 11
132 9
140 24
137 33
257 41
347 37
80 45
475 17
401 9
298 75
330 70
248 38
168 67
81 34
400 1
124 66
394 5
261 18
25 39
435 68
56 34
51 16
230 60
314 40
171 88
151 33
299 81
482 99
91 17
246 90
157 39
201 34
211 93
153 73
151 76
377 10
81 28
134 42
242 30
318 24
427 88
354 92
103 27
155 30
70 16
6 79
118 92
416 5
264 71
85 88
293 51
249 83
426 54
320 75
76 50
315 38
288 64
264 48
70 75
326 28
439 36
42 17
167 82
242 92
285 7
245 91
82 29
132 5
412 70
495 42
290 18
177 88
350 50
154 11
377 40
341 77
256 72
198 86
290 31
194 44
484 49
239 23
495 27
391 78
84 61
212 29
46 32
309 19
186 56
210 4
57 91
336 51
305 48
483 33
73 64
322 53
47 19
85 40
364 13
183 97
217 36
185 91
108 93
160 15
344 69
32 65
490 46
238 14
100 12
68 68
206 7
220 46
135 18
214 11
373 9
452 44
312 36
295 45
338 3
215 1
350 51
134 46
410 78
261 16
379 40
292 64
479 88
16 92
388 22
474 22
54 85
432 90
94 22
86 72
204 65
499 38
207 43
445 13
403 9
408 100
106 36
154 61
283 36
382 99
421 83
125 68
296 66
148 97
17 87
263 16
273 85
76 28
392 60
307 46
405 12
473 95
473 28
318 59
113 82
25 11
325 32
341 64
334 27
410 13
261 48
201 88
214 69
50 12
361 95
477 39
205 14
36 20
399 71
115 25
61 58
194 16
170 75
210 34
258 93
320 78
233 48
434 60
298 24
63 71
47 18
125 99
441 92
469 85
28 49
37 91
326 98
175 36
1 93
237 18
8 43
269 19
64 58
162 70
397 62
297 21
356 75
336 50
107 75
431 85
231 69
241 49
206 39
294 35
339 46
336 72
377 7
435 54
116 76
249 20
485 93
471 23
175 87
109 27
44 43
372 8
106 68
47 59
99 17
416 15
183 70
339 63
9 66
288 88
474 24
223 74
137 30
345 71
365 54
357 80
447 29
29 30
478 6
441 43
7 70
445 19
7 77
491 73
398 52
84 16
451 53
277 63
30 87
217 3
264 52
406 75
362 16
430 14
398 73
71 88
33 39
324 27
262 57
451 100
392 51
371 23
86 40
266 80
442 81
426 94
186 32
498 89
187 38
390 14
142 84
252 45
380 65
35 58
377 73
291 52
189 98
484 80
144 88
211 83
255 29
348 58
423 23
286 14
171 84
15 74
216 80
460 28
356 93
99 70
256 69
498 56
338 80
48 52
119 27
296 93
449 51
398 47
243 32
341 58
415 91
198 24
350 29
337 15
367 66
77 63
280 63
474 48
243 37
476 89
229 13
369 97
107 66
32 55
389 38
145 41
371 48
124 85
500 26
187 51
422 32
68 72
307 50
34 83
155 58
471 31
420 29
442 44
415 98
243 12
83 1
96 98
343 98
265 68
352 92
481 41
132 39
210 73
171 1
407 27
179 88
25 7
363 86
193 48
158 69
64 89
22 56
5 76
487 33
381 71
314 76
352 57
209 35
181 81
182 66
236 60
272 18
420 36
457 18
461 88
225 6
67 96
380 15
96 40
309 98
24 82
25 51
97 34
466 72
197 51
128 68
78 77
241 95
224 26
328 89
251 5
104 35
363 80
308 64
10 66
169 89
33 78
347 18
178 70
319 4
14 75
273 9
405 87
246 15
298 74
327 88
232 5
388 86
102 30
433 70
300 45
275 53
37 26
371 6
220 30
284 83
426 86
357 67
103 14
298 26
289 64
33 31
237 59
268 87
474 72
359 72
433 81
191 90
453 80
413 67
14 40
481 67
267 54
97 97
470 93
258 30
134 71
250 60
262 1
39 70
206 72
165 90
291 95
328 51
487 84
16 84
14 92
128 12
410 90
187 29
220 77
342 76
60 60
10 43
468 29
96 69
65 35
409 17
169 18
453 37
137 73
450 62
336 41
47 77
266 44
296 71
482 29
115 69
82 82
70 78
180 6
437 19
359 4
124 24
278 98
181 3
186 68
212 36
263 6
162 23
287 2
72 8
296 31
494 63
5 81
416 85
387 59
160 55
433 63
320 58
240 97
481 55
209 81
23 66
241 71
497 13
462 94
138 100
118 74
247 64
421 87
259 13
242 76
465 17
170 33
483 44
93 89
171 48
68 13
334 39
380 83
177 9
321 85
93 83
319 66
496 30
214 19
36 37
62 14
156 42
495 75
77 82
290 64
424 92
415 52
321 69
455 54
432 77
431 82
14 73
182 28
211 71
55 87
411 60
328 91
135 72
370 90
42 50
196 26
261 48
193 77
385 95
402 60
89 83
399 28
454 60
405 96
217 46
405 90
275 9
186 89
407 50
297 16
292 100
92 91
57 25
130 56
157 84
325 41
80 97
373 7
442 10
99 20
188 70
12 13
246 40
444 56
79 20
316 32
222 64
170 92
38 89
246 46
492 29
490 100
438 87
36 42
484 67
292 62
151 6
417 35
168 33
76 2
359 28
7 55
200 48
41 73
280 53
349 93
471 51
327 4
296 26
113 95
63 52
423 1
483 69
447 19
111 97
220 2
56 20
490 41
73 35
224 95
214 85
38 31
404 94
431 87
390 87
368 67
138 60
347 28
416 26
218 20
371 66
176 95
83 45
421 87
162 86
158 32
118 1
197 85
327 33
59 44
56 43
103 98
145 65
331 49
29 97
137 82
474 2
411 83
453 55
498 25
268 36
191 70
126 73
3 67
500 65
135 35
235 72
160 66
495 18
58 83
256 52
399 37
168 92
53 35
278 100
457 31
165 100
89 13
221 19
420 79
413 19
246 84
465 51
418 90
79 43
124 66
381 12
488 7
431 50
398 82
276 35
74 16
105 66
29 75
238 15
201 12
280 45
141 79
388 59
299 27
261 45
40 43
40 51
176 2
466 17
401 17
264 15
161 31
317 1
105 87
364 82
390 47
43 23
236 73
249 77
260 72
384 2
230 79
220 95
27 23
203 61
185 1
162 95
73 69
7 48
323 93
137 98
318 53
371 59
110 82
391 87
299 62
265 71
34 48
261 18
391 57
298 75
37 58
489 35
201 58
357 26
103 51
447 90
106 88
157 85
4 85
262 74
452 71
200 84
202 41
353 51
408 83
134 81
405 74
368 93
477 68
24 30
280 33
35 36
164 100
24 60
327 29
409 23
297 11
461 51
403 61
38 71
9 67
322 24
403 100
23 32
372 5
144 34
103 25
494 67
190 24
319 68
149 21
482 21
447 36
296 57
217 28
210 11
411 66
196 79
311 53
280 15
395 18
328 85
234 28
268 65
173 87
116 23
206 33
232 57
57 37
429 64
138 74
115 54
122 25
319 46
69 12
65 5
94 92
164 11
251 55
155 64
390 3
216 62
395 2
12 21
320 44
62 12
76 44
349 33
439 77
482 51
284 20
406 68
57 53
217 13
143 36
301 48
406 75
148 50
281 30
276 4
468 27
374 15
353 99
360 35
447 45
199 48
226 86
435 73
410 63
28 69
318 13
206 55
78 97
164 79
91 80
80 1
272 94
17 66
207 15
449 97
21 43
213 17
330 81
382 88
320 28
115 35
92 42
220 72
48 49
247 68
216 82
81 5
42 94
124 34
288 79
267 8
324 71
493 64
193 41
80 84
491 88
472 43
200 94
46 41
251 3
102 60
212 28
39 14
128 14
303 63
163 93
317 9
310 19
235 22
78 65
465 34
166 26
70 1
288 54
238 50
409 18
164 27
297 75
313 26
417 78
136 74
309 76
455 92
221 67
360 52
412 19
73 11
130 62
357 95
418 20
200 45
33 44
93 68
355 44
367 40
338 52
185 68
120 56
385 1
86 83
18 37
285 29
41 90
203 54
256 85
65 5
191 20
423 18
275 5
435 21
263 57
357 41
488 17
403 81
167 30
227 26
82 93
452 88
110 48
248 2
169 9
119 36
319 19
170 68
326 92
246 54
167 79
480 86
57 73
381 7
208 28
253 40
156 57
331 51
119 65
163 44
471 83
382 54
43 42
151 10
83 3
166 57
345 13
250 71
384 65
187 8
271 91
61 63
67 96
5 40
12 19
388 55
18 97
73 13
176 37
36 48
115 45
234 6
167 62
253 16
436 97
373 71
468 71
338 18
371 2
221 39
333 93
401 52
139 20
322 84
381 6
279 77
214 48
154 44
101 35
110 82
156 50
400 98
263 69
62 20
348 93
389 95
227 70
220 90
140 95
176 48
172 99
127 80
399 68
293 75
220 40
483 68
463 81
148 2
471 38
497 71
7 16
85 21
442 35
401 61
306 44
93 3
417 22
115 30
418 90
183 69
197 89
73 11
256 25
407 14
259 82
197 63
82 43
47 94
326 73
39 100
397 63
449 61
332 30
67 88
243 24
21 59
305 92
120 91
406 92
384 77
147 58
7 77
34 72
178 54
331 74
268 77
148 28
30 46
488 30
96 4
73 7
166 43
421 65
404 23
265 69
198 48
5 74
58 84
52 27
47 6
7 25
263 5
273 88
38 98
306 80
103 18
334 2
143 83
23 21
241 62
157 22
382 98
54 89
273 41
48 62
382 18
8 19
236 33
462 71
89 71
58 90
281 59
180 99
140 4
191 78
490 4
387 89
386 12
368 14
361 98
165 54
81 23
90 47
438 51
381 80
214 31
368 23
108 44
488 16
8 95
104 55
46 82
233 88
71 92
372 11
323 91
269 9
202 18
109 5
160 86
172 95
356 61
213 91
355 81
365 94
265 12
46 70
345 69
452 12
213 49
342 94
447 48
455 57
468 64
23 87
233 5
455 74
374 55
419 60
79 64
142 4
91 71
400 46
361 76
276 33
2 11
407 30
311 82
43 56
267 85
392 90
24 16
325 50
39 24
166 45
128 78
380 42
330 54
152 6
108 55
415 95
43 21
46 35
282 99
79 92
151 70
377 15
441 63
356 33
37 91
483 15
138 99
362 31
490 8
390 73
137 95
53 23
353 33
91 78
16 91
338 75
334 73
241 60
433 32
96 9
470 95
254 89
35 87
101 21
244 43
300 75
40 26
354 16
365 19
223 79
458 42
320 43
197 11
349 29
484 45
71 41
351 86
211 39
34 97
336 87
429 32
175 39
448 15
457 50
425 61
479 11
342 23
252 60
282 64
167 24
120 65
283 69
109 31
439 86
137 68
31 31
45 14
406 95
31 69
476 79
294 57
243 96
192 95
86 17
299 79
262 51
404 94
210 10
86 10
376 6
139 31
377 83
258 91
485 72
497 36
3 33
146 20
253 10
318 7
3 32
118 63
303 15
441 72
308 55
39 17
310 23
119 5
294 99
395 29
9 4
93 99
108 16
70 76
98 78
323 98
409 48
275 91
61 27
372 79
9 75
138 59
380 16
449 98
426 61
450 59
172 25
107 84
335 12
69 64
219 80
97 96
437 36
470 100
408 94
379 35
221 15
468 60
78 13
290 8
144 77
80 75
275 70
365 53
207 79
59 39
408 45
319 18
447 92
68 91
318 29
182 96
329 97
28 55
247 94
89 21
45 83
106 36
215 76
231 9
220 54
370 69
309 54
459 69
25 41
96 30
367 44
41 61
195 21
230 95
81 92
86 13
455 41
12 64
495 82
110 94
350 49
248 37
416 40
272 45
483 33
246 46
231 54
254 64
156 63
402 43
126 90
306 48
424 39
448 46
216 28
444 88
49 53
352 39
77 87
306 30
361 45
374 34
189 74
158 82
27 73
284 79
281 24
66 79
230 93
227 32
84 56
216 11
244 31
254 85
491 32
396 97
424 79
1 50
121 23
131 28
100 82
31 94
294 79
471 50
377 43
326 37
404 9
447 21
340 25
442 100
206 61
168 8
165 65
311 17
9 20
87 55
142 94
213 96
266 95
416 92
96 58
387 40
83 32
196 16
217 53
316 22
126 14
35 15
303 61
152 20
435 84
483 56
398 91
312 5
149 61
83 26
343 33
215 84
131 72
64 33
234 12
192 4
2 82
199 57
284 48
37 10
85 39
311 61
88 31
225 55
248 19
445 62
303 89
279 75
157 76
189 48
225 71
299 13
440 6
153 64
278 38
142 100
245 8
105 43
410 50
264 96
217 61
264 98
385 74
213 86
375 94
248 76
500 80
280 29
395 80
177 55
186 65
307 67
302 17
436 9
37 59
154 89
64 32
90 23
228 62
314 50
98 78
458 71
346 64
192 48
176 50
342 37
132 92
38 56
246 93
416 8
122 46
35 13
147 28
262 14
193 54
44 67
240 80
73 25
28 24
7 77
443 12
7 6
468 9
2 70
169 63
194 29
289 76
459 57
177 97
409 37
372 78
29 100
319 55
390 71
286 37
110 41
205 15
319 49
272 32
33 82
263 58
461 97
144 89
394 27
215 37
449 46
81 87
58 76
453 58
241 81
336 58
301 75
325 60
217 39
350 2
127 24
321 11
443 78
267 4
223 42
174 1
89 87
363 64
85 87
363 46
499 64
373 19
294 32
18 96
425 42
232 89
445 96
240 53
408 78
214 16
239 35
320 89
323 92
487 14
228 88
368 79
76 69
66 26
215 76
348 28
460 8
176 88
312 59
16 20
163 39
19 93
154 53
268 57
438 84
451 71
269 98
394 17
424 85
63 65
107 86
234 11
126 82
167 22
217 40
249 48
53 45
191 86
90 57
487 9
7 74
476 96
154 2
463 22
31 40
486 95
425 56
444 49
16 92
417 38
312 30
140 75
463 19
218 16
86 23
296 2
392 63
13 76
493 45
203 58
426 100
435 54
40 93
98 2
14 60
363 13
416 83
489 40
315 19
62 86
93 40
366 45
247 41
237 24
61 40
340 91
179 70
487 56
234 18
169 79
289 94
169 47
9 18
200 84
73 48
163 71
477 10
221 99
12 85
50 80
294 64
205 86
396 96
194 91
206 67
478 40
304 93
225 70
237 17
279 51
238 44
436 26
19 53
233 74
417 63
83 11
296 54
228 13
223 60
86 27
69 90
203 98
307 44
150 36
408 28
332 83
351 85
276 81
412 99
129 34
481 33
189 10
332 16
442 40
345 86
169 6
347 49
368 18
338 22
288 26
495 61
68 27
492 89
51 43
264 94
486 95
14 40
453 97
334 16
480 41
487 35
426 49
482 22
353 14
224 94
208 49
138 90
296 30
279 12
108 95
98 97
233 21
111 19
182 17
395 88
78 87
412 8
315 53
327 2
386 54
83 14
208 38
136 56
426 41
371 49
267 97
349 83
151 32
160 93
412 44
274 27
73 53
423 45
273 91
150 94
49 56
319 25
311 56
455 61
474 10
464 34
330 86
368 39
372 97
336 76
404 78
394 93
404 16
360 26
212 12
135 17
276 91
129 59
268 90
225 72
52 89
294 42
70 74
420 67
378 36
104 70
148 43
341 9
111 53
105 67
20 44
377 6
349 82
496 39
55 54
240 20
376 32
137 85
241 52
183 82
6 24
217 66
358 94
366 65
336 43
78 27
64 88
386 9
406 100
194 74
376 88
457 100
265 93
306 14
70 86
248 15
442 82
217 45
476 8
384 13
322 68
236 2
184 24
88 87
433 71
284 65
161 61
498 72
137 30
156 21
264 17
124 10
224 89
438 74
169 91
473 68
414 9
78 26
200 9
320 17
271 73
117 1
65 66
148 59
14 100
77 34
4 67
230 25
242 70
498 13
334 76
376 12
58 51
140 74
407 75
336 88
108 32
335 58
473 24
359 49
17 63
2 23
448 30
401 32
237 5
309 9
90 21
500 88
303 79
498 59
76 31
302 5
488 28
367 5
493 81
243 92
370 81
401 96
232 78
385 17
303 24
69 98
286 12
416 6
298 81
268 35
455 63
299 87
304 94
430 96
462 12
79 4
398 17
283 100
467 62
346 81
384 10
266 6
496 61
360 36
295 44
103 91
270 33
322 64
302 11
33 78
442 16
308 66
29 34
197 20
240 7
361 38
276 95
177 48
21 6
230 18
146 60
196 60
222 80
279 85
78 14
472 83
222 21
38 20
291 99
231 83
118 14
419 16
127 65
368 26
389 12
90 50
305 20
279 10
488 20
493 9
81 88
333 36
319 79
37 74
314 80
10 51
140 62
427 57
435 57
195 34
354 71
166 97
328 17
124 50
223 44
202 11
111 72
490 48
475 71
241 1
330 45
201 28
324 7
203 19
52 59
301 53
396 100
350 89
372 46
41 28
59 21
57 79
319 55
107 20
158 3
247 35
171 65
9 56
166 81
480 72
180 10
121 55
223 45
197 19
198 4
379 30
102 96
122 16
209 76
137 44
65 7
319 77
273 13
177 18
135 91
406 1
373 3
375 99
268 77
428 42
164 88
26 83
437 91
377 39
134 29
322 98
117 44
382 91
172 62
488 32
179 23
42 4
37 79
76 33
192 94
424 81
233 99
410 52
125 4
215 78
303 56
193 51
463 100
27 4
6 88
265 59
223 39
363 93
427 35
25 96
382 19
235 20
470 38
498 40
203 10
444 78
271 54
69 60
478 87
9 9
15 68
368 98
167 76
258 97
154 15
310 16
450 5
71 9
38 6
294 91
184 60
284 98
449 69
61 71
263 44
246 62
38 80
197 84
387 49
30 55
176 17
310 7
238 29
308 60
205 10
344 87
60 82
372 12
97 99
65 22
148 38
321 84
19 4
192 97
238 49
398 24
307 91
193 75
311 94
486 51
340 53
231 48
297 80
256 5
329 95
269 35
187 60
481 57
3 22
331 50
50 44
493 71
208 37
416 15
464 31
308 22
412 44
79 35
339 36
401 80
107 58
150 25
161 30
136 32
133 17
130 99
130 78
360 79
396 8
225 10
215 98
143 81
492 92
48 48
106 8
183 50
248 41
473 95
78 93
362 19
159 74
147 38
261 73
459 47
235 7
153 32
311 78
22 95
253 8
339 24
494 28
395 46
419 49
292 37
174 21
397 96
429 79
476 100
203 25
163 86
445 91
26 42
224 82
142 98
471 2
193 42
377 9
242 11
138 38
450 31
408 13
144 3
392 19
253 56
192 9
262 19
95 65
457 91
155 47
362 88
22 90
389 17
104 37
345 2
276 15
81 48
469 94
171 45
102 86
150 17
442 76
455 88
105 89
346 18
28 35
207 27
382 86
244 6
3 76
236 90
55 41
105 47
272 16
209 90
211 68
381 35
143 51
360 45
249 73
386 53
498 38
364 40
132 7
116 2
375 67
365 60
48 26
234 75
456 56
152 72
475 60
197 97
460 40
6 57
151 78
56 13
442 71
187 17
452 71
401 40
500 27
92 13
181 33
466 70
389 21
61 85
250 55
388 32
36 22
337 7
286 18
126 3
466 78
191 11
125 98
34 92
135 48
195 62
228 76
91 59
166 41
158 93
495 49
285 7
490 54
211 90
481 58
154 22
403 28
56 41
34 11
490 70
12 2
363 35
320 19
187 56
106 74
331 19
268 38
255 29
420 70
401 15
417 13
487 52
311 19
127 88
166 31
281 25
340 35
200 72
435 82
120 66
256 5
131 52
232 23
208 43
396 79
93 7
123 52
263 68
476 72
413 99
106 83
461 47
304 70
224 30
405 31
47 83
391 45
274 46
150 3
91 33
468 68
387 3
480 95
405 33
409 37
86 84
45 94
120 65
68 8
369 79
412 88
412 88
11 32
139 18
385 80
388 24
161 100
297 54
224 12
129 100
350 89
482 16
272 91
390 47
270 23
479 3
491 24
450 54
342 30
270 48
405 58
125 77
478 15
251 27
438 27
439 8
262 33
103 33
178 4
440 100
25 70
317 99
28 63
183 40
337 29
375 82
275 42
367 94
398 29
93 3
60 12
127 89
338 96
113 39
258 63
478 70
426 77
56 80
261 80
424 98
177 48
325 29
166 38
217 16
375 34
79 73
378 95
274 61
496 34
341 99
106 1
252 42
40 51
284 71
277 2
274 65
267 30
157 63
348 54
316 23
341 1
379 48
32 53
253 34
381 30
280 44
419 52
50 41
414 74
5 13
19 5
123 70
242 45
70 20
194 1
347 33
205 74
78 49
12 13
221 3
363 92
86 68
494 51
196 31
68 6
135 60
277 21
151 29
459 91
428 3
177 90
29 5
352 77
175 12
163 58
129 56
41 56
81 29
232 36
57 12
1 83
4 79
197 30
326 48
7 91
259 77
373 33
122 35
144 8
82 87
178 18
214 68
239 83
250 50
133 45
35 28
188 16
359 55
272 66
406 22
196 95
256 71
458 45
424 60
417 43
126 40
104 78
4 3
8 62
241 19
300 17
75 59
80 94
357 82
351 12
438 35
67 81
273 79
211 43
274 54
488 34
49 47
338 72
314 16
125 8
368 84
438 96
157 23
105 83
71 71
131 4
256 61
385 51
333 59
13 42
48 32
146 9
5 3
129 88
250 49
95 62
109 62
352 25
304 81
168 25
489 48
162 31
486 62
143 35
118 32
344 64
161 47
161 75
63 13
79 63
205 33
148 94
104 31
449 48
75 29
149 38
11 49
347 30
41 88
59 90
477 85
289 28
69 91
276 13
206 97
140 87
364 90
242 96
159 33
240 11
71 5
406 17
453 29
437 93
124 81
79 99
423 67
31 56
264 95
212 81
332 91
115 2
198 28
60 92
243 76
333 64
428 84
273 35
44 53
38 62
228 69
376 71
132 92
357 73
281 31
166 13
252 44
159 1
469 48
13 28
490 31
442 54
325 81
61 39
427 2
107 30
132 71
347 43
445 38
155 4
190 6
314 23
191 17
281 28
228 37
237 79
197 32
380 35
478 50
58 55
159 72
450 43
408 94
118 77
365 48
414 75
104 71
304 97
288 88
339 80
313 73
96 46
326 80
61 58
143 85
27 82
212 70
227 98
413 36
41 62
63 27
226 16
171 12
265 1
96 48
42 3
354 20
180 56
3 36
4 77
114 17
208 1
472 21
449 42
297 81
194 14
369 46
282 56
82 56
299 76
84 2
452 97
268 35
306 64
17 29
327 49
224 17
319 64
236 61
479 77
496 5
381 76
282 38
378 27
65 68
488 38
133 69
483 14
262 62
16 50
322 49
248 30
348 97
54 3
221 41
31 54
237 71
135 16
462 3
409 62
386 55
388 84
37 81
400 55
332 33
81 22
37 52
90 81
396 4
81 25
52 26
170 75
35 32
213 30
234 2
371 96
352 59
33 83
8 86
318 73
262 72
497 12
442 57
276 61
320 28
48 15
271 95
313 96
195 29
100 41
87 63
365 66
308 63
431 82
169 46
206 76
127 90
486 83
484 48
330 32
109 96
78 34
335 42
229 23
309 95
7 95
174 75
89 8
140 89
71 7
57 35
384 19
289 86
498 19
273 73
379 59
292 74
272 19
114 74
39 13
260 48
371 70
311 93
347 63
270 99
415 58
124 43
22 11
401 52
209 36
82 43
149 6
437 69
204 83
390 12
214 75
220 99
358 67
481 36
41 71
160 92
403 11
237 74
143 13
403 65
22 72
352 33
472 39
152 23
429 17
362 92
78 72
150 44
357 13
328 86
177 76
314 8
450 21
175 44
122 35
26 92
65 95
182 83
276 29
82 23
475 88
142 63
306 15
299 71
486 64
162 91
362 21
271 24
450 17
132 85
183 43
289 92
194 97
340 98
96 44
414 89
349 39
256 89
423 68
206 57
89 1
456 60
303 52
111 58
272 7
216 43
405 49
500 9
492 99
257 45
64 55
370 83
33 91
144 48
310 47
199 67
236 32
347 70
310 16
453 67
261 74
450 78
216 20
257 78
266 47
26 55
416 37
216 8
487 41
161 30
194 19
395 55
226 92
136 59
295 62
455 45
241 78
269 63
397 76
446 24
54 13
406 26
490 63
252 2
146 61
74 43
158 3
199 65
80 42
290 30
270 40
314 28
11 55
24 86
80 84
242 59
115 97
319 16
224 10
320 45
423 1
66 5
133 69
307 28
49 70
438 49
350 3
266 89
345 18
480 49
248 66
110 85
440 25
353 51
158 55
302 54
206 88
233 51
406 39
202 68
111 89
373 49
252 3
85 39
496 57
315 68
236 96
305 93
243 49
257 18
434 78
116 87
360 25
86 28
110 86
158 94
468 41
54 24
291 97
87 32
192 39
120 72
232 96
367 64
465 48
447 69
295 59
222 40
228 91
49 98
235 36
238 5
50 93
101 34
389 40
124 57
140 6
404 6
273 43
129 67
275 29
2 21
86 81
117 49
129 41
461 39
118 65
292 92
14 39
301 2
64 90
89 45
21 77
85 28
250 63
212 60
67 23
163 55
255 28
337 86
357 10
74 39
451 1
460 31
243 99
104 15
441 8
412 64
492 48
500 10
403 37
26 90
462 89
339 14
348 86
459 67
184 5
55 2
276 23
172 89
346 20
124 25
241 55
65 23
190 92
396 38
326 95
270 94
310 13
100 6
15 41
98 43
358 13
485 48
486 64
147 23
159 77
138 47
291 94
57 67
225 58
437 13
463 17
431 97
183 6
181 6
9 82
408 5
105 96
359 9
327 5
392 78
246 69
89 61
19 88
435 83
186 71
199 49
110 39
286 15
383 7
481 49
180 100
81 85
125 93
85 30
395 82
203 87
394 23
82 11
451 5
289 97
137 34
173 74
415 45
403 49
437 80
64 35
484 86
350 52
96 19
487 72
140 79
166 73
121 92
389 3
218 11
245 73
120 24
265 30
377 72
135 94
100 18
156 31
476 33
486 15
173 66
301 10
361 36
156 50
168 57
443 11
53 77
467 12
152 98
293 75
347 8
127 30
352 39
150 63
314 37
300 21
487 3
179 33
209 39
337 17
5 23
343 70
287 71
162 59
228 87
490 79
27 92
313 30
401 87
99 26
257 94
140 57
145 74
185 42
188 31
161 66
327 24
351 79
357 68
72 94
318 100
3 26
472 18
414 51
179 34
225 76
165 1
395 49
232 3
299 55
152 4
371 76
55 19
393 3
297 40
482 38
371 21
394 16
86 26
442 44
348 76
410 34
500 60
492 62
309 85
414 2
308 100
496 15
339 94
60 70
247 63
212 49
309 12
138 60
126 12
199 47
294 40
201 86
327 69
398 100
412 98
338 29
213 16
358 41
54 62
107 72
445 13
123 27
33 11
125 86
202 23
272 85
131 76
311 80
310 34
118 6
56 91
291 93
277 98
66 100
302 62
452 64
232 70
117 10
422 34
157 36
272 55
41 77
199 61
115 29
216 57
198 62
230 93
410 69
261 45
16 28
410 61
178 68
52 14
131 73
327 70
452 62
150 57
173 26
65 99
153 11
413 45
220 89
403 8
243 42
277 7
398 49
434 50
32 67
448 26
145 33
81 87
142 36
499 31
126 26
21 21
128 67
372 4
307 48
17 17
254 15
289 85
186 78
155 48
424 9
65 89
175 44
489 31
272 40
332 29
144 62
87 85
409 2
163 45
122 38
492 79
321 2
113 32
147 17
81 1
430 8
152 88
278 100
334 22
303 70
17 55
264 6
10 73
28 86
461 77
365 97
226 26
236 32
416 53
334 59
447 80
288 39
57 9
49 34
378 57
107 39
271 64
308 18
262 97
179 53
39 12
276 3
91 70
204 49
217 5
91 83
214 86
401 44
230 40
122 19
355 10
472 71
164 63
389 50
43 93
224 99
273 65
134 71
438 99
346 9
386 94
51 60
69 42
337 25
223 72
172 64
480 33
101 6
117 11
411 41
279 25
187 87
142 51
257 59
92 75
194 85
145 81
135 50
427 100
326 54
190 93
411 21
442 51
109 97
403 18
63 19
122 83
255 42
224 85
2 60
356 40
197 62
67 77
54 100
428 40
265 61
386 98
90 77
408 69
26 12
146 46
326 3
452 83
281 54
201 87
266 8
11 10
217 39
77 43
307 47
440 65
211 44
167 81
500 62
19 68
296 33
321 8
470 98
374 69
282 76
354 77
483 75
312 79
30 29
453 95
183 18
58 6
389 63
492 36
471 43
395 3
278 54
257 68
52 2
219 9
437 27
69 75
128 74
491 16
327 62
321 96
260 28
100 23
185 44
421 62
372 26
133 8
243 85
131 44
419 98
48 2
91 89
329 6
215 56
258 70
210 77
162 66
406 81
115 100
152 76
114 57
110 57
304 94
377 51
475 2
209 60
146 68
252 6
223 93
295 9
299 62
199 31
307 72
275 71
376 47
4 10
334 21
133 19
458 46
282 89
170 64
347 52
23 59
94 91
440 63
460 64
276 94
226 94
439 34
313 81
383 3
122 66
447 57
427 37
120 28
471 51
450 99
47 25
420 49
452 15
269 44
342 89
327 40
137 49
92 25
254 81
363 31
49 23
418 67
16 73
293 80
373 2
400 30
313 21
300 41
327 19
101 64
108 90
69 54
193 95
152 69
121 33
269 23
492 26
314 58
465 29
454 17
329 23
457 32
437 70
356 65
385 3
432 55
469 14
92 65
68 43
356 39
226 87
282 96
324 86
305 35
377 45
60 32
98 8
409 30
2 90
5 76
453 35
354 49
171 45
466 80
351 20
294 63
171 80
307 93
81 76
162 7
395 1
42 96
349 65
396 2
378 91
392 56
25 45
66 80
2 9
236 82
44 65
406 18
346 41
477 86
461 32
256 84
199 16
309 52
166 16
409 77
224 70
389 13
258 26
364 83
287 68
424 28
64 34
484 35
430 87
153 71
329 56
61 77
10 49
245 25
50 97
292 35
491 13
93 85
472 38
149 96
392 26
27 55
242 93
172 95
392 24
420 72
214 15
154 98
87 95
211 13
412 59
238 7
415 95
329 31
153 3
422 58
220 22
20 76
323 26
466 29
488 46
91 39
307 36
210 63
230 91
47 92
79 65
294 78
24 81
148 41
450 8
285 7
215 39
355 79
465 28
212 24
267 38
205 48
464 15
9 86
275 12
67 13
292 95
358 83
134 25
326 30
176 3
442 88
358 96
460 29
242 11
109 14
63 72
28 5
205 8
430 87
100 72
62 6
207 40
178 9
350 70
370 39
307 3
200 41
171 51
240 69
140 99
206 88
1 12
52 37
216 38
455 83
120 24
299 76
392 7
356 93
67 46
8 36
487 87
466 14
214 2
74 16
60 30
405 83
495 9
497 1
343 90
167 96
289 61
23 4
330 18
343 26
467 75
198 17
19 98
249 51
86 86
321 68
318 56
460 92
247 1
307 81
100 15
252 48
102 14
455 49
418 6
444 49
23 67
125 2
373 43
159 2
426 79
315 93
143 46
475 55
250 20
155 86
164 25
494 63
91 53
292 46
468 20
315 54
496 21
197 39
183 92
409 15
411 95
367 42
178 78
406 67
285 84
440 53
373 100
283 65
329 88
209 6
205 23
462 88
438 24
53 3
247 81
312 42
258 89
264 39
480 49
61 74
421 99
286 43
234 81
107 83
426 68
355 18
269 92
243 44
186 54
56 95
25 8
283 35
222 54
270 85
21 67
99 71
17 63
45 46
414 74
58 44
33 79
359 46
212 18
369 72
371 76
295 41
144 38
340 49
97 22
125 58
186 55
32 7
222 61
297 78
247 50
328 79
339 49
323 31
2 5
402 70
409 46
88 97
393 97
100 40
218 63
47 13
275 50
221 83
474 68
344 81
229 43
211 18
71 43
328 91
21 73
255 90
8 9
477 43
226 76
284 65
457 90
228 81
1 3
382 50
497 47
220 25
21 51
103 97
498 67
431 21
64 55
192 32
163 97
232 86
261 32
212 84
226 49
339 68
492 79
79 10
308 52
182 4
448 37
2 48
425 63
166 91
342 98
331 53
159 33
349 60
280 82
308 55
476 31
27 60
290 57
229 20
210 25
214 41
498 26
5 9
198 15
41 48
476 63
138 56
69 27
52 26
229 11
97 43
196 62
415 18
349 31
102 84
298 95
28 84
326 10
314 17
202 45
44 18
7 26
435 99
258 82
290 69
218 67
205 9
417 8
102 77
41 8
317 61
454 84
62 9
248 43
230 12
359 13
138 99
384 76
390 90
377 86
238 4
20 61
359 21
205 77
166 54
149 9
347 60
349 100
479 17
244 44
158 34
133 20
262 71
475 15
29 90
366 17
300 70
75 68
389 43
168 11
158 36
371 70
15 41
444 42
170 37
461 96
101 27
25 6
332 85
59 63
223 10
457 44
103 35
485 28
225 46
452 95
108 93
318 40
496 19
489 96
253 23
208 45
166 34
76 47
242 73
330 50
200 14
169 23
5 91
15 46
400 98
243 51
23 66
18 83
317 56
22 40
72 57
457 1
63 2
365 62
361 40
396 21
37 16
309 100
87 59
96 89
48 71
264 42
385 78
410 76
355 68
371 37
197 47
346 41
100 77
12 7
34 72
280 37
162 83
475 10
157 83
322 88
405 38
279 68
153 23
348 12
340 22
154 44
425 28
178 3
189 8
174 77
84 27
418 72
356 32
54 77
252 38
453 41
307 74
91 69
263 75
101 95
354 37
275 2
280 60
416 89
342 46
49 7
311 42
159 12
251 34
220 13
133 23
410 6
194 54
40 24
128 84
350 46
329 84
431 45
12 31
192 68
175 42
372 70
488 31
269 60
330 9
439 21
289 63
280 9
105 58
8 51
135 77
193 98
50 84
105 94
98 56
298 69
403 50
418 78
370 82
425 32
430 30
465 92
434 11
314 36
182 63
415 7
151 56
139 100
152 11
71 60
241 75
192 89
343 26
2 84
184 62
221 57
235 22
339 6
11 46
427 41
168 51
218 89
17 1
113 13
124 89
389 42
371 56
495 87
415 25
477 79
135 14
162 80
286 59
393 32
186 74
197 40
410 4
415 31
52 68
455 14
304 95
413 30
145 93
495 85
140 6
234 91
406 57
169 59
470 70
249 29
356 27
367 13
352 6
44 9
52 89
415 93
382 58
282 1
445 5
140 72
140 29
207 90
155 86
78 67
31 32
316 43
142 64
344 5
43 43
180 34
287 74
162 53
402 56
425 21
381 41
45 98
138 55
363 83
17 76
136 88
61 78
293 12
390 70
199 23
133 2
438 61
6 8
275 13
256 22
61 48
289 74
488 80
460 46
215 19
103 73
6 24
4 88
168 61
176 57
167 42
372 70
473 79
434 54
250 6
190 38
197 25
231 3
410 97
33 68
309 81
1 5
266 88
156 96
218 4
301 64
148 96
114 40
476 21
272 50
496 78
301 38
130 88
498 57
418 92
386 87
233 97
276 73
406 10
166 88
9 44
292 56
204 87
313 2
181 55
198 12
334 89
37 9
446 58
105 87
282 73
148 69
114 29
470 55
331 32
32 99
397 76
403 23
63 80
25 50
358 90
367 32
4 13
198 87
20 49
293 74
436 13
51 84
118 82
100 8
361 9
105 19
25 80
115 85
115 3
406 78
318 73
409 79
155 40
437 62
14 62
33 25
479 46
429 3
450 97
160 63
227 14
87 88
327 26
135 86
417 49
216 84
411 93
433 97
352 72
255 74
382 86
20 72
173 73
215 98
352 55
121 28
78 30
33 95
25 76
397 97
188 76
316 65
23 74
22 8
75 25
7 16
367 1
175 75
445 57
447 42
109 78
431 88
475 56
347 86
131 78
61 16
311 3
168 20
83 81
237 10
217 30
401 32
497 77
148 19
384 28
263 12
43 24
14 5
392 5
288 53
445 69
14 68
334 17
335 51
58 19
115 79
86 33
493 16
95 69
313 19
246 75
400 84
13 92
269 16
220 4
462 44
56 77
369 3
468 66
482 62
452 30
171 66
402 92
193 15
268 25
272 12
449 57
202 36
421 20
76 38
262 94
332 55
344 19
467 99
89 64
377 55
311 97
394 98
301 80
263 29
415 81
354 66
76 93
110 50
205 84
286 59
234 30
207 37
476 98
375 60
237 87
387 36
218 40
252 79
333 83
313 6
224 61
113 71
374 67
168 5
344 100
231 50
270 80
252 89
408 10
384 17
115 77
483 14
296 21
188 92
461 4
309 49
169 78
331 47
253 28
22 86
354 23
216 53
413 28
481 64
386 37
16 28
92 40
236 97
207 38
123 94
64 57
66 11
18 37
16 40
289 88
420 77
293 47
27 89
125 71
261 66
446 52
16 74
199 44
318 96
151 29
452 18
431 71
251 96
323 27
402 22
220 23
210 65
256 4
422 57
278 20
309 50
411 17
357 68
133 24
6 23
369 73
50 76
270 90
384 60
429 32
451 90
449 75
342 37
377 67
137 30
161 1
196 25
395 82
238 46
252 76
174 91
139 85
265 55
200 70
333 11
468 20
350 72
44 47
369 83
329 46
387 59
475 53
342 47
298 86
87 72
83 63
301 16
280 22
425 18
255 84
322 10
362 50
13 17
235 8
444 94
326 91
361 70
336 28
20 27
313 58
54 35
312 10
466 14
148 77
332 6
383 17
423 65
321 71
82 5
418 91
322 62
118 93
225 68
274 96
354 27
419 16
19 52
292 7
349 4
140 85
266 37
446 68
62 41
345 20
423 40
152 93
360 82
497 78
121 32
234 36
320 60
386 66
88 66
39 7
234 6
192 18
483 3
219 50
15 51
222 24
131 54
160 75
15 49
293 15
169 21
72 46
245 92
271 4
93 47
234 29
3 41
277 88
215 75
394 92
410 61
31 97
26 4
331 60
348 61
373 9
465 66
62 34
308 37
423 15
93 92
220 55
143 32
408 45
171 99
74 35
227 88
139 43
155 76
214 40
20 16
147 6
82 78
390 24
40 65
478 74
373 22
7 29
241 4
139 81
38 99
278 35
297 100
200 57
292 81
26 65
294 14
61 90
68 43
156 54
322 95
361 42
445 88
268 63
485 83
60 23
478 74
437 61
304 19
161 21
437 55
146 55
34 59
100 86
449 25
374 76
389 98
287 73
47 65
337 31
166 97
303 41
129 1
399 98
280 15
256 6
316 64
119 88
206 52
291 55
227 63
472 56
325 96
259 6
145 57
217 70
175 74
36 40
106 32
423 44
113 12
7 73
384 98
151 12
378 100
198 99
380 74
294 73
67 65
70 73
430 91
72 84
5 47
469 67
3 98
184 10
39 86
227 72
319 75
114 35
219 8
422 59
365 50
95 22
403 28
302 92
320 24
231 37
253 47
349 8
387 4
272 22
148 62
16 42
28 38
45 30
500 86
108 14
112 60
47 11
473 65
325 72
460 38
187 61
113 8
464 86
303 33
187 21
381 19
266 10
145 58
143 35
93 42
436 84
31 50
234 62
269 3
300 10
221 41
96 50
385 65
138 66
273 43
348 61
29 87
156 93
29 32
271 51
471 89
126 27
6 43
154 11
133 24
175 92
202 70
280 63
467 57
237 48
296 72
84 10
236 47
154 97
265 84
459 44
211 38
438 39
399 38
220 8
261 59
188 95
226 86
223 22
361 21
165 76
346 30
141 50
498 31
18 17
167 64
398 43
488 5
171 56
47 10
260 19
197 92
367 82
344 77
75 13
169 98
365 30
375 7
177 78
161 24
293 37
274 48
445 42
82 6
161 53
266 12
14 20
340 58
27 7
334 58
149 88
97 29
319 28
310 69
266 5
424 62
317 31
352 40
119 99
373 57
287 46
346 72
138 5
439 43
274 13
201 71
422 60
449 58
48 31
56 57
394 54
338 33
213 60
393 70
105 35
341 78
463 86
56 95
199 81
95 86
1 31
174 85
35 10
133 30
113 35
493 89
462 64
302 75
396 76
116 94
250 37
72 91
144 66
139 64
182 67
260 78
392 83
211 94
295 79
159 92
112 77
481 62
286 88
71 79
67 20
466 95
69 54
248 16
324 17
317 36
483 99
237 58
420 78
495 18
169 75
136 90
185 33
352 46
95 92
249 87
220 19
116 83
236 100
157 78
36 11
287 47
413 25
183 21
346 15
438 7
293 69
277 75
8 19
417 90
32 58
293 93
134 94
464 94
93 53
186 3
353 56
223 8
199 8
105 10
220 82
176 34
462 95
395 99
298 88
465 18
154 81
10 42
381 51
135 90
143 55
325 16
384 100
276 7
479 24
360 22
382 57
72 100
139 53
406 13
310 33
258 32
433 68
59 32
318 87
481 62
57 13
165 48
280 32
72 9
306 66
160 4
460 4
216 33
450 6
326 72
340 87
37 10
255 43
453 10
95 88
81 24
166 96
398 27
230 78
216 55
149 37
65 56
373 80
426 87
184 81
274 32
221 19
19 7
417 43
52 77
148 28
239 18
467 39
319 85
463 3
288 63
388 56
489 28
326 28
243 43
295 70
470 51
325 42
397 53
135 19
71 83
204 71
487 15
120 40
323 56
245 13
344 27
320 58
198 23
316 83
439 8
402 27
234 86
65 4
342 56
36 36
76 33
277 70
83 9
452 62
408 75
383 52
418 18
153 89
306 95
127 65
9 15
284 73
491 100
391 93
1 100
161 73
483 81
173 67
10 23
451 31
171 77
223 2
20 83
12 9
283 48
334 87
175 25
390 90
265 53
294 37
496 45
467 24
62 33
485 93
481 5
269 37
315 1
148 85
136 47
435 95
448 41
299 49
388 25
329 27
181 10
301 2
427 30
322 96
434 47
95 67
434 30
225 35
139 85
83 62
229 10
373 36
472 82
175 41
324 29
374 95
469 36
482 95
371 69
12 10
69 32
174 99
31 100
298 44
49 72
490 33
240 49
192 36
377 30
402 42
384 76
465 69
456 97
443 58
381 50
233 2
291 49
185 87
165 43
135 47
50 3
370 38
84 18
172 11
38 97
211 18
199 32
203 90
74 63
331 77
485 42
99 21
275 11
375 19
452 14
44 89
247 23
265 55
154 47
7 93
180 48
121 26
123 92
355 60
355 2
331 74
191 88
134 31
48 82
284 69
236 95
499 83
348 77
254 1
320 43
305 28
381 96
440 14
238 75
351 49
433 86
167 11
481 8
279 9
488 77
240 5
89 94
137 3
165 13
456 32
426 89
89 75
70 8
265 14
355 26
285 87
44 89
102 88
313 99
389 47
324 63
360 80
306 45
260 87
108 80
28 43
297 46
295 8
27 2
484 52
7 20
416 72
25 84
439 46
124 33
231 51
138 60
49 37
412 9
334 40
189 27
169 70
230 49
272 16
385 47
270 40
458 55
167 62
314 49
20 63
326 62
488 40
363 37
3 9
157 75
486 27
24 7
113 85
1 12
286 99
126 65
90 80
194 57
124 82
452 61
225 58
308 10
256 49
282 17
206 18
17 55
13 80
329 73
136 2
363 25
14 74
86 28
197 63
432 79
37 21
80 98
473 87
435 82
46 26
32 73
430 74
196 92
370 95
420 80
52 72
44 54
49 71
451 61
133 70
113 100
322 30
442 43
223 47
50 56
281 32
101 29
238 77
124 51
181 30
217 86
214 85
249 40
398 33
261 38
229 69
405 25
57 25
383 77
474 74
470 89
302 43
327 63
481 16
457 29
230 10
241 47
15 71
161 5
482 19
404 89
108 20
203 88
486 88
349 84
261 41
490 12
360 50
401 3
300 68
78 44
468 20
115 25
386 100
437 43
134 2
123 90
178 69
128 45
15 62
389 50
161 62
384 37
122 57
365 27
124 1
97 44
8 13
60 79
297 79
213 28
104 66
9 74
138 53
28 84
214 56
151 62
288 89
398 47
168 82
113 68
172 70
350 2
129 5
405 74
257 55
99 8
54 13
8 21
477 96
477 16
320 43
387 9
297 13
257 5
495 58
390 8
450 20
399 19
272 74
74 74
316 14
185 8
62 56
416 66
472 15
276 78
231 59
449 81
381 66
164 51
9 30
294 82
255 86
34 22
45 65
97 43
61 81
35 31
117 25
380 93
188 12
453 37
10 5
293 69
272 17
295 99
35 59
272 75
174 91
270 63
216 85
103 51
118 21
189 56
126 61
400 40
481 80
263 84
385 45
474 67
240 74
305 42
310 20
124 26
81 46
350 23
221 5
325 67
154 36
166 37
407 22
326 94
495 1
184 37
247 9
148 70
97 86
326 49
484 1
2 22
139 53
243 8
157 63
96 60
372 69
461 7
193 77
360 96
163 45
426 41
151 88
76 74
191 39
465 63
122 5
410 5
301 3
145 51
287 57
349 3
17 1
43 75
132 12
57 36
208 73
421 66
317 41
118 78
411 58
306 7
204 48
201 67
310 74
477 12
37 52
123 70
372 53
361 24
284 25
322 58
141 33
330 12
128 88
236 81
184 10
409 80
123 62
82 51
196 35
388 77
499 76
54 37
259 83
338 16
125 29
412 57
263 64
40 1
132 14
493 84
477 97
313 55
187 91
111 53
279 45
253 58
426 20
381 80
38 92
375 90
44 51
436 78
163 92
164 86
40 69
55 90
296 64
30 85
116 94
198 20
168 48
174 94
237 41
447 78
110 15
349 61
345 32
353 19
219 33
42 44
228 65
188 3
184 91
53 97
46 44
102 51
261 81
479 52
15 59
193 10
414 30
114 19
245 26
476 29
100 92
241 79
236 79
261 29
226 1
346 95
27 28
437 94
247 69
224 24
7 59
164 60
428 53
500 31
376 2
468 9
262 65
54 21
267 54
244 75
44 53
354 62
22 47
167 52
100 26
189 28
123 88
5 8
169 37
313 44
283 45
343 11
451 34
1 27
190 94
208 51
301 47
498 53
409 15
107 78
86 53
382 11
439 59
464 42
194 78
339 76
426 51
468 40
201 71
328 82
36 68
327 66
197 22
173 4
480 64
424 76
260 43
39 45
193 48
389 46
98 8
335 27
179 30
61 50
337 38
8 96
2 11
374 34
471 53
252 26
439 34
138 3
465 78
120 27
288 97
231 9
16 99
39 69
328 10
191 49
472 85
240 6
447 20
226 67
404 59
87 5
408 85
118 66
333 26
313 83
291 9
41 20
121 62
164 54
78 28
280 95
7 53
451 75
395 55
361 81
312 95
3 5
419 87
87 26
286 48
32 65
434 53
474 69
125 47
399 8
42 38
100 98
135 68
292 93
35 44
358 93
54 54
302 67
422 25
117 92
35 90
418 51
112 63
284 51
281 43
411 35
251 8
275 21
334 50
143 77
218 76
398 21
25 72
265 8
277 100
135 27
80 91
338 47
384 33
327 58
379 78
342 16
150 19
281 76
374 5
109 70
462 5
264 85
160 20
148 21
262 24
415 46
208 77
387 83
473 27
63 87
249 21
312 8
95 66
446 28
313 29
23 41
447 47
338 7
435 11
183 77
65 26
87 14
499 63
384 17
267 68
51 35
259 76
417 42
361 61
448 94
500 6
444 88
16 87
108 8
361 95
79 22
292 47
130 48
319 53
377 34
317 45
452 100
318 89
229 31
131 25
318 41
69 10
156 32
179 68
159 15
492 62
22 79
460 43
375 17
323 40
140 46
339 11
29 83
373 46
297 60
8 97
438 90
448 5
172 24
107 2
181 53
420 42
174 48
2 83
6 41
457 8
172 89
212 84
146 86
409 69
146 92
5 30
41 10
349 42
231 38
139 63
463 50
274 2
174 6
264 51
56 92
455 28
201 29
480 45
270 12
451 21
279 66
50 87
212 26
278 63
296 78
273 88
399 35
224 49
138 5
6 47
412 93
340 61
179 55
350 38
468 67
65 3
175 100
487 51
389 10
25 98
60 73
176 80
480 39
480 30
158 75
404 80
310 20
424 55
287 86
195 74
409 57
352 57
289 86
71 14
360 89
174 65
442 79
175 5
301 95
288 30
301 22
46 78
340 99
309 51
431 65
50 25
364 90
456 62
52 93
474 85
263 40
95 74
85 77
264 94
61 36
435 73
114 28
434 81
443 8
384 75
244 62
115 28
205 76
57 37
373 67
279 86
92 93
448 21
361 76
100 41
55 98
249 23
117 53
484 42
411 77
330 45
86 75
255 86
406 26
376 40
136 30
486 53
188 27
182 94
367 12
3 4
185 18
92 81
310 33
29 30
387 87
114 67
42 28
496 63
42 54
173 67
205 82
8 37
246 74
34 66
429 47
459 6
450 35
370 90
167 79
312 28
368 70
494 35
425 70
31 90
291 73
246 56
416 98
170 1
313 18
32 4
97 69
116 34
454 89
25 30
138 81
492 32
198 12
17 34
276 79
217 60
430 100
432 80
83 30
215 24
286 95
492 61
149 93
288 38
402 21
39 20
153 3
143 51
78 48
18 37
358 57
73 31
340 52
109 55
500 7
297 99
413 90
19 78
89 61
452 34
98 76
435 20
116 89
252 12
57 66
123 6
165 35
284 23
3 49
191 32
432 34
485 33
297 43
7 89
146 41
250 99
451 97
271 27
407 56
218 51
37 4
244 91
416 68
198 25
1 10
134 6
125 93
262 45
389 42
140 13
280 27
487 76
469 32
147 78
385 100
358 23
270 53
84 35
57 41
328 84
20 59
432 6
299 43
26 70
493 30
390 61
173 41
131 74
263 29
202 48
383 92
401 93
362 56
137 66
258 62
349 15
345 19
117 3
151 18
87 58
265 100
18 32
236 31
318 62
45 37
114 53
212 81
490 42
268 6
181 1
419 67
103 97
365 15
261 7
357 29
171 71
211 95
74 13
105 71
343 75
128 6
97 47
159 91
182 65
297 49
288 50
166 20
94 70
69 75
476 67
66 66
417 85
190 12
400 82
145 62
170 14
428 91
409 22
489 23
449 71
108 81
317 9
349 9
490 42
48 27
411 69
405 92
379 92
413 99
122 4
444 32
423 40
462 46
343 11
442 56
176 84
211 51
415 62
47 51
125 83
494 100
256 41
478 49
24 97
441 55
158 36
321 34
392 81
348 25
234 85
234 45
163 39
470 58
20 85
66 87
495 26
203 28
239 48
366 54
234 18
187 30
216 20
317 50
31 29
306 87
454 55
60 19
123 88
98 55
358 42
436 87
261 70
68 42
127 95
125 3
304 89
416 27
291 91
203 86
458 39
157 90
414 68
89 87
183 96
160 44
444 85
415 46
248 78
89 77
226 26
289 64
443 57
245 100
168 70
475 77
455 30
324 95
67 15
468 33
386 43
75 80
83 57
488 87
444 76
363 71
382 23
367 88
277 84
141 54
421 69
355 82
467 85
333 65
401 22
320 17
188 21
111 70
369 87
366 57
4 55
90 60
480 10
347 96
342 43
425 47
413 89
294 89
106 53
309 62
446 56
246 78
457 37
388 70
183 97
487 32
243 68
74 85
442 46
190 90
90 26
266 86
296 20
466 10
144 45
479 52
269 22
321 28
478 14
378 92
197 95
15 14
143 35
217 86
232 31
338 47
387 34
188 32
10 38
276 87
21 36
174 2
479 65
98 58
449 87
404 94
373 80
341 30
350 39
24 5
351 6
205 20
13 87
65 98
287 14
351 86
338 67
323 80
220 69
107 35
482 5
141 91
459 38
82 37
172 25
102 87
339 48
185 41
162 14
123 45
145 2
47 99
361 41
460 56
179 56
353 3
103 32
117 45
494 46
82 15
82 6
159 78
277 74
147 15
443 62
439 89
393 49
447 47
22 25
218 2
80 89
321 82
252 44
208 73
307 70
412 73
219 56
6 25
284 41
438 26
377 91
442 96
128 90
359 76
414 53
334 90
185 67
468 69
283 35
146 42
14 63
369 44
384 13
52 77
17 44
378 34
400 74
412 84
236 49
319 58
295 19
143 96
298 32
230 36
465 10
10 70
21 69
476 90
42 81
312 83
173 18
268 75
364 99
481 23
393 38
89 94
90 84
85 94
259 61
20 33
479 88
234 28
22 20
483 99
322 27
399 97
489 36
383 63
31 67
134 34
64 61
156 8
383 72
200 64
451 74
226 87
423 4
102 38
3 39
368 85
19 83
30 71
238 10
475 88
81 95
205 89
1 6
237 54
426 71
129 84
291 27
214 1
306 5
250 73
236 35
333 89
90 42
22 60
237 93
273 14
107 13
380 13
249 56
272 11
134 34
117 35
239 16
326 55
53 54
166 58
284 8
309 78
157 65
295 22
337 76
483 86
114 65
199 81
138 79
430 84
85 76
7 100
292 76
381 3
3 26
188 69
497 48
451 46
6 75
368 14
431 86
285 23
23 8
51 21
289 34
106 5
21 79
247 63
487 83
173 80
408 12
8 35
17 32
143 14
86 59
365 96
450 95
338 20
169 15
177 11
112 67
420 34
351 86
384 8
401 49
475 93
435 15
167 36
271 27
495 28
12 69
8 30
365 9
278 49
301 72
170 83
306 15
221 55
145 5
69 24
148 26
34 30
165 55
59 2
480 89
342 62
61 20
124 78
185 76
215 61
81 80
475 17
359 4
83 80
139 11
51 98
382 7
75 51
93 62
429 17
150 62
248 17
176 92
140 4
459 81
238 80
86 53
388 49
48 49
308 49
230 38
185 22
296 21
299 96
126 85
375 14
78 82
1 19
462 28
83 76
274 50
412 9
307 18
57 62
439 52
421 26
483 88
423 86
122 39
385 81
90 82
344 80
349 70
117 21
191 37
84 59
257 47
277 25
150 20
480 93
387 7
179 2
124 26
323 85
132 69
488 97
219 30
137 53
339 40
339 4
296 89
375 25
74 75
352 86
432 13
9 32
37 95
60 96
45 80
41 12
135 58
237 13
166 15
406 20
210 92
135 74
375 21
288 42
429 76
131 21
388 69
346 17
322 87
273 52
301 44
337 65
481 94
241 73
496 41
152 24
417 17
201 63
192 33
259 84
67 32
84 41
164 73
44 40
464 43
252 43
112 73
70 42
59 3
83 1
187 25
232 55
200 94
460 31
171 88
324 24
270 62
159 29
322 23
10 44
474 11
156 64
361 89
204 42
295 49
325 93
133 97
351 59
91 92
59 66
405 15
120 37
359 28
281 47
336 32
500 24
154 31
372 42
96 78
301 67
157 36
4 25
141 3
67 29
410 68
374 78
147 6
388 1
197 26
349 34
97 26
123 25
92 28
15 27
29 88
27 18
149 8
134 48
434 100
290 13
265 68
7 7
316 16
468 94
183 95
241 3
407 47
338 45
167 19
423 96
34 32
149 1
317 46
205 90
145 62
279 10
55 29
286 20
495 66
302 97
257 11
310 47
485 50
458 34
47 9
164 54
152 87
35 21
244 72
184 55
325 76
149 69
467 75
266 8
431 41
435 90
396 90
388 32
461 3
147 92
188 93
31 30
86 96
156 86
53 46
14 25
436 43
363 92
477 20
228 91
34 88
13 56
118 86
280 4
381 91
418 71
337 53
44 84
205 63
81 4
405 67
117 57
358 78
236 32
352 67
180 14
380 21
283 82
479 95
269 82
205 9
138 76
28 62
448 97
40 58
485 87
2 73
387 85
381 10
435 94
144 7
357 49
206 14
93 52
75 47
117 66
307 69
25 62
86 81
216 81
287 14
142 45
83 43
199 20
212 83
481 34
197 21
220 95
418 10
394 56
40 16
59 27
474 97
149 36
122 61
49 73
307 29
428 94
428 93
403 49
469 53
242 59
145 80
457 76
80 12
238 82
47 13
309 18
409 31
430 56
39 42
371 35
123 64
322 48
354 77
324 36
188 93
440 30
408 42
482 45
425 90
279 21
310 87
56 65
226 26
142 32
29 51
336 58
423 45
401 23
219 91
267 22
315 87
150 56
197 57
435 80
347 75
271 65
79 28
466 72
457 48
409 27
71 8
323 59
61 62
348 39
419 69
9 23
213 36
295 1
12 60
184 85
407 65
71 10
146 63
183 20
44 79
206 54
434 17
437 81
51 68
444 15
388 82
307 34
158 52
153 79
142 78
324 93
327 20
137 51
340 61
325 64
347 16
360 77
178 76
10 92
76 82
74 73
102 44
395 23
340 64
352 55
164 26
174 61
494 66
29 84
30 28
488 38
137 66
51 13
149 68
101 91
478 85
222 35
74 4
480 39
363 12
371 46
446 9
281 74
461 91
409 10
124 8
245 53
101 55
309 30
483 69
496 99
266 23
477 26
356 54
249 3
245 54
41 21
143 21
419 43
442 49
39 27
70 86
145 95
339 19
16 47
106 40
207 66
113 7
27 73
39 21
364 17
420 58
46 1
200 43
89 5
318 55
284 39
352 87
213 27
365 12
406 35
234 34
471 68
356 10
161 4
255 73
464 55
232 8
420 57
351 48
17 25
132 93
109 48
496 71
451 89
107 98
63 18
368 93
254 7
495 71
273 46
172 19
164 72
443 3
48 12
120 96
157 94
91 6
83 60
67 42
339 96
409 57
425 68
303 45
248 12
195 92
354 32
500 3
56 96
228 54
169 42
319 36
188 28
67 4
374 81
167 40
331 42
26 85
279 13
119 11
370 40
285 39
1 93
486 12
210 33
173 87
371 74
48 8
16 73
97 61
253 19
439 45
360 95
129 88
267 29
187 99
266 72
258 43
409 64
417 70
169 68
283 44
94 85
199 38
275 98
379 13
93 85
64 74
333 3
303 89
378 45
168 5
307 18
270 97
376 81
119 40
455 57
475 77
132 4
450 46
325 100
279 62
367 89
262 87
136 86
47 24
456 42
10 17
90 11
142 61
303 79
457 24
68 38
77 55
127 15
271 35
250 4
324 74
150 45
293 81
130 45
273 43
195 51
452 10
439 15
360 57
190 99
334 63
481 22
337 60
75 48
418 1
365 59
205 79
119 67
456 91
153 54
308 12
142 57
19 49
407 18
73 71
140 80
194 40
146 98
411 89
323 88
438 28
208 42
280 69
54 70
88 92
20 67
394 7
194 95
29 87
270 35
93 55
357 63
20 72
491 32
374 52
70 72
167 90
46 56
69 3
334 73
65 98
22 11
184 22
100 50
87 66
33 7
399 23
148 93
331 20
420 65
213 74
365 87
229 48
370 31
255 3
440 94
304 64
427 92
249 63
462 62
86 19
426 3
131 53
419 15
189 79
315 17
327 92
109 71
39 54
399 24
187 53
456 55
259 80
479 92
71 51
231 20
210 66
406 17
95 90
180 74
193 88
33 83
34 61
57 16
299 48
79 18
378 5
67 77
424 79
399 69
47 20
211 65
431 17
157 71
260 38
40 18
480 22
407 33
61 46
312 64
1 59
82 22
4 72
59 85
331 30
385 57
489 20
59 92
12 71
90 12
259 71
213 98
229 97
250 16
52 29
331 8
425 6
307 72
405 31
319 3
54 44
110 70
121 12
280 43
1 16
341 15
391 22
12 64
156 65
348 58
64 3
422 94
143 97
378 31
85 26
338 59
203 68
225 94
84 74
233 15
240 30
274 81
116 90
352 70
17 21
465 59
69 79
244 18
12 27
148 88
215 63
206 81
427 91
357 94
430 97
129 57
355 77
479 37
61 40
249 69
106 95
341 97
452 78
307 29
182 83
195 60
126 10
116 99
417 39
110 12
128 85
29 66
266 14
272 37
15 98
323 18
256 61
194 27
12 39
476 27
89 40
324 88
315 4
362 45
400 77
64 65
58 58
347 94
179 84
197 63
432 55
293 73
342 27
217 79
464 11
462 64
459 60
66 41
443 42
339 52
143 11
276 47
16 49
347 44
89 21
23 21
430 67
480 94
273 43
80 62
434 60
333 43
308 98
178 15
334 86
45 55
454 84
280 30
212 5
146 68
282 47
247 45
291 53
308 41
2 97
430 60
465 65
5 17
441 94
147 32
479 63
79 90
176 80
84 61
270 87
212 73
330 74
91 95
461 96
301 76
18 17
389 33
12 20
247 95
450 79
182 40
29 63
141 95
196 19
177 64
227 70
364 15
99 2
5 58
49 45
86 64
350 69
59 19
445 32
180 32
218 75
222 15
302 42
34 10
436 64
20 39
35 44
273 3
238 20
165 49
330 11
390 68
66 59
14 31
48 22
275 40
418 89
431 59
279 17
159 74
358 14
54 64
60 12
462 98
190 8
474 6
243 70
42 57
274 32
309 60
19 26
355 78
8 20
199 99
105 71
23 32
466 8
195 92
83 91
306 11
185 32
59 96
388 60
473 98
119 71
472 73
469 93
96 59
240 55
144 92
90 52
233 27
298 25
335 53
296 14
29 4
242 50
278 13
33 87
216 61
287 98
10 13
426 86
24 47
152 71
110 17
207 70
496 5
436 82
344 55
309 26
209 94
168 7
212 77
109 17
404 18
2 77
405 1
328 84
17 58
71 32
168 83
92 99
122 13
497 35
68 81
143 86
276 46
62 39
170 32
208 84
274 42
28 7
116 33
31 78
305 59
115 93
113 24
49 80
22 99
140 80
329 91
234 68
9 79
311 69
187 54
91 82
162 7
166 28
79 82
302 73
