10000
939 69
377 98
942 3
81 14
420 15
124 51
851 20
867 60
82 62
175 10
52 39
357 72
12 90
517 20
413 99
647 90
886 57
977 78
982 6
398 69
599 12
998 21
268 83
10 64
710 15
718 64
349 16
117 78
696 68
372 100
775 9
385 63
20 47
996 57
300 48
633 76
14 44
451 4
414 69
254 95
573 12
756 22
696 36
962 88
657 20
736 26
974 15
838 38
612 11
980 43
302 69
702 30
300 65
112 50
744 44
785 84
44 77
374 65
975 78
722 54
383 28
527 94
694 98
855 80
637 74
54 37
849 36
849 91
295 33
687 51
670 51
614 75
200 86
236 61
523 48
555 93
563 74
739 38
573 12
114 62
774 13
920 28
253 45
645 81
40 6
961 36
555 10
584 25
820 65
583 69
130 79
945 85
90 41
447 35
200 91
119 76
404 56
860 94
280 15
990 89
780 43
797 75
716 15
364 7
388 95
235 37
38 28
708 75
61 16
802 95
119 44
204 26
612 82
731 1
149 93
112 66
962 5
135 74
423 40
451 7
88 4
591 100
943 82
985 70
774 85
34 73
826 57
530 30
184 24
971 5
532 54
567 27
238 56
994 82
899 34
170 26
810 76
625 85
993 52
246 44
732 38
452 60
772 91
88 21
611 63
594 51
556 96
240 51
461 60
472 83
321 21
676 78
147 44
892 5
791 76
289 33
640 63
440 86
358 85
694 44
87 34
194 74
798 47
342 83
688 83
744 4
816 5
950 90
393 93
524 64
391 21
241 38
408 54
464 21
940 56
994 60
509 23
942 97
290 61
414 30
179 93
62 8
469 64
802 6
547 60
232 56
302 76
556 23
145 2
66 73
828 95
464 43
477 67
588 31
517 16
324 64
398 58
758 99
314 53
871 83
311 32
304 61
485 62
17 18
168 5
865 90
283 71
404 83
294 56
459 78
416 20
269 20
11 50
243 18
339 4
621 90
89 51
606 50
355 21
734 15
995 57
562 60
521 28
945 82
966 30
460 28
378 6
774 99
887 40
2 47
488 26
349 12
988 7
583 84
778 26
146 70
345 57
933 7
710 88
45 56
202 82
75 61
249 32
692 65
100 3
603 7
654 3
175 49
821 42
259 12
76 74
21 6
144 4
831 97
971 51
492 36
415 54
367 45
324 86
203 45
924 13
689 57
686 97
51 12
100 53
233 70
23 89
453 7
520 100
191 34
380 89
899 68
721 42
975 38
355 80
818 32
839 48
983 95
384 46
756 30
44 84
685 87
845 24
866 22
801 47
24 61
963 55
709 9
938 94
117 86
544 52
372 82
526 87
283 59
504 65
895 41
571 34
373 78
222 54
10 65
522 50
419 60
702 77
193 33
589 8
591 24
549 70
33 15
872 8
470 26
752 44
905 3
307 52
631 48
288 85
966 12
420 14
542 52
531 59
450 27
897 32
769 79
479 25
292 15
963 95
498 11
789 52
48 83
577 38
374 93
629 47
140 5
435 47
641 98
336 82
408 92
792 71
604 62
897 36
972 30
92 30
403 70
229 33
416 65
410 44
92 94
284 97
270 49
708 58
37 96
959 4
821 43
904 75
628 78
819 49
223 74
753 98
298 96
638 8
926 45
541 76
855 25
746 18
418 14
587 57
133 85
191 59
273 9
568 50
949 17
714 35
522 21
644 84
372 21
537 73
329 36
404 87
311 47
961 23
976 33
621 57
410 43
780 58
175 34
822 52
254 62
504 94
676 14
665 78
896 18
398 5
197 62
139 85
687 10
327 46
665 4
562 71
424 86
426 87
768 75
405 90
807 81
566 50
819 57
921 69
216 99
647 52
936 63
587 30
786 53
697 52
533 88
365 14
812 69
780 12
118 2
761 21
453 35
726 56
412 17
717 47
757 12
664 42
778 92
295 30
990 7
375 30
956 11
189 3
288 88
449 71
121 3
39 58
612 70
267 90
247 28
565 5
22 48
781 78
781 17
511 47
260 87
119 98
638 63
395 57
644 75
992 83
503 75
86 63
284 25
924 56
442 87
178 38
594 33
284 42
834 19
185 95
134 1
141 98
613 97
549 95
752 4
921 41
814 33
457 49
45 25
884 85
443 55
472 40
131 37
412 89
654 93
973 39
728 45
106 100
241 32
419 39
559 87
701 14
435 5
408 83
53 87
789 37
25 55
566 9
371 64
355 53
785 50
233 95
738 3
130 1
210 49
975 12
92 74
750 50
574 31
898 82
40 13
732 95
292 78
783 45
130 61
259 45
598 13
25 32
437 49
785 22
538 94
391 38
457 55
440 72
268 68
590 13
319 99
261 71
674 77
650 47
302 11
223 50
296 20
114 67
674 47
94 15
570 78
46 44
836 59
96 79
382 86
849 99
779 25
376 2
930 67
894 17
859 39
296 32
905 22
966 73
880 49
535 54
979 74
519 58
490 54
995 48
608 68
743 9
889 65
531 53
148 32
448 59
851 7
484 30
284 87
752 73
62 94
37 42
766 21
594 7
759 48
368 32
467 12
46 69
694 77
631 14
744 14
447 78
407 17
744 60
117 92
346 39
804 15
983 8
261 20
258 25
59 86
398 61
308 31
231 53
820 13
38 3
459 25
229 80
732 8
986 16
917 34
323 100
271 29
210 8
122 39
700 42
887 54
224 39
309 50
477 87
469 11
564 63
367 38
336 74
112 62
75 67
25 19
964 30
203 46
7 24
334 7
314 94
816 77
935 51
473 10
665 49
421 99
475 65
868 89
512 69
909 97
826 57
611 70
252 60
921 62
118 65
211 19
695 14
497 16
575 55
636 65
380 70
36 93
490 7
688 80
704 78
564 70
9 11
672 23
872 70
322 63
736 67
394 34
643 41
661 76
140 87
458 82
908 30
249 100
780 11
884 76
64 12
595 79
349 27
34 29
213 92
883 27
512 90
855 73
160 14
116 97
579 58
429 45
241 63
577 14
973 29
840 8
946 85
601 60
520 80
350 51
367 9
657 16
547 24
891 25
451 71
747 60
795 59
867 49
72 52
112 20
145 36
269 69
906 16
255 88
152 23
102 68
130 57
277 85
396 83
129 38
926 56
519 84
645 54
917 6
798 34
525 90
830 36
210 17
704 19
312 77
828 84
601 73
1000 23
952 76
68 10
523 28
195 12
474 29
937 86
554 39
519 95
66 88
10 59
33 73
304 16
602 80
83 69
983 72
179 44
473 21
23 72
355 74
74 82
733 91
433 73
580 87
38 76
563 63
125 62
434 23
873 26
36 89
405 59
216 86
572 10
204 41
176 64
237 19
581 15
495 9
849 9
625 3
862 67
421 58
65 27
438 17
779 71
600 37
237 13
93 49
785 63
90 45
896 7
107 69
936 58
35 57
852 68
147 54
199 9
623 100
175 63
397 69
595 76
361 92
974 66
238 10
131 96
655 33
1 50
232 96
563 60
709 50
65 96
433 19
963 97
733 8
251 8
993 57
97 67
463 65
962 29
100 32
623 54
1000 92
767 65
208 34
91 73
950 43
61 19
597 95
768 76
889 91
544 24
236 24
265 69
128 5
505 91
958 92
978 32
803 99
920 56
957 83
350 49
270 29
369 38
583 90
934 43
810 43
758 99
461 74
279 11
655 98
855 15
920 81
616 77
322 22
640 48
731 6
372 43
256 40
470 31
160 26
483 45
792 52
49 50
335 79
525 24
424 72
220 44
920 3
662 91
392 14
560 97
109 30
395 11
577 46
796 53
929 42
138 85
709 92
27 20
851 73
592 38
890 92
761 94
720 77
941 22
427 20
767 83
1000 46
859 9
978 59
736 34
316 87
329 11
15 26
754 76
330 54
270 89
588 62
591 61
914 38
983 73
417 73
800 12
637 10
407 98
283 27
630 82
576 27
187 29
739 7
747 15
423 84
554 9
131 28
778 15
918 31
21 99
934 96
652 19
587 42
884 37
393 38
770 82
794 42
546 92
491 78
975 59
108 90
643 35
210 71
340 3
982 18
991 4
124 100
768 64
740 23
340 88
289 22
404 93
879 24
943 7
457 69
860 56
690 63
936 6
593 14
252 51
181 75
532 46
713 86
47 35
316 4
27 16
28 42
731 54
573 81
619 32
402 99
278 81
804 57
37 60
128 17
439 57
417 90
986 34
6 43
842 44
864 93
401 85
746 7
904 78
442 34
518 75
670 80
556 36
412 90
754 39
739 81
780 99
424 68
398 27
885 49
956 31
260 69
120 62
658 59
28 56
883 18
287 99
182 7
477 50
804 45
96 85
431 45
108 32
761 25
517 37
811 72
648 63
709 69
45 16
55 82
163 54
119 84
275 14
436 69
276 78
599 70
278 42
284 88
208 85
817 93
794 27
821 70
631 34
743 99
243 17
310 100
320 17
203 94
537 86
512 42
639 100
743 75
715 57
457 25
820 65
806 18
385 13
532 88
67 63
223 26
980 35
869 75
465 63
15 27
827 30
63 91
708 24
512 34
26 75
190 14
634 56
774 59
146 60
139 60
574 95
337 81
728 44
260 6
516 91
264 73
605 14
325 71
78 87
508 87
35 47
797 50
296 17
593 90
639 87
414 11
224 5
603 61
160 19
88 34
345 73
485 39
35 55
109 24
796 47
662 37
767 22
672 68
404 85
964 100
127 63
710 53
540 92
866 26
155 36
35 38
776 58
44 45
980 24
804 84
361 94
233 51
451 53
288 41
509 73
415 89
578 10
954 89
499 80
300 99
793 72
863 36
587 74
133 24
11 44
380 72
727 41
810 60
519 93
195 82
115 70
303 73
663 99
654 10
531 24
404 70
356 7
411 85
508 23
773 25
399 87
382 99
302 30
306 59
606 96
20 42
679 44
813 83
754 55
895 96
520 2
9 90
333 22
596 81
225 85
813 9
119 78
935 64
944 26
966 8
551 20
471 11
613 36
959 63
928 54
342 15
800 20
273 76
412 98
415 60
372 15
930 52
849 95
741 56
967 26
361 29
395 23
331 21
279 66
580 70
965 23
234 27
163 9
680 8
487 21
939 96
542 47
630 45
970 64
81 53
136 48
391 10
381 65
464 39
995 30
348 78
348 41
393 79
850 29
46 30
654 75
322 2
278 89
245 91
566 67
814 22
671 41
284 4
959 6
810 74
30 100
758 71
262 39
215 7
557 66
512 51
212 47
793 31
75 28
938 10
426 34
376 19
244 77
596 24
779 11
389 73
607 25
137 51
596 98
677 37
434 30
547 44
663 27
660 73
383 25
698 32
40 47
783 88
981 57
211 51
694 42
297 20
903 32
638 31
943 53
333 83
81 61
951 45
713 5
309 61
605 19
342 6
601 42
628 64
459 7
341 28
762 66
709 43
47 21
244 41
599 87
316 49
554 23
850 54
270 71
204 62
98 26
517 90
6 4
81 71
710 82
528 64
242 52
879 4
122 72
763 22
560 39
334 27
361 8
697 37
446 21
888 87
169 38
697 60
855 70
893 19
220 60
638 29
598 67
138 7
162 40
835 31
530 96
678 99
464 34
276 22
555 48
981 82
81 23
183 4
452 30
391 11
925 49
870 60
497 83
896 94
156 57
925 39
912 98
212 36
277 46
698 2
117 49
182 35
49 27
106 25
803 25
481 37
218 80
747 57
808 71
640 47
46 30
327 30
814 36
383 98
667 15
401 34
851 22
267 71
242 70
425 40
616 46
645 75
942 15
123 83
603 7
937 86
728 46
165 4
48 54
213 34
955 40
152 39
682 66
92 56
781 52
925 78
305 37
947 96
394 38
179 67
158 64
430 70
49 66
388 72
127 45
303 82
915 43
46 3
738 83
589 92
740 47
222 86
985 94
26 55
325 63
424 100
953 20
840 99
810 28
775 62
268 57
832 68
773 77
507 73
348 76
770 24
147 7
758 22
474 63
100 100
938 29
695 39
669 54
970 8
765 45
934 14
392 86
557 9
211 19
285 64
47 49
723 34
984 59
804 58
295 43
966 67
890 1
157 4
191 45
695 76
622 10
298 84
123 83
814 10
361 73
461 52
571 7
617 42
183 7
459 82
673 84
998 79
290 73
304 79
607 76
974 18
42 91
132 41
786 46
516 65
809 70
442 79
859 59
696 9
633 34
651 95
535 87
149 51
702 62
959 13
210 29
841 88
638 31
526 67
412 30
154 58
595 66
963 51
56 12
284 35
173 96
133 12
513 5
948 86
142 15
269 17
493 88
407 81
977 52
399 61
732 38
798 61
211 46
89 36
506 78
783 57
597 28
491 63
942 44
506 75
77 3
714 70
154 42
865 30
578 51
500 32
184 25
97 35
604 21
211 68
759 69
673 53
651 40
135 89
858 59
508 100
432 25
100 9
94 76
483 5
915 1
403 7
906 98
275 30
171 25
50 45
568 98
512 39
34 20
304 50
2 58
220 30
581 7
560 42
416 82
607 19
415 54
513 24
740 16
138 87
765 25
653 28
887 81
935 71
400 31
68 16
819 1
485 24
352 99
557 35
428 49
664 22
455 37
60 37
232 89
67 34
690 8
397 43
876 34
657 44
354 14
321 72
454 98
725 31
28 81
881 23
641 70
157 2
369 53
106 14
630 80
23 89
706 93
987 80
896 75
471 92
455 87
787 18
759 13
938 88
343 57
652 1
766 40
666 88
442 83
538 37
885 100
544 57
23 22
456 92
512 26
247 86
216 41
20 68
285 58
702 20
485 59
314 30
720 54
852 47
913 84
72 99
653 14
746 36
306 64
163 98
491 6
934 40
101 49
398 49
289 100
172 45
94 45
644 36
624 10
452 85
973 88
252 13
290 41
325 10
672 17
797 79
806 39
557 3
529 55
130 4
731 55
84 65
266 98
744 7
799 5
281 49
768 6
452 100
858 46
553 53
692 2
377 81
630 50
223 65
872 84
253 86
273 93
747 74
546 31
45 96
772 42
235 21
395 24
871 99
122 50
281 27
390 70
246 15
340 65
114 57
453 36
632 68
281 34
54 55
937 81
307 20
271 20
285 27
906 6
539 62
547 24
938 85
242 96
78 54
517 12
491 45
551 86
959 32
823 50
470 79
890 12
616 61
228 45
480 28
305 90
312 54
305 90
532 68
179 83
874 36
944 19
693 37
396 87
755 76
671 64
44 7
313 16
388 64
779 21
950 25
549 94
874 56
268 24
648 7
584 60
965 65
609 18
139 79
173 70
369 12
300 51
399 88
565 8
367 38
261 55
901 61
549 10
740 62
14 49
449 19
294 83
6 5
700 42
322 56
18 40
978 67
889 37
737 62
460 34
624 56
216 54
617 14
168 7
250 79
822 44
676 15
597 33
985 88
611 23
818 93
22 79
587 80
318 2
840 56
263 64
559 55
389 29
461 3
223 32
574 30
675 38
650 90
236 20
214 8
939 98
277 53
228 47
31 6
172 73
66 88
694 95
900 38
727 91
874 87
485 6
708 51
258 11
269 32
407 79
337 23
481 4
429 38
632 80
969 13
738 34
352 62
924 50
703 69
381 53
375 62
676 28
479 92
961 95
8 15
759 71
322 56
241 79
83 90
184 89
893 83
8 16
213 74
579 80
352 79
704 30
560 64
472 75
541 19
876 74
921 5
393 86
469 94
424 63
125 89
787 65
119 13
673 4
743 8
738 62
559 60
255 36
105 69
502 98
374 8
798 83
640 55
865 38
403 87
439 99
518 55
297 71
794 13
133 33
611 38
931 98
365 71
792 91
764 90
350 27
290 53
226 8
377 8
183 69
80 49
896 30
306 47
523 51
891 8
486 92
69 25
145 19
139 34
280 12
367 81
550 65
426 60
361 89
919 95
808 47
781 61
612 1
608 63
226 22
213 35
535 19
943 20
816 81
576 33
884 21
824 33
591 96
748 49
108 13
632 38
655 67
117 64
603 57
624 39
122 80
390 49
787 5
639 65
837 67
702 20
975 40
123 79
915 77
50 56
74 24
463 45
91 50
27 66
92 48
629 50
879 96
880 14
451 92
141 88
550 87
870 8
124 93
330 89
917 44
956 29
571 14
933 16
936 44
779 37
502 22
980 13
118 20
970 13
440 74
10 8
753 76
760 74
107 5
589 71
944 8
915 31
612 28
143 39
466 23
967 13
460 32
108 81
415 74
774 40
370 96
387 32
696 98
383 62
904 3
121 76
299 57
206 38
915 61
772 92
405 88
514 92
797 29
525 47
297 61
235 4
558 55
990 57
83 42
74 77
697 16
226 90
235 55
937 43
900 61
79 39
936 67
672 38
547 68
821 43
245 60
125 28
27 100
115 68
71 23
500 89
869 73
284 39
959 45
41 48
691 28
897 36
690 14
20 78
946 4
661 41
693 23
41 48
501 30
636 41
270 83
654 33
11 7
751 90
633 43
283 74
113 12
641 28
754 9
467 4
434 96
793 50
27 82
412 17
410 97
6 39
741 93
858 7
913 50
160 48
369 44
253 54
697 15
302 48
668 60
246 70
655 2
40 20
588 46
492 98
884 4
256 14
1 47
761 74
569 37
126 56
235 19
370 35
675 93
449 18
424 100
924 96
453 83
303 40
670 97
365 72
757 5
995 9
20 67
341 59
178 5
337 97
251 15
882 78
984 49
231 49
467 91
390 67
878 100
562 36
519 97
942 31
567 8
408 55
220 3
905 54
140 91
565 93
389 57
865 58
262 40
374 43
698 18
866 28
184 18
875 75
334 84
963 83
555 69
262 71
475 28
87 12
58 35
654 5
575 44
222 65
851 77
181 87
466 95
900 92
824 2
379 64
268 70
996 48
664 99
899 68
114 45
848 54
741 78
532 34
690 55
686 2
798 18
535 63
578 63
368 34
457 18
287 45
427 46
436 64
541 58
241 41
920 83
480 60
197 63
200 17
564 42
815 86
849 76
896 35
292 87
474 95
946 35
892 4
870 80
507 78
536 58
788 80
126 95
600 79
641 32
741 35
985 36
998 50
457 13
303 63
319 61
751 77
356 22
565 62
609 15
263 56
702 64
615 61
421 64
156 21
489 34
313 3
690 44
452 38
777 44
372 90
823 5
61 50
953 52
753 82
610 70
582 73
796 91
380 48
946 98
422 60
360 13
155 78
372 49
220 11
666 37
297 53
423 65
591 44
209 97
984 65
790 43
173 22
276 6
316 95
294 30
1 36
76 20
583 56
674 12
175 41
685 8
853 75
188 14
858 56
799 32
863 49
21 7
574 9
306 29
235 48
513 23
824 52
665 5
990 71
196 68
18 18
98 28
388 69
642 51
708 46
599 32
72 16
127 12
147 54
751 29
526 37
103 64
151 75
353 19
848 96
488 31
277 42
872 17
834 37
763 2
315 37
691 77
373 81
887 84
87 90
179 28
159 85
18 67
568 35
575 17
708 45
55 90
309 30
678 48
697 70
980 19
178 19
357 44
605 4
31 25
414 65
862 1
679 1
665 72
992 29
963 52
198 68
353 12
299 11
889 45
61 49
177 83
128 43
84 15
686 79
243 16
977 41
776 70
211 87
903 48
664 15
358 83
24 57
794 39
260 30
582 85
592 42
690 98
323 25
563 73
610 42
160 12
453 95
598 14
457 30
44 88
158 17
800 66
970 41
742 91
34 44
536 94
530 8
309 96
247 47
685 100
451 67
373 47
347 17
711 61
697 9
856 13
373 23
534 62
901 89
512 63
289 27
234 51
694 94
275 37
716 52
548 84
361 68
424 28
993 10
197 89
792 90
557 70
537 83
7 33
755 9
375 29
522 63
861 87
484 37
285 6
870 49
451 10
571 97
811 43
552 92
844 31
177 29
819 32
206 12
870 40
553 48
554 36
61 54
308 83
874 62
487 15
181 10
895 68
387 46
983 53
15 98
144 69
867 72
768 99
264 92
978 49
390 92
225 11
58 13
166 74
419 83
484 1
445 72
586 47
196 45
342 97
198 71
290 37
456 52
983 99
923 65
386 25
444 66
517 56
494 70
730 45
251 5
330 31
790 36
433 40
463 63
244 90
747 74
178 22
115 92
494 85
724 39
355 36
966 34
513 49
181 66
999 31
81 20
533 95
670 66
547 40
729 10
998 25
137 81
410 61
593 5
786 36
535 86
349 51
288 100
248 46
756 58
674 22
196 10
56 13
868 92
243 41
616 34
867 69
669 79
287 42
218 92
798 59
553 42
34 41
819 6
711 78
685 17
160 57
464 44
312 28
494 5
40 41
821 20
66 69
475 73
816 7
896 43
921 87
303 6
279 78
48 32
843 54
263 27
566 28
328 85
168 12
987 64
658 37
122 95
762 46
511 77
706 48
110 37
998 79
637 42
157 36
541 100
540 59
611 87
700 78
813 79
946 62
114 88
21 29
372 24
78 98
566 24
370 8
922 44
327 22
737 79
944 90
940 69
650 54
681 10
79 1
518 65
420 4
971 64
257 17
507 10
88 100
252 58
924 83
972 20
658 28
112 9
118 18
968 37
973 78
252 22
919 43
624 71
816 88
980 40
697 6
535 98
819 2
14 38
185 20
478 12
195 37
599 87
362 97
426 42
264 45
929 66
139 1
886 12
814 91
892 29
873 99
548 68
253 34
122 36
677 16
237 56
594 14
363 34
561 8
191 61
231 46
148 94
365 26
641 94
547 18
788 8
522 1
711 42
324 100
675 41
624 23
623 77
965 52
899 35
802 32
220 9
533 49
173 78
921 18
802 10
603 100
75 20
585 21
271 81
918 80
600 52
954 41
588 88
871 70
27 37
378 53
547 42
785 99
93 99
839 29
861 44
19 93
488 68
204 67
551 83
876 32
653 85
298 24
663 91
327 12
898 52
783 55
286 52
553 15
830 54
850 63
886 68
290 81
92 24
725 50
952 88
991 90
416 69
991 76
957 80
804 52
988 59
714 25
627 73
358 97
129 56
390 76
527 45
359 75
277 19
698 82
956 72
9 66
301 48
70 54
157 35
223 88
106 96
73 50
839 77
671 17
566 29
599 74
8 23
628 12
766 52
875 76
119 52
631 46
548 79
276 65
528 25
960 45
384 68
963 20
269 75
920 26
546 13
319 16
135 43
946 55
605 84
210 48
78 83
508 95
225 32
52 69
912 10
842 74
284 45
691 26
341 16
484 52
300 61
95 12
289 34
620 93
171 42
864 15
547 61
247 52
227 94
546 76
732 39
153 55
598 58
767 61
561 91
695 98
888 40
175 25
431 13
407 45
169 13
197 94
318 18
407 35
279 65
607 50
986 48
625 91
444 5
904 18
508 27
838 44
198 33
511 67
98 86
518 52
630 54
775 7
262 28
500 36
933 56
788 4
252 63
448 15
268 46
20 94
842 92
152 47
946 34
758 2
408 50
619 85
917 80
365 73
328 2
990 28
568 97
346 4
686 100
263 84
845 7
233 86
302 92
830 41
677 54
273 49
56 89
827 40
717 75
938 17
541 91
297 55
393 29
240 67
22 63
163 83
278 76
866 91
702 71
15 35
763 15
118 73
313 78
712 39
47 84
668 63
8 86
791 41
446 8
133 61
571 46
695 23
999 6
445 12
937 16
806 17
404 56
56 96
32 79
298 32
254 18
934 37
911 15
798 87
589 3
389 8
223 31
861 42
766 14
699 49
979 49
254 49
630 29
554 88
641 44
62 96
9 50
315 67
511 45
595 67
517 99
78 79
446 90
113 4
666 82
559 7
879 33
364 70
296 100
783 71
147 15
935 32
315 18
595 82
147 86
413 36
750 92
972 97
288 83
358 99
115 55
161 90
763 69
92 97
88 48
617 21
136 21
299 69
500 25
760 12
238 81
435 23
636 96
546 37
371 60
956 46
857 41
843 5
839 98
349 23
520 68
631 61
771 82
991 64
222 37
1 91
277 18
800 34
354 37
977 26
900 60
719 88
963 15
147 60
391 1
1000 17
932 67
106 71
794 6
299 99
468 85
710 53
839 19
596 51
908 54
147 42
653 11
915 95
833 13
817 64
782 95
860 25
493 68
24 79
524 91
967 81
550 62
483 32
576 49
869 33
132 1
640 15
991 29
261 65
195 37
800 30
453 39
699 69
201 7
71 65
860 22
191 48
112 28
120 66
217 9
613 17
687 48
745 25
850 21
931 21
104 53
248 71
923 30
241 49
882 35
636 62
277 76
619 59
122 5
623 94
571 42
778 15
63 75
450 7
744 81
548 14
946 91
514 99
788 3
162 39
189 15
811 52
829 17
353 5
879 79
198 56
523 28
268 14
578 81
451 43
768 94
193 20
432 43
155 32
725 35
91 93
604 26
393 72
148 98
948 100
10 1
252 93
38 87
937 82
377 74
143 71
592 33
397 42
603 67
931 88
485 38
610 38
436 61
878 7
446 63
412 85
469 87
398 49
158 76
596 60
434 80
628 76
466 59
143 11
827 86
806 84
901 66
255 81
825 26
469 96
509 42
207 30
538 14
450 69
3 94
6 66
553 37
707 100
217 24
871 82
800 85
947 43
882 12
515 2
736 41
70 30
706 57
247 27
829 25
427 99
773 78
882 95
362 98
888 31
251 69
471 39
549 14
721 85
416 6
831 60
964 42
289 48
980 17
899 100
280 28
549 88
744 4
893 19
320 29
379 13
552 23
287 92
425 87
703 36
568 20
598 91
131 77
437 45
854 22
985 95
158 94
241 85
270 86
660 87
714 11
94 39
682 4
117 76
110 82
668 19
483 62
165 6
687 8
527 64
430 59
777 87
58 57
130 41
785 79
758 24
658 39
647 54
780 20
211 54
612 41
595 64
383 82
832 92
911 13
279 3
386 6
4 76
903 17
46 9
800 75
714 29
95 22
357 56
565 67
272 16
269 70
665 97
567 66
853 15
910 83
110 7
980 28
845 92
945 36
23 42
905 7
9 82
796 83
247 92
332 31
457 76
747 40
265 48
414 42
437 15
620 22
145 78
47 81
933 87
764 43
298 98
765 46
77 37
361 59
41 63
958 87
376 79
39 84
981 51
381 74
743 10
802 50
211 65
1000 9
354 42
266 27
310 34
128 2
306 25
215 100
167 20
893 99
91 92
467 1
606 37
2 69
885 96
48 100
837 71
831 45
649 65
687 46
703 7
816 24
35 54
615 73
757 66
168 18
119 11
680 54
135 41
889 69
931 42
778 18
255 49
109 12
809 88
592 17
323 80
732 1
558 7
643 55
644 56
393 88
429 58
656 69
764 100
734 58
899 96
239 66
403 6
983 20
280 74
873 26
218 13
855 60
121 46
212 41
367 96
754 39
442 81
702 35
894 52
305 57
764 82
507 20
918 98
179 72
961 7
749 18
641 71
242 68
925 7
60 38
166 45
17 91
35 57
451 9
130 36
450 28
450 100
484 68
143 33
1000 55
204 3
768 6
47 19
31 30
120 6
756 67
985 11
524 53
536 86
866 9
278 93
93 71
838 29
904 15
123 72
329 48
814 1
807 65
96 24
436 91
814 31
696 63
470 55
196 23
726 97
237 16
349 66
239 24
759 21
326 77
607 27
626 20
49 67
71 36
648 54
748 35
66 50
103 77
972 89
533 89
840 45
183 79
555 98
967 66
1000 6
137 86
46 61
930 27
621 95
92 22
769 78
339 83
887 7
29 71
543 79
613 27
567 11
650 7
314 36
439 15
299 92
555 87
595 89
856 15
693 4
731 90
727 70
657 99
243 21
356 23
941 39
91 1
46 3
914 77
244 27
890 26
347 62
623 41
112 76
600 18
884 41
176 73
992 100
228 83
51 90
790 25
623 37
201 68
872 56
576 26
169 19
639 96
790 76
215 21
157 42
935 61
264 79
945 67
238 44
658 75
184 86
869 83
753 91
755 69
93 31
569 58
113 63
77 58
226 71
29 15
995 55
212 57
357 16
882 31
344 79
629 53
466 60
958 16
196 72
143 37
209 15
151 39
307 11
678 86
205 58
596 24
592 37
359 7
140 79
162 91
389 82
903 37
675 37
249 58
522 1
332 94
173 24
909 2
181 16
991 92
232 29
272 65
620 60
884 3
43 21
284 33
658 32
319 82
542 21
762 58
1 52
870 52
391 96
760 40
371 34
645 29
765 49
242 67
451 49
872 24
949 20
79 11
636 9
794 86
750 91
348 77
609 50
881 8
725 1
945 14
716 20
347 86
214 62
519 75
162 79
987 41
194 82
705 40
14 98
324 83
936 4
683 92
24 72
66 52
485 32
38 47
257 34
879 95
942 85
944 47
532 77
470 10
568 40
646 2
684 80
982 48
692 91
272 92
627 45
708 63
439 10
938 26
237 35
107 23
267 16
186 54
45 23
141 81
313 52
718 39
743 43
920 94
560 62
448 81
503 50
664 6
806 80
873 2
106 85
969 78
458 27
744 84
887 47
397 89
126 3
61 62
490 73
368 74
36 2
374 79
439 17
371 37
258 18
398 92
513 45
486 8
738 66
942 35
945 31
216 59
154 6
146 41
427 58
634 79
570 75
39 17
925 29
845 3
919 23
399 74
312 81
754 98
284 60
934 24
814 8
150 6
1000 98
771 15
260 89
104 39
566 18
260 41
155 21
679 36
370 23
87 93
561 59
948 74
225 10
702 77
787 65
332 34
719 46
63 84
896 58
242 25
378 48
684 12
27 78
43 60
640 69
2 55
520 46
322 100
642 95
56 38
863 36
472 36
819 40
476 11
449 59
591 44
316 56
784 5
140 39
688 88
216 43
14 34
651 11
207 78
572 70
634 63
744 11
859 92
261 98
792 27
232 85
770 45
642 10
863 8
797 92
940 19
35 51
318 64
622 25
12 52
4 68
902 23
835 30
359 75
460 66
122 24
764 33
480 15
571 56
50 23
4 77
706 46
487 25
440 45
301 61
226 2
878 97
155 2
243 84
418 43
283 14
905 59
765 2
495 78
271 16
305 68
472 88
469 46
418 25
233 42
762 91
414 49
91 41
515 98
779 15
57 46
51 41
909 53
161 91
672 1
864 88
413 73
611 67
291 89
123 38
877 83
280 92
219 52
489 62
932 26
957 19
878 21
538 71
228 91
77 2
944 88
424 46
990 84
539 10
812 32
354 75
882 58
334 41
365 10
875 98
185 11
995 41
60 97
971 54
285 22
845 36
320 80
980 42
478 57
73 64
250 22
315 77
85 26
606 15
651 61
2 64
881 95
812 79
360 88
29 69
831 60
999 99
891 61
511 4
147 68
735 27
402 93
661 9
652 6
981 96
956 81
577 51
455 33
32 83
113 99
847 20
947 81
274 95
825 52
953 36
98 3
751 50
641 72
502 63
75 81
548 63
235 85
262 27
170 93
982 53
233 26
9 36
40 26
611 34
365 12
191 19
257 62
49 33
921 71
402 59
177 1
597 2
524 30
670 35
118 58
692 41
212 52
557 76
845 2
153 22
837 42
67 12
379 61
259 30
772 94
376 42
108 78
624 97
935 7
368 98
217 27
893 51
119 48
981 22
426 78
245 72
641 79
373 47
47 30
716 46
303 33
894 83
344 89
326 33
659 51
876 12
214 9
22 39
601 77
229 86
176 86
438 95
258 1
856 37
674 10
458 36
200 67
877 82
694 73
603 99
965 33
666 52
687 31
218 12
886 88
698 5
814 25
482 4
246 24
216 67
499 61
225 9
730 68
701 64
289 36
560 84
199 65
164 67
37 31
323 28
777 22
240 41
389 57
334 16
240 5
105 2
589 52
462 24
734 94
195 80
593 45
504 79
788 96
751 86
497 63
883 98
655 6
162 85
277 6
153 46
955 37
129 83
841 70
313 92
634 94
640 9
397 35
944 77
234 15
759 11
127 95
146 83
483 59
220 53
182 63
299 13
184 54
847 26
978 15
631 76
429 5
771 56
818 1
594 72
119 52
472 23
816 8
63 97
797 87
627 89
137 81
339 38
796 29
771 26
553 98
967 88
698 52
775 52
303 4
370 59
102 72
130 80
278 97
289 3
715 86
46 63
503 79
39 41
741 74
367 51
945 49
579 96
595 52
295 55
628 69
393 37
922 83
924 14
59 73
182 20
931 41
595 69
968 37
370 45
45 40
53 49
364 9
425 16
854 9
423 49
895 86
984 3
393 29
1000 34
531 59
803 14
718 25
845 32
550 3
508 76
813 16
199 42
845 33
168 17
788 16
707 46
535 7
669 58
409 96
455 29
894 92
915 5
928 3
820 1
594 87
829 59
228 32
132 32
254 92
173 20
286 55
148 84
306 49
177 4
944 6
341 61
177 26
987 64
988 25
996 52
772 61
914 22
551 56
128 93
282 69
509 95
817 98
198 26
298 94
441 44
46 23
661 68
238 24
187 15
907 33
304 87
87 65
546 94
121 94
418 80
452 63
949 67
426 7
766 64
924 86
594 84
845 47
373 69
760 69
391 30
269 58
127 35
867 1
712 7
356 93
186 21
111 84
967 11
739 30
209 15
929 35
977 30
546 21
388 55
257 52
174 37
238 17
301 52
770 35
602 91
751 39
570 22
438 60
740 52
957 6
342 22
384 15
129 90
435 23
570 96
70 84
815 11
557 20
115 21
783 98
609 83
880 55
659 67
436 31
152 70
861 63
430 57
689 62
795 75
873 72
734 37
369 85
298 83
543 64
312 49
218 83
329 17
395 5
498 14
941 50
784 94
810 19
192 16
571 78
924 95
303 26
652 2
151 92
309 32
96 35
89 73
718 49
560 29
24 91
81 99
613 86
926 5
742 78
801 23
88 28
665 63
241 83
45 88
241 56
236 91
690 9
92 54
253 19
306 60
577 55
360 34
941 21
568 36
170 36
881 29
622 43
373 94
287 77
591 72
293 40
172 43
381 51
426 81
121 80
772 48
940 77
236 8
244 52
404 71
188 77
512 9
887 16
605 4
114 85
918 6
790 23
912 23
801 13
643 68
949 82
366 37
76 77
566 87
667 88
830 46
468 75
225 67
922 4
121 10
476 21
609 19
40 97
955 18
159 39
754 58
690 40
700 68
28 14
158 13
185 56
946 49
258 91
5 34
96 29
884 31
205 36
199 15
182 70
502 67
245 61
218 18
628 33
589 88
917 86
775 3
599 92
555 19
386 76
289 65
106 78
60 89
209 25
177 77
182 61
457 59
424 98
951 44
373 3
51 42
941 28
131 54
540 50
164 46
259 71
969 43
977 99
19 5
478 18
985 63
835 6
429 35
641 62
320 56
864 57
307 79
377 18
896 37
467 96
983 72
859 6
388 78
62 8
334 3
76 86
18 7
763 52
728 88
420 50
146 2
368 67
781 48
580 69
690 99
665 12
923 92
748 98
345 7
41 81
780 9
148 38
623 23
416 64
369 64
862 52
702 57
481 67
100 100
982 36
88 67
249 91
599 50
67 56
89 92
923 61
336 49
915 22
102 96
73 17
68 58
644 43
716 22
124 57
95 89
95 13
618 41
162 44
332 44
534 75
324 21
47 55
185 53
677 27
710 93
841 2
246 17
25 90
367 23
550 100
800 68
508 31
761 99
175 92
143 22
445 42
206 12
77 32
711 49
814 79
653 54
655 25
26 41
840 48
289 17
339 23
450 93
889 60
950 96
887 72
756 84
674 31
345 6
7 26
502 70
781 43
91 97
278 5
235 81
503 62
568 82
397 17
487 21
982 13
573 62
725 37
599 81
673 6
804 72
158 37
351 49
113 24
140 17
301 74
403 39
4 64
743 26
960 38
553 12
612 37
970 6
945 51
805 16
475 20
100 6
181 26
251 21
423 67
865 84
144 80
761 69
914 78
807 83
593 4
493 27
680 22
435 11
629 92
207 45
686 14
200 29
53 19
400 21
401 53
286 46
54 83
247 76
380 14
206 13
188 1
358 26
167 94
212 38
689 55
343 73
495 20
528 91
81 8
200 89
816 6
377 26
105 61
500 17
129 73
838 4
963 74
399 75
129 21
504 25
865 47
454 58
666 57
959 67
898 47
253 63
516 85
63 26
204 100
860 2
464 44
55 68
468 36
72 37
704 7
461 85
724 89
482 10
542 35
820 58
466 55
367 84
425 92
224 22
80 6
375 90
268 7
663 46
579 63
35 81
105 97
190 9
663 16
75 89
45 52
895 92
77 13
551 95
547 65
692 69
293 95
791 92
1 28
920 4
500 93
151 73
624 75
750 64
905 78
584 9
674 95
417 26
348 70
20 39
963 83
253 95
233 100
561 73
701 64
536 35
765 32
483 85
633 65
153 93
503 39
60 32
506 40
75 39
227 35
190 64
833 62
646 10
115 65
839 46
985 62
677 60
233 46
301 87
580 26
364 16
336 76
261 75
197 52
9 39
988 85
679 16
395 60
561 94
984 50
484 79
48 56
959 24
93 68
75 53
992 61
301 31
114 81
645 5
981 87
814 63
234 57
312 43
964 71
644 10
711 29
55 89
663 70
454 100
863 94
478 58
473 10
836 9
372 60
376 41
670 87
537 70
896 54
112 96
934 30
494 92
998 90
817 45
180 17
686 88
388 83
390 76
706 51
794 2
476 32
318 52
654 84
678 48
233 45
311 28
777 10
661 55
372 34
738 70
528 99
631 14
841 61
889 87
453 2
952 35
617 31
41 61
900 2
190 12
832 59
338 91
44 24
649 88
192 79
487 35
216 7
719 29
722 14
260 69
553 21
41 12
818 5
816 42
956 49
481 2
610 92
830 41
362 25
916 56
642 52
438 65
327 22
833 14
863 95
989 4
923 3
745 11
926 17
618 18
945 26
410 86
808 4
625 34
439 1
872 3
734 99
667 35
526 12
311 74
419 21
766 73
558 84
701 89
619 42
126 67
571 21
289 58
1000 18
764 28
58 84
881 49
311 78
954 74
54 35
940 41
878 72
484 61
533 39
499 79
403 71
720 17
113 13
886 38
85 20
491 84
83 42
261 88
41 60
783 58
731 40
965 73
52 93
239 53
999 80
683 89
610 7
485 48
431 68
419 73
290 63
255 62
453 82
280 94
422 33
338 20
955 63
80 57
84 91
330 36
185 60
749 6
403 69
208 90
961 43
559 36
173 62
706 25
189 53
161 15
780 95
509 42
701 28
434 4
443 39
260 99
401 71
147 91
770 89
381 27
718 81
434 29
616 97
698 39
387 40
82 77
267 63
887 56
524 51
629 52
929 74
734 32
31 43
279 84
530 14
196 92
296 18
620 78
832 11
287 68
222 67
171 83
867 63
770 48
556 36
721 68
668 97
661 28
540 45
501 100
328 3
551 73
866 76
150 35
362 13
735 81
947 100
510 10
388 39
153 54
508 74
217 41
113 73
152 78
471 87
122 31
638 32
46 5
177 68
509 82
74 72
504 46
895 41
135 15
469 47
740 63
666 47
79 90
47 29
522 79
444 16
405 45
763 90
983 80
556 94
634 24
165 27
260 34
474 33
35 28
577 57
935 15
899 27
721 61
582 60
289 26
158 19
564 88
833 78
369 36
910 46
917 94
160 76
874 18
173 56
152 59
4 55
846 2
651 74
11 24
156 21
174 18
389 22
768 81
805 13
913 66
722 2
200 52
911 83
418 72
556 32
380 92
875 39
283 65
945 35
269 77
536 35
101 55
992 89
138 22
468 26
28 14
54 31
783 85
599 77
167 70
268 20
567 88
139 21
761 100
382 50
270 45
817 85
198 37
900 25
749 87
434 63
829 75
546 91
414 4
735 49
601 89
32 18
515 87
575 29
497 52
140 44
240 78
422 21
795 67
125 73
629 26
148 81
136 96
416 28
298 49
154 56
401 9
646 64
977 2
790 4
411 20
977 35
858 54
102 57
426 49
755 15
758 68
880 54
469 76
461 77
91 85
22 18
453 9
990 35
662 25
219 100
126 52
229 28
260 78
938 69
827 90
958 71
70 17
728 68
54 64
55 64
903 6
834 19
844 70
20 46
230 23
125 86
969 50
809 16
29 79
337 99
938 97
979 3
453 53
620 26
819 63
149 2
297 30
410 7
867 77
770 52
294 41
599 46
970 65
208 82
207 15
34 52
903 78
142 10
746 36
312 41
395 24
276 94
289 3
900 95
16 14
353 47
421 100
561 77
862 2
495 1
286 70
93 98
66 44
849 30
743 98
386 43
117 53
543 32
347 96
783 60
988 66
960 64
132 96
757 90
79 16
320 31
211 54
907 69
978 8
580 40
191 51
255 76
22 6
638 97
395 8
863 41
684 23
860 74
898 5
764 10
763 14
908 25
381 4
195 64
391 83
892 57
789 82
157 97
851 91
826 58
807 65
277 44
208 73
400 90
147 77
984 77
754 54
63 22
648 84
5 45
259 84
422 36
189 54
161 76
46 68
949 75
412 18
485 37
867 7
4 60
257 39
651 44
597 47
166 50
318 83
714 36
743 28
884 72
998 9
161 100
756 46
430 97
491 46
278 52
171 18
177 74
561 94
824 78
542 54
180 27
147 19
27 28
202 33
70 100
775 63
884 68
831 89
267 59
780 53
774 87
834 1
500 61
344 22
390 61
540 89
641 60
348 33
976 74
203 20
850 90
31 9
880 94
822 11
38 89
466 71
421 2
772 50
632 86
846 82
67 89
246 17
666 44
586 97
921 93
514 9
174 56
232 18
529 4
987 76
898 2
190 57
993 23
104 63
311 58
257 5
398 71
17 54
951 65
977 6
552 66
104 24
68 48
797 36
41 42
285 4
582 2
47 97
593 37
152 39
353 21
723 3
755 31
913 67
768 95
92 82
885 39
149 89
637 56
95 87
451 62
378 61
401 82
583 1
652 99
444 79
651 60
342 60
341 7
701 77
968 99
955 77
266 22
25 31
64 9
453 71
625 34
632 69
245 26
798 8
929 25
707 83
178 98
165 42
182 50
845 54
980 29
43 65
367 89
314 77
610 76
148 63
254 43
116 100
582 4
148 81
512 97
873 57
984 97
196 86
136 27
517 21
811 24
286 48
191 79
798 57
614 62
411 17
861 86
602 76
459 78
537 11
815 59
79 3
197 60
393 10
888 18
591 53
46 16
68 57
66 94
465 1
494 15
425 62
793 76
563 73
501 96
326 16
583 21
661 31
24 28
665 6
951 16
642 75
850 24
224 47
651 99
505 42
745 20
329 5
228 37
180 17
909 99
328 39
887 56
161 47
748 79
878 44
666 29
950 64
963 56
44 100
930 26
309 14
941 1
211 27
172 11
332 86
464 13
808 51
127 1
325 61
734 33
847 69
203 80
498 50
706 9
271 24
218 69
475 51
733 21
115 88
457 52
604 11
524 55
486 49
30 59
99 85
421 48
342 3
558 6
973 12
976 70
99 55
157 86
801 93
851 82
39 24
745 27
284 72
28 32
534 57
653 94
634 31
329 20
87 47
557 55
762 83
249 15
179 55
717 100
290 76
104 27
930 47
526 20
362 2
490 38
577 25
380 37
284 15
54 86
758 75
855 93
959 47
579 7
612 13
195 98
147 41
377 36
693 46
117 26
533 86
3 58
694 30
923 80
607 51
272 20
983 39
933 98
358 38
598 1
952 43
219 29
781 31
634 28
183 86
665 56
192 59
237 64
417 74
323 82
361 58
736 38
346 69
100 63
458 43
517 38
209 88
743 9
803 88
919 62
208 10
143 35
439 9
444 19
729 88
948 63
512 54
278 92
381 69
496 93
461 1
124 52
843 14
50 17
29 57
351 37
532 35
353 1
79 75
450 75
70 29
495 11
224 61
806 74
578 21
85 10
270 1
786 62
770 17
749 96
476 85
129 87
869 57
926 6
617 48
660 70
330 78
988 75
867 100
310 15
378 84
663 49
495 84
448 79
355 19
781 52
366 20
530 91
887 48
321 18
262 69
59 36
853 47
781 69
15 96
853 87
176 93
852 57
445 45
631 1
421 66
411 56
121 12
909 62
208 56
823 16
927 33
209 89
436 70
554 71
442 74
581 98
320 59
102 98
135 26
438 16
241 34
236 44
371 10
698 54
407 5
547 97
228 84
249 39
330 11
317 22
128 60
716 98
112 70
692 49
283 25
547 2
541 24
177 14
945 70
409 60
11 97
436 69
483 21
898 80
239 59
406 30
255 84
557 73
805 91
729 100
307 89
216 24
503 62
488 30
877 43
631 14
501 10
261 54
714 90
451 100
318 29
488 64
207 75
483 50
607 63
148 56
332 17
279 38
758 3
746 19
404 87
32 85
312 98
621 90
646 92
784 72
178 65
556 59
574 65
951 96
678 3
712 37
185 60
151 87
394 28
860 72
965 59
356 84
829 93
942 27
708 79
349 61
881 34
932 13
146 87
494 14
133 7
11 76
394 20
822 6
950 44
66 45
203 18
428 60
394 2
481 32
29 54
176 18
944 33
264 88
918 75
726 49
37 45
467 20
193 51
863 16
418 84
926 57
964 24
148 3
299 9
321 83
446 71
874 87
335 83
532 11
88 68
337 83
412 65
325 29
518 59
422 30
245 10
334 92
298 40
498 38
792 75
373 73
495 37
630 98
477 33
42 72
56 1
96 39
229 90
661 80
7 100
223 46
328 7
509 96
458 28
535 33
71 37
376 9
417 9
210 71
245 59
426 26
426 14
851 78
415 20
380 61
3 84
572 56
20 89
1000 82
897 55
395 93
290 9
899 14
155 97
955 15
968 62
648 91
6 49
526 99
849 35
212 76
552 70
351 37
125 97
683 26
275 87
293 63
554 82
337 22
356 62
788 28
428 70
999 51
804 49
125 42
364 86
718 43
400 70
20 57
903 97
762 67
454 93
520 26
922 22
914 84
372 16
208 98
858 38
96 52
36 56
729 84
745 4
286 92
1 47
617 74
64 83
769 8
499 42
447 6
407 73
683 61
253 23
293 100
947 48
886 4
116 17
498 44
731 96
132 71
509 16
759 32
773 73
567 19
676 6
523 63
973 55
524 33
757 99
697 1
836 8
644 83
665 80
669 78
13 46
301 37
781 44
640 66
647 14
343 29
458 57
275 100
539 65
145 91
344 12
656 54
120 52
973 28
506 92
559 80
237 13
664 66
379 48
35 1
757 79
614 37
519 71
307 55
977 76
82 40
175 79
980 2
844 41
804 42
663 5
560 86
1000 33
923 44
565 99
292 50
627 67
226 1
736 24
302 8
110 38
701 1
116 71
59 79
510 63
396 91
365 70
146 69
854 21
606 74
309 16
342 14
234 5
352 46
189 93
22 77
717 77
193 7
736 10
863 6
71 32
337 7
46 41
866 41
303 65
69 71
280 73
692 84
8 44
493 61
162 58
306 19
528 96
580 6
306 69
936 93
934 90
542 85
340 73
349 55
804 32
499 65
850 94
427 41
831 65
478 96
142 99
70 30
228 75
711 60
803 74
405 41
958 3
253 85
84 22
301 1
768 64
907 2
98 55
210 55
41 72
465 69
818 99
312 45
453 69
263 46
903 1
970 38
457 65
44 29
322 47
506 8
559 81
135 37
802 83
284 82
426 98
941 59
84 42
103 40
795 11
742 53
988 77
913 61
196 97
814 5
296 7
828 45
493 79
853 45
446 57
467 72
230 1
718 12
35 13
597 26
795 11
480 86
143 84
92 79
394 47
790 65
455 64
207 21
840 30
558 10
215 7
158 59
147 67
938 36
971 100
22 57
950 54
638 62
154 51
944 45
724 86
529 24
450 81
661 83
823 83
575 34
998 15
332 70
327 9
73 3
394 90
687 23
711 2
208 15
513 62
485 7
311 17
915 61
134 22
289 16
618 64
58 30
387 16
544 19
372 63
919 50
10 76
977 57
480 94
6 90
413 52
308 97
734 65
160 21
564 53
265 45
355 75
988 28
678 93
926 9
337 96
604 77
726 47
358 26
612 46
678 48
751 5
583 39
24 83
804 11
1 41
843 35
116 95
177 68
869 85
188 34
729 98
582 50
655 98
372 40
417 50
699 64
127 60
60 45
666 53
717 2
907 56
353 88
936 78
261 9
662 78
618 75
511 89
635 97
112 23
638 47
156 74
370 25
844 5
67 17
597 79
94 31
950 69
206 48
805 57
708 20
462 14
84 2
96 13
874 11
614 20
856 33
46 63
822 35
909 82
509 44
209 95
461 97
998 51
889 96
663 40
811 87
375 83
30 77
353 40
738 49
883 85
802 25
253 39
13 11
30 82
870 6
346 62
671 65
124 77
968 51
407 11
693 7
213 28
478 47
601 70
994 32
842 18
331 86
900 100
729 83
621 49
212 71
306 63
903 62
605 22
87 73
883 34
304 94
491 44
30 50
615 25
737 44
620 22
376 22
62 21
586 95
796 78
175 98
837 14
669 81
918 63
968 61
893 45
423 75
425 76
865 14
621 58
391 36
546 98
949 75
766 54
25 7
374 17
978 32
145 52
804 77
747 78
411 53
192 59
657 90
935 24
740 55
301 46
706 20
154 50
138 28
992 26
319 92
878 63
415 9
885 43
475 71
975 47
294 24
486 68
441 95
645 35
990 78
786 92
762 73
181 85
110 1
675 41
565 37
533 67
862 54
168 81
174 47
692 53
574 92
436 39
37 58
882 10
529 77
663 29
966 37
566 10
113 54
702 82
691 43
265 31
272 81
555 83
724 54
188 77
285 10
656 16
538 63
675 3
848 35
971 11
55 18
453 34
468 88
913 4
452 24
708 6
174 92
64 95
274 3
958 6
541 72
713 21
862 6
756 16
17 25
204 25
92 84
188 67
577 40
102 43
432 11
194 99
678 79
164 90
303 72
701 25
531 12
126 50
757 100
563 5
684 8
307 79
470 68
319 22
921 88
14 10
42 45
762 65
471 24
775 66
615 100
316 22
525 100
369 78
798 69
233 78
75 35
678 11
907 70
600 12
58 49
350 91
522 86
151 12
817 96
275 48
346 93
907 87
869 49
867 56
389 52
610 92
993 45
169 84
453 49
985 52
623 77
762 50
939 3
807 99
560 54
491 88
958 19
782 11
990 9
1 11
762 3
237 58
822 67
87 88
484 32
633 60
331 68
856 29
189 83
875 38
121 47
705 64
240 11
450 85
390 68
101 45
977 90
365 38
521 18
187 40
704 9
906 53
975 55
192 43
997 25
206 90
499 11
652 81
312 64
625 5
650 54
455 40
922 93
944 45
629 5
683 84
146 34
369 52
424 11
280 86
914 42
353 71
272 73
520 71
621 42
224 66
431 36
300 53
312 9
628 44
262 25
239 88
171 23
789 77
627 48
586 29
320 63
571 44
595 49
949 91
940 67
365 65
470 19
829 16
693 48
777 50
116 61
971 48
467 60
138 53
611 16
529 18
425 28
821 29
203 42
33 27
373 30
371 2
582 48
185 40
437 32
450 33
462 87
452 89
52 90
590 3
481 6
480 77
265 94
765 93
407 46
321 88
352 82
769 75
662 9
468 11
744 100
412 11
152 68
703 59
270 23
522 54
420 46
763 4
703 30
768 57
97 44
812 13
634 42
287 88
681 24
728 92
644 4
129 56
616 54
203 34
794 33
515 33
689 6
657 77
433 21
899 92
742 7
960 67
308 90
857 44
691 57
970 23
992 9
773 91
859 87
882 17
627 59
351 71
627 90
393 49
977 64
930 22
387 96
672 39
788 72
613 48
818 8
151 21
473 95
216 89
468 97
122 36
97 2
19 96
652 47
153 48
682 71
336 22
657 60
306 48
819 97
896 7
270 20
181 77
602 57
36 76
606 4
761 48
863 29
708 43
258 61
75 81
726 68
295 19
755 39
677 37
472 38
245 28
331 70
924 61
719 3
511 30
15 14
86 35
909 71
810 45
21 56
250 31
114 95
688 90
460 59
49 77
146 32
405 22
364 79
198 19
993 54
625 79
14 27
842 5
550 22
921 37
590 96
721 57
679 8
100 66
133 39
143 64
571 82
324 100
809 4
771 74
422 47
63 5
500 28
223 94
428 39
842 56
697 83
484 94
84 73
818 27
709 83
130 23
800 51
153 75
186 42
368 25
831 33
214 38
951 93
879 63
512 47
574 42
149 59
489 55
817 73
832 7
704 87
636 3
220 71
246 60
91 29
663 46
874 75
171 63
420 86
911 2
102 31
323 35
833 4
638 28
197 4
837 89
212 36
740 82
542 35
159 73
200 41
286 91
33 52
730 15
540 60
875 25
822 42
496 76
712 39
788 80
369 78
229 10
902 1
972 63
806 100
653 31
266 90
821 88
618 56
387 80
520 60
778 74
629 95
707 8
829 20
747 51
307 18
109 57
25 45
317 75
382 89
690 52
121 32
801 42
766 95
345 97
149 15
82 16
803 68
770 77
304 47
277 61
814 63
279 70
408 21
215 75
965 86
438 58
673 57
717 34
445 88
509 55
793 48
701 47
957 5
702 29
337 57
94 5
519 66
245 38
456 66
554 45
580 42
266 71
911 97
9 25
448 70
487 97
398 68
3 88
29 12
725 12
203 24
866 53
882 93
217 4
155 13
681 97
581 72
747 15
900 23
72 47
398 90
588 14
486 73
809 87
286 61
263 75
258 64
215 56
188 25
108 61
64 78
391 65
649 52
655 14
785 44
255 14
745 11
828 52
159 53
392 18
322 86
943 71
934 31
714 37
552 56
532 56
325 69
935 12
792 25
971 97
787 8
859 12
768 9
923 6
94 83
480 82
62 87
596 51
743 18
892 97
917 97
810 85
656 83
17 28
348 97
876 91
206 4
138 7
574 76
294 24
550 30
252 7
757 26
255 69
274 57
230 15
54 69
961 96
353 5
793 28
982 38
755 26
422 57
299 40
98 16
64 6
362 49
341 46
985 32
158 83
194 19
161 45
561 11
713 89
289 10
874 55
688 83
197 35
890 34
503 29
102 49
60 2
943 85
834 81
655 94
743 48
249 15
73 18
867 71
492 16
919 62
321 77
787 30
992 50
144 39
864 67
178 7
811 14
285 70
271 18
3 69
654 24
263 93
305 42
225 17
430 80
271 14
651 91
930 42
136 6
798 16
448 26
746 38
551 96
957 27
643 92
591 76
736 72
136 43
152 1
720 27
361 36
956 8
833 18
94 44
826 39
542 48
275 53
53 3
214 55
107 68
397 62
313 99
40 54
849 91
859 56
264 94
822 89
160 74
289 7
584 27
463 88
146 58
319 72
174 77
441 46
462 92
431 16
388 84
817 33
461 5
627 43
594 25
55 98
648 32
895 33
37 46
650 91
455 5
504 84
13 50
572 79
325 90
97 68
364 45
523 74
106 89
607 77
281 43
3 73
763 92
980 97
413 19
195 91
396 90
712 66
301 24
655 13
579 40
201 56
119 55
816 45
1000 88
906 49
718 82
313 73
427 52
324 29
2 30
108 28
972 52
774 72
600 18
436 60
683 9
1000 48
855 56
558 13
435 86
583 24
131 92
335 11
138 98
162 82
425 25
602 48
264 70
475 31
296 64
368 84
677 55
206 36
106 51
814 49
780 6
649 48
571 37
122 52
975 8
183 39
626 14
94 96
432 61
554 52
607 5
604 99
177 23
983 42
733 7
852 24
485 10
71 39
919 93
429 11
592 46
527 8
882 73
202 19
713 81
703 16
575 3
4 72
377 48
949 10
924 57
143 11
77 98
766 94
883 54
718 56
225 68
788 22
794 41
750 67
423 25
568 84
74 31
128 21
51 54
174 14
197 96
361 85
160 10
605 88
999 24
149 4
684 15
14 43
295 20
763 89
956 28
745 93
805 76
240 15
549 54
182 52
396 85
383 22
418 25
414 69
632 23
589 27
359 21
705 59
642 79
471 38
784 63
786 56
296 41
306 75
801 50
951 52
695 48
290 99
611 62
970 63
976 86
606 46
220 8
815 84
424 46
305 67
458 43
196 61
903 41
998 74
313 33
910 66
595 73
366 96
578 77
4 75
50 60
473 34
811 85
750 59
556 19
900 30
605 20
431 77
813 7
689 36
171 84
942 72
925 12
96 94
238 66
200 83
704 7
163 18
258 54
370 51
280 57
95 86
932 85
903 44
37 83
455 38
39 70
384 76
844 82
172 75
585 66
194 43
614 3
356 72
263 2
988 54
170 82
930 91
224 66
975 83
417 25
76 5
157 52
25 11
836 62
485 23
693 50
578 88
287 39
432 25
107 7
369 89
125 82
652 6
343 34
963 89
622 8
35 18
347 75
108 36
716 98
133 23
714 31
895 27
56 18
476 58
648 36
733 2
372 8
706 92
229 95
138 36
150 17
517 6
5 77
328 34
625 97
413 64
878 62
640 45
81 59
275 100
323 45
752 68
467 77
744 12
903 97
722 71
326 51
412 52
107 84
834 20
34 32
829 32
492 35
264 6
353 94
321 36
147 80
552 86
296 67
621 30
461 26
892 20
305 26
312 89
208 8
228 30
742 41
86 19
943 80
169 48
690 70
806 99
714 73
711 83
70 22
391 13
78 7
777 87
67 71
512 2
440 55
566 31
873 23
92 17
696 66
711 87
736 46
627 75
195 49
260 13
329 50
317 27
7 4
460 48
423 26
11 28
512 16
354 13
883 43
959 18
291 3
199 13
967 98
385 2
338 20
685 55
942 23
861 42
581 21
976 60
11 50
510 56
715 74
556 95
555 31
3 18
351 38
896 97
685 14
382 69
472 86
923 16
106 76
690 29
207 99
313 55
296 12
414 25
913 100
584 21
998 78
740 13
573 57
15 82
18 97
625 16
503 39
365 28
345 10
672 60
375 20
413 40
574 97
830 27
553 52
307 63
653 43
893 2
734 88
727 91
927 63
823 35
913 56
856 52
513 88
882 8
650 4
172 1
967 4
569 4
656 81
46 19
285 45
384 82
689 94
151 23
198 42
389 71
765 8
692 74
790 39
593 50
675 11
437 99
425 46
146 51
823 23
573 12
990 70
342 57
372 79
363 50
444 81
438 19
699 52
624 6
685 54
287 62
173 39
10 72
727 50
778 14
235 7
117 95
192 67
97 29
792 87
391 26
110 38
789 25
933 33
855 87
37 89
643 22
945 26
644 35
480 56
385 90
647 48
356 44
641 49
182 1
40 1
215 78
465 85
963 88
264 88
42 83
9 66
548 11
867 48
47 80
119 19
590 30
395 51
425 64
417 94
335 80
283 40
769 10
609 10
187 58
65 41
295 87
97 67
90 11
898 22
880 73
906 9
720 34
393 11
909 85
927 42
495 74
766 65
940 4
469 13
387 36
289 6
177 17
121 42
559 3
70 2
756 60
933 8
805 53
133 10
849 64
908 100
804 90
812 76
569 17
800 11
196 76
467 86
703 20
231 2
452 74
498 82
243 61
120 14
577 93
683 22
736 86
423 35
610 40
825 11
449 83
185 31
946 82
708 73
343 66
905 25
464 9
371 94
859 73
213 38
472 8
692 7
516 60
864 83
461 36
282 47
326 13
37 18
677 11
698 48
19 55
949 51
498 97
959 11
78 71
789 5
629 5
386 17
588 24
952 41
110 91
744 1
900 94
594 29
128 70
702 80
107 13
498 84
656 27
609 44
326 5
251 55
891 43
568 90
804 40
733 69
511 21
844 28
824 91
924 34
744 18
565 30
434 89
13 92
247 89
745 42
983 2
830 41
803 33
622 56
469 100
586 95
824 42
299 23
703 43
924 20
670 67
706 44
283 64
285 10
779 77
872 96
380 66
587 30
613 35
507 31
341 19
214 7
411 73
899 20
96 67
317 85
758 79
125 60
388 41
433 33
967 85
570 33
804 77
410 4
273 64
762 23
632 41
649 59
835 34
517 92
516 58
655 45
559 68
401 5
936 53
903 22
727 7
500 20
493 93
15 58
437 83
503 27
5 35
253 69
866 46
99 49
428 85
319 25
331 100
688 93
570 57
469 2
177 43
398 64
638 46
946 3
463 10
425 29
579 98
715 20
473 32
673 44
249 94
517 68
33 92
720 30
384 38
236 63
641 89
81 10
385 46
576 61
412 12
801 2
925 52
50 57
832 17
344 66
353 10
285 30
327 13
809 8
923 6
633 56
645 47
442 43
832 80
105 72
49 9
482 9
65 48
606 90
320 27
295 43
62 32
488 80
579 82
845 10
189 1
421 100
918 19
454 85
29 12
562 85
839 72
896 2
477 60
54 93
516 90
787 45
655 35
820 2
857 72
296 8
636 85
686 75
391 8
167 1
982 79
804 69
955 23
52 23
91 92
395 4
205 34
159 78
362 74
800 94
934 6
209 62
169 49
843 27
199 19
709 91
647 100
516 1
268 37
535 1
290 72
961 26
374 92
829 88
369 78
777 69
284 60
208 21
150 12
637 64
681 59
286 96
935 66
210 78
356 40
507 55
911 56
407 25
211 94
291 61
811 52
930 52
86 59
495 26
389 17
139 61
379 35
184 96
709 47
229 5
498 8
711 95
242 27
720 32
111 76
120 21
778 80
263 83
220 82
852 3
154 34
748 54
36 59
764 10
787 89
740 7
676 72
466 17
27 93
214 40
669 72
968 31
315 20
609 17
271 59
636 70
164 60
193 45
601 41
467 95
939 14
743 18
578 10
670 8
461 89
531 8
684 21
563 94
418 8
630 21
527 70
785 32
590 20
530 99
223 93
813 49
886 22
61 89
592 56
799 43
192 78
640 60
159 59
715 51
36 56
816 79
978 49
814 84
59 63
142 47
258 31
398 7
306 87
350 85
810 93
907 86
324 48
840 80
299 29
309 83
72 54
484 86
318 80
815 11
648 66
743 81
262 71
898 45
828 62
90 84
27 55
626 92
410 13
757 21
513 71
309 9
381 67
780 53
943 99
461 85
890 33
372 60
995 29
66 77
34 76
592 78
742 30
167 3
460 16
346 96
412 29
759 88
774 36
679 4
954 93
1000 69
769 93
397 5
420 26
733 56
460 33
994 75
156 56
317 51
933 25
889 85
811 47
777 18
11 81
982 79
154 2
260 14
722 2
517 2
704 81
809 74
594 17
262 93
174 23
445 57
746 34
997 30
729 73
564 35
808 96
319 29
49 16
647 60
642 44
755 1
216 17
282 63
878 84
190 69
404 72
493 29
265 64
610 39
385 54
395 16
834 53
150 21
848 76
145 37
872 28
464 15
529 59
217 93
707 71
401 51
157 96
986 68
311 64
993 82
205 40
626 76
710 100
760 36
464 78
314 63
208 91
326 24
419 30
758 74
429 88
345 2
446 40
24 62
157 8
741 95
816 81
689 67
10 63
264 69
512 66
296 46
903 95
349 68
865 59
127 53
345 24
301 98
990 99
286 86
532 97
780 76
48 32
96 85
262 41
605 29
312 37
809 82
659 28
871 54
48 73
625 19
709 43
376 30
207 22
29 8
614 58
358 88
935 46
436 59
947 14
553 39
885 40
148 57
632 8
557 53
353 3
630 98
730 87
504 4
222 8
90 83
37 46
57 60
713 78
376 63
499 36
709 35
955 74
189 46
433 77
401 98
370 80
598 57
567 73
449 39
861 6
880 54
888 40
783 82
822 87
662 5
305 38
498 69
952 91
383 12
124 3
725 89
889 38
64 99
333 95
803 67
654 21
392 56
705 49
772 9
905 31
117 36
705 27
176 5
5 94
761 7
221 81
177 86
905 11
640 68
97 25
983 35
834 5
195 10
481 6
588 61
809 70
643 43
993 88
827 24
951 38
933 75
694 35
737 17
615 36
17 48
877 10
238 5
336 64
438 28
663 72
124 22
582 68
220 55
415 81
362 18
326 29
84 46
965 12
709 73
421 51
965 61
647 74
644 53
800 55
846 10
148 33
598 39
477 87
906 36
171 44
520 95
370 25
981 40
909 88
729 7
925 94
329 67
332 17
103 67
567 86
723 46
288 2
561 23
950 93
837 94
413 90
869 76
28 36
965 66
854 64
759 38
936 7
36 66
813 17
348 51
683 19
951 15
890 21
886 51
658 52
227 73
247 10
806 96
946 21
959 23
583 69
88 50
463 33
89 98
921 27
939 23
897 63
991 83
210 54
780 61
463 34
369 56
732 71
554 5
474 94
462 96
329 58
336 89
720 15
569 41
443 78
263 13
660 84
882 9
961 97
775 59
431 7
633 67
880 16
166 66
666 19
551 63
781 12
449 65
122 100
635 12
116 76
538 68
126 95
240 37
306 67
731 11
829 43
467 66
657 66
520 57
277 11
882 89
80 39
702 54
290 34
526 68
632 5
806 47
153 63
258 3
863 13
838 50
129 16
399 55
980 18
327 71
768 38
688 29
820 74
698 95
46 67
557 4
637 25
942 24
303 6
712 30
704 5
612 71
3 100
34 74
722 43
123 11
299 18
782 25
48 77
367 90
415 49
121 54
728 72
645 87
839 94
950 31
351 45
898 35
331 70
53 2
707 93
271 100
738 21
554 10
264 37
970 7
627 31
692 92
457 60
443 37
729 47
904 9
781 57
870 66
192 6
219 56
712 94
965 69
653 70
971 7
423 68
93 77
114 68
819 30
327 77
694 91
643 38
78 55
425 94
29 52
870 85
370 94
468 48
226 67
315 38
581 25
930 10
652 95
511 13
130 20
797 91
583 78
953 91
560 48
166 36
204 45
851 89
425 13
660 35
903 57
699 49
507 64
645 31
889 20
656 25
333 54
276 43
123 42
738 83
12 58
341 88
554 61
826 1
378 47
924 10
672 14
485 81
451 12
881 25
378 75
590 61
211 60
128 54
155 42
776 40
675 44
737 82
563 81
687 4
302 70
850 8
40 28
52 61
695 49
405 12
17 49
558 81
627 7
671 19
348 50
550 42
371 51
599 77
46 49
531 84
351 96
983 36
339 4
485 70
98 40
435 39
35 92
8 46
522 4
174 10
200 51
246 18
496 18
622 58
144 74
656 28
753 78
818 81
731 59
573 37
96 42
644 81
988 20
590 19
915 97
860 77
35 47
753 51
26 70
954 38
328 28
565 24
817 7
805 5
205 27
804 47
704 100
156 36
759 13
158 64
903 72
905 46
9 51
663 75
516 20
198 54
396 48
963 63
929 13
346 47
580 53
374 34
515 47
551 33
561 14
770 48
660 55
438 17
103 92
273 74
98 73
408 72
474 35
759 37
553 66
799 21
501 98
178 83
701 7
860 24
935 30
685 38
442 9
543 71
126 13
579 85
482 21
93 84
17 53
65 39
231 76
470 21
442 36
818 32
11 92
568 88
749 35
366 3
578 38
253 62
717 69
283 97
956 46
214 7
807 31
195 64
583 88
623 14
706 57
595 70
772 3
613 34
199 63
481 14
478 84
559 22
342 32
791 49
387 19
186 86
955 62
667 7
310 91
473 46
422 61
517 37
891 31
385 93
811 14
898 44
631 28
402 59
295 86
210 33
220 100
875 92
899 2
203 69
186 10
188 38
549 68
292 27
850 55
728 25
437 52
690 65
601 91
676 59
699 30
351 92
478 37
604 24
408 74
727 47
67 10
890 89
874 6
333 82
712 43
941 16
258 6
133 54
33 33
230 83
504 77
728 20
761 68
145 6
576 61
365 43
887 96
653 73
10 21
756 98
117 53
773 79
784 67
706 86
649 51
865 68
489 53
558 64
249 21
725 88
825 14
449 60
655 9
505 42
401 71
379 21
283 31
428 53
851 92
90 42
248 84
335 31
261 100
761 20
698 12
25 49
908 44
512 3
462 33
426 24
318 31
725 51
7 14
562 4
626 1
172 1
710 7
347 61
254 72
961 38
445 46
178 92
904 30
290 76
474 88
351 23
860 86
17 36
662 25
286 25
601 78
38 44
991 37
563 27
732 38
484 20
402 16
769 48
221 13
724 88
938 35
167 20
954 38
185 80
201 79
162 33
599 71
982 54
125 29
595 73
786 82
361 17
62 7
839 74
594 97
957 47
177 73
713 73
354 1
859 34
154 78
205 76
769 92
496 17
224 76
11 20
335 100
323 32
493 91
880 54
86 53
333 63
592 41
784 16
645 6
375 3
632 15
886 24
589 19
279 19
481 11
330 65
127 5
807 23
345 29
838 98
91 15
404 50
663 15
126 60
238 94
768 45
319 69
127 76
865 92
231 48
163 6
25 82
737 21
951 95
841 71
111 43
328 78
920 21
949 12
438 91
373 25
781 66
482 12
302 59
731 15
457 92
618 73
523 22
569 87
599 7
788 58
551 53
846 6
838 90
85 89
373 75
116 68
856 25
964 2
240 22
650 57
263 44
270 61
203 12
855 57
295 70
566 17
464 18
20 23
316 75
786 38
537 51
365 10
141 35
186 88
223 45
412 51
159 95
624 59
397 56
654 98
287 45
137 66
608 54
555 20
716 94
844 95
489 36
844 49
485 56
147 6
986 33
135 92
860 40
260 96
391 34
856 92
528 45
39 13
193 4
484 50
602 67
129 32
741 23
103 1
442 4
424 83
717 17
266 44
280 74
838 39
423 2
175 35
671 35
388 52
885 39
167 32
743 15
591 60
758 84
524 91
267 44
174 35
56 54
580 29
540 95
96 94
686 95
156 36
75 32
878 70
801 54
294 46
109 62
255 31
958 64
315 62
921 93
130 65
97 31
180 37
962 2
849 6
323 22
172 19
800 4
784 39
511 72
881 40
875 32
227 35
714 88
512 69
65 20
604 66
388 56
497 22
72 94
992 61
434 69
423 22
611 69
955 22
40 43
274 23
418 51
690 100
348 53
981 83
66 45
487 23
930 69
290 99
600 75
497 81
69 100
938 96
975 100
822 72
864 43
145 68
318 47
905 94
140 38
413 87
992 40
245 5
175 34
646 51
476 46
413 30
232 55
574 7
62 18
390 30
913 73
496 16
360 48
211 26
321 94
330 79
614 28
926 74
31 41
980 23
836 14
869 8
881 49
15 36
745 99
246 26
571 64
656 67
529 87
25 40
73 52
80 71
408 85
154 80
856 8
37 23
18 86
72 57
927 75
775 76
601 67
552 79
674 71
283 88
16 96
844 22
534 17
842 89
552 37
131 61
465 78
888 25
564 68
305 57
232 3
196 36
910 100
51 98
511 76
364 9
213 8
239 96
794 72
619 74
928 62
638 44
122 23
932 67
218 71
933 25
615 78
445 37
654 27
62 79
825 87
210 25
717 58
864 26
898 77
246 79
118 90
34 48
548 39
898 49
928 7
394 21
844 23
521 17
520 29
483 10
811 41
465 94
327 85
449 15
840 66
383 73
412 1
255 77
913 49
841 39
844 88
209 40
643 38
249 24
895 37
790 65
119 99
99 38
45 27
800 3
571 52
522 38
799 30
817 28
845 5
146 64
321 28
974 20
688 97
283 24
874 35
37 9
850 50
410 45
77 23
804 71
993 25
978 71
974 59
813 83
420 82
525 19
916 44
365 35
608 52
105 95
250 58
856 96
559 8
24 66
830 16
426 39
963 49
899 81
333 26
914 16
172 85
19 61
387 53
135 99
986 33
24 29
522 93
458 69
255 15
895 13
917 49
708 65
289 66
258 94
975 17
370 89
83 42
995 12
700 75
115 66
356 44
179 33
892 78
631 59
398 40
307 68
153 68
770 48
733 95
857 48
705 72
7 54
593 11
151 58
20 29
215 27
209 68
536 28
265 4
741 87
904 77
870 72
556 17
810 24
10 32
326 95
29 81
232 51
593 74
512 50
717 39
422 14
985 63
889 48
248 10
733 63
139 47
522 32
346 46
107 69
790 47
125 3
155 87
29 9
426 41
429 100
363 28
802 98
79 64
861 41
152 91
130 86
925 99
531 19
948 4
14 98
693 89
539 51
996 83
959 46
889 49
585 87
734 21
500 88
840 82
902 72
991 91
34 43
536 5
493 69
989 43
964 64
293 83
683 36
168 14
162 71
234 59
989 52
809 46
737 33
569 5
291 15
482 6
122 12
697 69
329 81
300 14
469 61
119 30
500 65
990 77
356 79
163 61
977 3
770 30
814 19
519 98
135 64
46 83
653 59
589 16
291 16
914 72
118 22
652 8
760 61
483 21
839 57
834 70
215 9
3 5
108 75
899 3
368 21
806 22
462 39
846 2
960 4
68 74
578 16
325 71
63 63
373 46
483 78
855 30
697 5
94 1
76 64
868 36
754 7
589 74
961 96
554 7
242 35
202 76
594 55
525 51
836 20
87 3
742 8
290 9
744 88
837 52
253 93
541 93
884 54
923 40
143 64
252 37
373 65
958 38
991 88
594 56
334 97
757 96
646 98
655 3
6 22
224 92
251 5
984 44
177 11
43 76
578 65
933 28
917 12
183 19
670 3
823 68
640 75
217 78
804 91
919 33
462 32
455 59
762 83
217 37
880 37
884 85
413 10
41 38
767 61
926 83
610 28
459 50
667 46
5 57
403 17
504 49
416 9
929 89
553 48
213 95
70 8
85 26
373 100
478 56
141 59
439 92
871 28
703 38
152 18
360 90
208 96
286 25
504 9
251 22
473 63
899 19
650 13
987 7
764 25
593 94
589 17
177 12
587 10
706 46
665 12
228 87
562 38
592 63
687 48
228 99
446 27
153 87
351 57
638 87
468 62
192 92
986 12
800 11
974 18
575 65
601 62
254 7
386 41
205 92
256 11
869 63
476 79
808 52
735 56
784 80
944 80
534 18
538 83
169 55
323 36
369 61
185 20
789 65
180 91
359 66
829 44
388 58
643 97
649 44
187 41
877 47
232 35
329 64
776 33
348 15
5 87
99 79
467 49
886 24
21 65
743 67
354 57
201 30
108 99
416 70
926 60
73 4
947 73
742 50
561 31
607 63
469 32
731 38
329 25
301 99
565 29
497 2
104 26
928 25
108 40
799 14
995 70
228 17
284 30
391 22
83 9
415 71
241 73
183 35
479 41
493 58
46 37
215 8
683 90
392 93
960 18
444 35
266 46
904 5
17 28
347 53
859 62
447 14
926 48
327 43
454 2
625 19
275 32
945 43
22 51
618 84
56 65
949 71
441 76
365 36
496 81
132 43
732 51
580 69
208 38
987 12
617 29
563 53
643 47
186 97
380 77
834 50
869 55
865 33
47 62
578 31
651 91
725 18
877 100
895 13
846 60
941 68
162 55
875 82
117 3
893 83
344 98
475 44
950 1
696 12
443 18
213 65
988 49
554 29
795 96
675 24
682 72
920 14
110 29
832 79
245 11
472 42
830 11
173 22
926 55
900 74
811 77
643 59
593 35
504 56
316 93
407 86
631 69
608 31
309 11
411 69
149 71
783 42
80 73
768 40
503 7
887 61
167 80
946 91
129 18
910 6
596 6
781 78
690 87
641 73
437 78
289 28
534 71
139 77
668 10
300 56
467 88
21 94
350 87
901 88
838 57
563 9
122 16
690 86
931 100
611 73
1000 21
848 85
679 89
305 67
492 7
15 31
681 65
618 67
31 70
990 28
540 100
704 24
708 67
229 95
508 21
59 41
329 43
171 19
443 92
501 58
781 17
360 24
84 47
949 54
706 14
400 43
632 81
29 38
495 67
699 93
649 4
484 62
588 63
46 62
263 37
399 25
90 55
986 100
696 81
236 3
701 21
19 13
90 28
687 62
954 90
601 67
662 38
334 98
765 13
964 97
155 67
124 69
304 100
747 23
614 52
656 40
171 4
440 73
469 54
280 35
882 72
641 8
934 56
12 89
678 40
118 57
710 18
255 15
635 96
699 59
12 87
337 67
96 92
959 8
901 63
863 20
407 13
726 8
929 26
874 50
973 3
406 29
102 12
824 16
623 52
103 75
145 48
363 63
286 28
572 55
96 48
945 11
982 78
970 60
189 58
229 72
125 78
427 50
78 61
314 54
137 37
422 40
344 40
769 82
380 67
983 1
341 90
486 25
390 97
687 59
336 98
339 25
434 53
484 9
966 67
665 34
374 90
322 25
18 4
544 58
844 81
595 86
505 61
900 7
743 61
395 2
66 35
420 53
33 30
584 47
673 20
267 89
858 8
674 3
656 22
628 97
973 54
516 3
32 19
57 29
478 28
815 86
157 93
638 79
878 26
436 56
682 100
964 79
442 57
549 47
821 14
918 86
887 84
558 94
944 15
275 87
363 19
870 12
465 37
117 100
756 73
453 80
54 74
54 90
308 65
223 32
160 40
261 86
540 86
235 53
843 86
330 6
493 19
689 80
921 72
931 91
283 14
750 14
430 1
286 34
964 22
175 36
393 98
458 34
707 85
763 26
907 58
447 39
290 76
602 92
538 41
106 3
900 9
145 5
28 27
865 51
248 86
88 37
321 26
263 46
998 22
62 12
894 49
307 61
508 5
142 55
403 25
625 65
879 30
161 51
644 87
446 7
324 77
846 15
823 1
385 12
846 53
757 59
139 63
44 77
224 82
46 72
686 47
421 80
318 65
23 3
653 6
140 94
688 79
538 52
854 37
483 100
515 46
174 69
556 95
242 17
846 49
254 52
630 66
381 31
145 15
658 61
7 99
510 31
160 41
455 31
449 91
172 55
96 84
342 93
636 27
943 40
111 11
909 4
560 81
346 74
116 95
699 80
236 67
571 63
889 74
91 36
721 55
17 98
507 65
995 35
448 32
638 28
81 37
357 37
878 30
108 44
812 33
479 63
450 3
793 63
355 55
144 54
860 63
539 26
498 100
567 51
642 72
273 92
150 62
147 65
63 93
414 51
647 74
35 67
335 88
97 29
363 24
515 73
136 87
211 12
643 14
199 48
442 98
247 69
37 81
32 1
673 84
965 83
859 75
109 99
157 91
860 86
47 87
308 83
896 37
459 9
345 47
732 84
652 47
412 23
790 58
966 60
345 59
411 3
516 6
144 20
758 73
910 87
869 12
830 73
564 64
662 42
837 51
712 70
656 50
73 43
785 18
109 58
792 13
360 53
514 53
287 40
560 80
527 8
621 32
590 38
645 57
153 15
179 95
387 68
412 24
988 46
728 50
822 15
807 80
370 48
578 17
388 21
562 50
448 56
419 43
303 70
719 44
217 9
258 60
708 90
460 75
368 75
651 8
670 50
261 32
954 83
258 10
1000 78
342 9
860 62
712 6
884 66
446 92
93 81
791 41
331 1
917 100
878 100
914 10
421 85
102 81
576 28
936 60
379 76
55 73
404 83
274 46
454 23
563 8
972 63
323 48
613 18
476 82
635 17
206 39
46 42
357 79
655 29
820 9
484 32
436 47
174 5
207 53
334 40
887 38
1000 66
225 6
614 9
412 97
211 49
544 39
719 47
130 14
563 9
947 12
979 15
795 22
717 38
943 78
50 17
312 64
274 77
698 50
100 93
574 7
628 45
274 22
817 25
605 16
623 69
180 39
229 46
23 83
34 20
241 39
332 56
809 12
846 58
771 35
537 41
391 65
364 82
68 60
921 4
43 54
114 84
213 75
302 96
588 100
577 15
188 18
111 60
429 44
720 49
301 24
95 76
872 10
349 61
928 93
815 13
782 33
267 8
567 17
970 89
537 34
255 14
199 59
523 36
299 61
854 66
972 99
648 73
601 74
965 13
183 23
485 84
242 1
265 70
590 76
708 99
494 36
426 35
19 72
905 88
627 4
157 3
298 54
773 57
742 75
50 92
492 16
121 48
916 42
246 76
460 80
695 53
660 42
904 21
719 30
799 26
697 52
494 27
619 95
748 4
36 23
893 81
839 2
117 40
378 81
299 9
182 69
811 30
818 83
953 43
698 70
950 59
871 26
681 86
106 47
558 45
804 13
236 88
538 75
67 95
281 81
468 28
589 96
641 58
326 73
295 98
685 95
306 98
591 81
488 2
756 44
887 60
942 34
275 50
232 95
771 50
353 45
750 68
344 29
473 20
120 20
100 10
735 69
16 57
375 17
638 73
393 38
125 80
927 59
659 27
891 83
232 44
404 14
94 42
934 52
297 48
715 19
994 28
232 21
435 50
820 68
808 76
673 91
363 90
813 54
489 9
812 27
655 18
319 69
403 39
679 60
806 26
206 52
56 30
890 47
120 93
602 9
626 61
76 84
399 24
232 73
321 10
623 76
448 12
62 29
533 24
724 63
398 91
262 94
816 18
748 3
831 2
473 56
676 59
913 8
728 69
394 57
163 71
277 47
224 71
676 53
292 40
43 88
172 29
134 7
261 23
175 10
531 99
266 60
492 75
321 70
554 64
88 39
476 62
57 17
796 38
281 38
443 4
439 71
932 80
649 42
828 2
868 56
387 3
890 14
563 89
267 91
781 97
681 40
175 77
574 29
184 62
76 23
701 11
540 65
184 35
212 39
407 36
850 90
768 36
332 50
331 61
545 4
17 11
117 69
627 37
767 91
608 89
338 81
734 35
807 38
137 35
808 28
343 36
476 25
247 22
658 38
191 26
778 60
572 99
919 25
653 89
902 73
492 69
421 29
164 22
525 70
704 75
998 26
434 38
426 40
600 88
12 88
490 94
416 20
461 5
188 96
527 9
576 10
464 54
758 20
565 97
809 55
500 99
922 43
929 5
710 78
804 58
617 47
531 55
738 61
400 25
603 60
975 97
710 1
354 96
861 48
465 62
602 4
844 5
298 73
532 25
664 43
44 63
772 4
567 72
851 75
810 7
422 82
178 81
557 11
195 50
319 44
345 95
674 38
758 41
423 4
399 14
955 6
703 32
855 85
806 88
689 66
815 50
478 17
769 15
695 65
225 70
799 80
639 50
625 94
967 6
172 8
141 16
574 2
369 97
324 56
408 19
15 54
241 4
187 11
834 80
33 55
882 16
46 65
734 59
881 24
899 54
995 52
820 98
846 28
835 91
712 22
487 60
422 71
618 73
540 95
912 82
806 37
811 45
885 50
970 28
699 93
685 85
925 86
952 56
418 48
95 49
632 26
109 82
327 65
178 10
105 93
997 55
578 29
857 18
216 23
640 43
161 80
159 56
570 53
507 13
269 88
346 6
776 52
295 32
980 96
857 20
32 15
534 61
241 16
70 98
20 10
992 63
179 78
859 73
116 84
906 17
705 37
989 2
912 21
18 35
454 41
295 61
46 63
421 85
16 45
700 47
355 79
223 26
492 95
27 93
330 99
25 43
361 52
628 75
886 94
203 90
654 88
834 40
451 25
10 42
449 28
206 32
357 35
488 47
668 51
604 26
553 7
193 93
197 49
70 66
625 72
731 76
312 41
518 19
129 81
107 70
418 40
243 19
240 23
892 14
104 83
238 32
708 6
191 96
506 13
325 19
131 94
432 46
987 17
97 9
541 98
970 38
127 20
675 76
296 26
494 96
22 40
280 24
293 83
253 5
905 90
606 76
487 37
94 29
68 48
21 73
726 33
311 38
109 74
567 73
897 67
306 36
476 85
782 66
387 15
68 3
341 90
331 84
851 20
454 33
771 80
446 26
298 32
292 89
224 68
185 82
490 8
294 54
345 96
500 75
644 67
777 97
88 89
117 91
461 98
204 42
140 71
229 34
455 29
533 38
661 34
2 76
602 50
375 46
338 65
895 16
299 93
973 23
751 26
789 44
633 66
990 15
48 97
931 16
967 48
103 58
937 70
691 29
838 32
421 87
992 97
127 9
163 37
705 41
259 3
371 94
760 60
409 88
194 44
816 40
187 2
527 49
898 33
129 18
882 34
256 25
670 13
64 23
627 31
472 38
872 87
92 94
316 53
12 75
109 15
852 29
43 94
781 35
717 50
398 20
494 74
659 87
566 45
273 82
658 96
227 30
177 11
386 96
850 57
304 66
148 25
709 54
42 15
296 70
894 7
781 14
513 9
361 75
700 43
26 58
803 45
378 57
90 68
885 56
990 25
742 26
496 4
759 40
271 44
955 33
259 57
764 82
857 35
44 71
923 68
299 76
187 75
785 86
854 18
430 30
443 46
736 99
168 97
80 62
391 51
93 30
970 17
37 5
521 87
347 29
910 96
770 13
511 76
759 11
40 85
61 77
994 51
651 3
3 61
452 49
646 94
502 92
513 66
493 69
580 39
859 82
166 17
819 97
56 26
68 53
549 57
23 56
504 8
803 35
671 69
356 78
853 20
422 79
702 50
229 57
184 6
124 39
26 36
531 7
682 91
930 59
609 83
764 29
915 25
462 67
670 6
980 81
413 67
549 75
678 76
543 58
563 39
639 86
651 71
694 75
825 28
17 2
775 80
933 58
246 49
850 48
325 74
211 38
299 59
34 94
911 18
938 60
26 30
852 85
31 53
799 84
500 82
455 83
931 28
386 8
594 67
145 3
789 86
643 85
67 10
476 72
200 11
119 53
959 9
166 76
982 30
38 68
300 86
822 28
291 70
179 45
134 3
475 36
45 71
570 6
848 26
932 75
671 57
995 29
825 46
938 73
152 62
309 12
397 64
150 91
394 14
572 37
119 22
923 23
903 71
991 37
354 97
910 96
779 20
677 81
168 50
477 68
14 23
211 56
539 28
924 51
108 31
28 52
880 26
523 22
1 43
608 67
872 7
370 51
306 29
481 5
607 68
44 31
870 2
49 86
55 79
81 15
631 58
215 62
828 58
266 63
804 58
824 36
268 25
728 86
363 76
924 97
842 88
854 5
850 2
828 45
850 7
13 17
488 94
1 38
450 100
93 55
607 100
749 36
989 11
851 71
389 20
727 54
648 35
77 14
913 38
257 24
408 92
563 14
530 3
458 54
312 71
898 83
533 67
192 8
55 16
60 6
150 80
814 77
882 74
833 54
846 43
749 66
790 3
30 95
940 14
864 87
57 32
530 8
532 73
668 48
70 75
128 13
742 42
314 66
475 8
197 2
262 60
419 69
637 96
162 71
226 18
696 12
407 80
789 69
383 45
394 2
210 17
282 45
588 55
555 25
440 82
197 7
605 50
87 77
167 19
164 81
226 72
637 8
164 53
431 79
692 23
290 68
235 58
203 79
439 32
73 57
864 78
813 99
146 83
274 90
176 7
693 92
105 95
572 56
205 29
161 31
895 62
980 93
478 3
23 18
375 51
603 69
917 15
980 82
983 48
205 57
39 85
858 95
357 72
588 36
486 22
642 92
255 32
790 81
854 45
329 93
803 52
85 67
842 55
584 36
44 46
808 81
707 66
221 10
802 51
978 33
42 87
487 7
862 15
750 82
854 69
160 63
460 41
663 61
964 98
466 19
84 92
714 13
713 54
800 82
592 46
236 30
986 19
261 95
637 9
593 100
548 46
9 9
409 88
682 62
684 80
420 65
686 15
258 60
163 39
62 84
203 31
60 15
509 50
486 56
326 24
754 92
583 38
822 43
41 25
692 80
482 80
191 86
262 58
478 76
746 4
931 13
443 48
350 74
879 52
635 62
505 87
373 64
186 96
997 2
77 51
444 31
917 15
479 68
52 78
113 71
726 18
782 96
445 1
210 99
444 36
132 64
578 36
292 74
161 59
387 49
566 26
895 30
624 39
937 76
122 47
608 3
947 40
442 83
671 59
947 78
628 52
359 90
776 25
55 34
889 56
295 74
883 78
203 92
318 48
171 49
370 51
109 83
829 19
195 53
912 55
72 6
936 90
646 43
160 21
913 3
332 4
481 94
734 95
729 37
791 74
740 5
519 88
466 74
373 91
774 11
286 84
297 76
947 77
281 4
618 6
815 97
27 9
156 52
150 31
39 84
913 92
156 37
120 73
233 89
155 83
367 89
240 10
540 84
323 81
500 28
865 75
417 79
91 69
984 17
492 4
900 55
633 12
883 16
556 33
666 95
331 9
616 44
549 55
918 27
800 8
496 50
447 39
76 66
219 68
83 86
449 97
283 73
977 86
341 87
33 9
724 9
635 76
614 61
315 9
756 4
195 4
415 80
735 20
854 26
684 79
24 82
39 54
363 62
52 3
900 75
588 58
69 99
380 75
909 51
971 25
579 15
401 52
353 4
930 57
514 79
336 65
829 54
606 87
517 49
39 92
886 79
86 49
67 85
454 90
501 52
274 20
115 63
391 78
362 85
61 2
524 95
606 79
977 78
823 68
325 61
200 22
577 75
220 67
787 40
326 92
843 28
312 76
298 50
214 42
447 63
984 20
54 97
499 62
397 56
692 37
571 28
873 100
202 16
511 8
1 86
43 42
843 69
501 37
261 82
999 48
565 53
385 91
977 60
601 44
473 18
543 96
242 80
477 71
946 33
307 85
184 100
228 89
859 94
583 12
343 66
952 34
626 50
777 9
870 9
76 44
40 20
32 10
528 50
507 22
945 30
786 25
513 7
85 72
706 46
632 76
86 9
358 82
493 21
500 83
12 22
666 70
388 43
146 10
820 72
536 75
292 90
952 67
871 85
393 18
648 95
46 65
234 22
579 11
985 13
725 35
387 27
689 20
261 96
198 92
717 82
217 96
27 73
640 65
840 65
512 46
405 39
553 81
734 15
57 77
870 49
448 100
680 4
45 80
852 15
831 12
15 16
278 85
149 14
511 88
710 27
379 61
149 2
210 90
738 2
310 78
872 27
495 30
280 87
208 26
812 62
14 94
719 13
528 85
606 26
54 18
470 4
508 57
506 33
401 20
600 97
935 50
666 24
520 87
279 58
232 22
242 24
46 24
34 13
853 76
302 98
587 52
814 81
993 19
554 9
837 66
875 16
608 68
883 90
4 52
473 53
751 22
697 18
553 53
367 58
218 78
91 94
257 99
139 94
505 20
825 33
560 85
325 77
82 47
104 55
258 16
360 58
975 68
185 84
490 96
331 92
664 50
784 57
36 84
545 29
293 22
302 36
937 100
913 99
187 39
865 24
420 86
142 12
691 92
168 91
139 32
740 60
313 88
142 6
728 47
835 26
185 77
425 74
666 95
805 2
834 36
655 79
455 82
723 4
266 15
560 33
110 2
613 7
362 31
880 35
962 39
515 77
587 24
85 30
771 21
370 8
11 71
915 78
158 40
712 76
646 47
729 33
343 15
171 82
89 53
667 17
196 27
795 22
481 94
624 13
605 92
182 42
783 13
40 57
152 7
418 20
353 87
495 37
105 42
837 35
848 70
124 98
718 92
588 55
431 4
841 59
850 85
16 29
294 72
379 26
887 47
856 82
487 22
132 19
991 16
239 16
72 36
825 5
642 29
