3000
80 1
16 1
44 1
50 1
50 1
93 1
48 1
87 1
22 1
74 1
26 1
81 1
47 1
35 1
35 1
3 1
28 1
67 1
58 1
21 1
77 1
39 1
49 1
89 1
60 1
19 1
48 1
61 1
85 1
22 1
72 1
89 1
11 1
39 1
18 1
80 1
68 1
33 1
41 1
30 1
20 1
40 1
88 1
45 1
8 1
89 1
9 1
20 1
58 1
36 1
63 1
50 1
49 1
86 1
7 1
73 1
58 1
22 1
24 1
84 1
41 1
94 1
21 1
67 1
11 1
27 1
29 1
29 1
30 1
34 1
63 1
37 1
12 1
67 1
22 1
91 1
14 1
32 1
60 1
91 1
66 1
55 1
40 1
62 1
49 1
60 1
46 1
66 1
47 1
15 1
37 1
9 1
11 1
53 1
52 1
11 1
18 1
60 1
3 1
6 1
19 1
9 1
15 1
99 1
1 1
62 1
2 1
81 1
9 1
77 1
85 1
77 1
8 1
98 1
2 1
6 1
69 1
10 1
41 1
39 1
25 1
78 1
24 1
15 1
24 1
19 1
11 1
37 1
60 1
59 1
90 1
54 1
86 1
91 1
1 1
20 1
31 1
29 1
78 1
59 1
53 1
3 1
31 1
3 1
31 1
85 1
87 1
67 1
65 1
3 1
72 1
74 1
31 1
88 1
100 1
62 1
20 1
85 1
95 1
22 1
51 1
92 1
68 1
48 1
44 1
34 1
24 1
6 1
84 1
65 1
80 1
51 1
18 1
65 1
95 1
47 1
70 1
84 1
61 1
61 1
57 1
29 1
18 1
57 1
39 1
15 1
57 1
94 1
53 1
13 1
54 1
100 1
98 1
73 1
40 1
96 1
70 1
11 1
91 1
75 1
80 1
64 1
12 1
69 1
91 1
83 1
27 1
46 1
51 1
3 1
17 1
38 1
30 1
96 1
61 1
85 1
67 1
24 1
62 1
37 1
94 1
36 1
89 1
60 1
94 1
61 1
38 1
38 1
5 1
15 1
9 1
53 1
81 1
14 1
54 1
5 1
73 1
52 1
30 1
96 1
87 1
100 1
74 1
79 1
31 1
32 1
84 1
60 1
69 1
78 1
59 1
99 1
24 1
56 1
51 1
54 1
23 1
59 1
19 1
48 1
54 1
62 1
87 1
70 1
85 1
1 1
65 1
33 1
79 1
34 1
56 1
51 1
80 1
77 1
78 1
100 1
74 1
89 1
72 1
95 1
38 1
32 1
70 1
74 1
42 1
48 1
45 1
87 1
58 1
16 1
66 1
33 1
88 1
86 1
35 1
67 1
31 1
2 1
78 1
13 1
39 1
62 1
10 1
20 1
24 1
80 1
99 1
49 1
34 1
35 1
11 1
7 1
8 1
39 1
92 1
36 1
58 1
55 1
26 1
25 1
59 1
28 1
90 1
31 1
38 1
42 1
65 1
92 1
97 1
92 1
5 1
86 1
96 1
41 1
48 1
72 1
98 1
1 1
38 1
6 1
53 1
60 1
89 1
25 1
51 1
47 1
98 1
41 1
98 1
90 1
1 1
90 1
77 1
34 1
27 1
15 1
4 1
5 1
92 1
2 1
98 1
43 1
31 1
76 1
6 1
44 1
78 1
35 1
73 1
78 1
18 1
84 1
34 1
75 1
96 1
82 1
78 1
97 1
39 1
32 1
1 1
38 1
29 1
62 1
51 1
19 1
42 1
90 1
47 1
70 1
30 1
59 1
91 1
18 1
23 1
89 1
43 1
16 1
59 1
92 1
7 1
94 1
93 1
30 1
47 1
10 1
22 1
22 1
38 1
27 1
43 1
30 1
20 1
53 1
20 1
80 1
11 1
13 1
23 1
93 1
91 1
54 1
96 1
34 1
69 1
78 1
19 1
15 1
90 1
71 1
3 1
86 1
50 1
77 1
39 1
23 1
24 1
18 1
61 1
95 1
22 1
72 1
14 1
43 1
23 1
60 1
35 1
40 1
74 1
94 1
89 1
94 1
28 1
93 1
9 1
8 1
67 1
80 1
36 1
26 1
47 1
95 1
71 1
16 1
38 1
100 1
63 1
75 1
62 1
68 1
6 1
58 1
56 1
59 1
30 1
58 1
91 1
55 1
88 1
95 1
46 1
81 1
82 1
98 1
10 1
43 1
88 1
68 1
58 1
74 1
69 1
78 1
29 1
42 1
78 1
40 1
97 1
83 1
95 1
29 1
22 1
52 1
53 1
77 1
9 1
13 1
50 1
47 1
21 1
2 1
44 1
58 1
24 1
41 1
71 1
39 1
57 1
81 1
55 1
7 1
53 1
7 1
88 1
9 1
62 1
39 1
90 1
74 1
42 1
89 1
93 1
65 1
28 1
83 1
99 1
28 1
86 1
52 1
7 1
65 1
21 1
38 1
19 1
97 1
92 1
86 1
53 1
87 1
48 1
3 1
33 1
29 1
3 1
21 1
38 1
39 1
88 1
82 1
23 1
91 1
79 1
28 1
43 1
92 1
70 1
93 1
43 1
90 1
34 1
91 1
10 1
49 1
15 1
69 1
81 1
40 1
24 1
73 1
51 1
44 1
32 1
29 1
46 1
45 1
97 1
54 1
44 1
72 1
63 1
35 1
47 1
22 1
100 1
54 1
54 1
53 1
100 1
34 1
85 1
54 1
36 1
40 1
47 1
19 1
42 1
71 1
49 1
72 1
83 1
4 1
14 1
43 1
17 1
94 1
21 1
72 1
66 1
36 1
5 1
95 1
57 1
37 1
81 1
57 1
89 1
68 1
66 1
24 1
37 1
79 1
28 1
16 1
17 1
4 1
79 1
77 1
53 1
90 1
96 1
37 1
21 1
27 1
18 1
53 1
77 1
58 1
85 1
37 1
77 1
97 1
97 1
77 1
54 1
94 1
98 1
41 1
16 1
15 1
41 1
13 1
59 1
22 1
74 1
83 1
38 1
83 1
48 1
11 1
13 1
44 1
42 1
34 1
80 1
36 1
65 1
74 1
52 1
98 1
69 1
73 1
37 1
59 1
74 1
70 1
52 1
83 1
21 1
81 1
42 1
85 1
71 1
64 1
14 1
75 1
30 1
65 1
1 1
73 1
68 1
87 1
4 1
21 1
63 1
22 1
89 1
67 1
86 1
38 1
42 1
14 1
1 1
23 1
92 1
41 1
64 1
8 1
62 1
52 1
24 1
37 1
17 1
15 1
74 1
48 1
10 1
73 1
1 1
85 1
48 1
65 1
33 1
58 1
18 1
77 1
84 1
18 1
68 1
6 1
35 1
11 1
16 1
24 1
16 1
35 1
28 1
56 1
75 1
11 1
11 1
18 1
36 1
31 1
79 1
85 1
93 1
75 1
21 1
70 1
96 1
70 1
57 1
46 1
13 1
57 1
65 1
41 1
83 1
95 1
25 1
81 1
94 1
92 1
1 1
67 1
46 1
68 1
69 1
13 1
88 1
77 1
38 1
70 1
32 1
41 1
58 1
23 1
98 1
84 1
84 1
41 1
24 1
58 1
48 1
97 1
52 1
2 1
65 1
11 1
88 1
86 1
57 1
65 1
73 1
12 1
95 1
4 1
28 1
86 1
78 1
18 1
62 1
91 1
99 1
66 1
44 1
2 1
68 1
100 1
87 1
47 1
100 1
79 1
97 1
91 1
79 1
95 1
74 1
92 1
56 1
56 1
80 1
81 1
50 1
80 1
6 1
36 1
53 1
14 1
99 1
63 1
58 1
69 1
34 1
18 1
61 1
35 1
53 1
8 1
17 1
34 1
84 1
71 1
35 1
1 1
28 1
22 1
46 1
13 1
77 1
10 1
88 1
14 1
91 1
27 1
81 1
89 1
56 1
59 1
100 1
97 1
96 1
79 1
49 1
61 1
16 1
8 1
6 1
75 1
90 1
11 1
99 1
87 1
38 1
93 1
19 1
41 1
30 1
10 1
86 1
18 1
37 1
20 1
24 1
95 1
5 1
29 1
14 1
3 1
12 1
14 1
22 1
74 1
61 1
23 1
34 1
84 1
96 1
92 1
31 1
57 1
42 1
19 1
99 1
67 1
26 1
85 1
45 1
55 1
21 1
24 1
73 1
73 1
7 1
72 1
44 1
78 1
56 1
51 1
2 1
78 1
87 1
60 1
70 1
85 1
36 1
91 1
31 1
25 1
40 1
85 1
47 1
20 1
43 1
1 1
89 1
26 1
52 1
51 1
71 1
20 1
18 1
38 1
22 1
36 1
14 1
97 1
40 1
13 1
32 1
14 1
88 1
13 1
24 1
95 1
57 1
93 1
62 1
87 1
99 1
65 1
90 1
85 1
78 1
74 1
81 1
80 1
32 1
65 1
45 1
28 1
18 1
31 1
39 1
35 1
87 1
61 1
65 1
7 1
18 1
21 1
70 1
97 1
3 1
56 1
91 1
47 1
64 1
78 1
87 1
1 300000
24 1
35 1
78 1
64 1
71 1
62 1
98 1
95 1
40 1
78 1
26 1
62 1
85 1
73 1
6 1
6 1
7 1
58 1
96 1
40 1
100 1
99 1
91 1
61 1
35 1
69 1
97 1
82 1
76 1
32 1
42 1
55 1
21 1
77 1
37 1
59 1
6 1
52 1
45 1
76 1
22 1
70 1
98 1
86 1
25 1
85 1
80 1
41 1
53 1
68 1
87 1
99 1
55 1
18 1
85 1
45 1
25 1
96 1
74 1
19 1
77 1
70 1
7 1
15 1
7 1
1 1
9 1
44 1
37 1
15 1
35 1
66 1
23 1
34 1
16 1
27 1
84 1
68 1
13 1
67 1
78 1
87 1
71 1
76 1
35 1
23 1
34 1
17 1
17 1
82 1
69 1
50 1
76 1
47 1
16 1
17 1
16 1
21 1
56 1
69 1
92 1
31 1
58 1
58 1
100 1
91 1
59 1
20 1
29 1
1 1
80 1
10 1
97 1
25 1
85 1
83 1
84 1
78 1
38 1
20 1
22 1
15 1
8 1
49 1
32 1
99 1
31 1
11 1
92 1
91 1
35 1
58 1
83 1
96 1
77 1
98 1
66 1
48 1
53 1
28 1
61 1
26 1
80 1
97 1
33 1
29 1
58 1
7 1
30 1
58 1
70 1
50 1
9 1
72 1
65 1
17 1
39 1
25 1
36 1
51 1
85 1
5 1
99 1
12 1
3 1
18 1
24 1
84 1
95 1
1 1
68 1
41 1
14 1
47 1
31 1
57 1
15 1
88 1
16 1
15 1
84 1
56 1
72 1
55 1
2 1
20 1
58 1
82 1
21 1
88 1
34 1
91 1
56 1
94 1
97 1
11 1
30 1
20 1
100 1
62 1
14 1
35 1
20 1
74 1
54 1
37 1
71 1
19 1
81 1
28 1
79 1
46 1
40 1
75 1
57 1
35 1
86 1
13 1
50 1
97 1
35 1
16 1
48 1
86 1
70 1
30 1
71 1
7 1
24 1
39 1
78 1
34 1
13 1
26 1
69 1
70 1
82 1
28 1
61 1
15 1
78 1
16 1
64 1
18 1
73 1
35 1
5 1
40 1
1 1
96 1
49 1
44 1
74 1
99 1
22 1
94 1
3 1
23 1
60 1
32 1
27 1
27 1
2 1
50 1
35 1
38 1
23 1
97 1
28 1
20 1
77 1
78 1
57 1
55 1
82 1
26 1
43 1
69 1
72 1
72 1
47 1
2 1
9 1
29 1
60 1
93 1
22 1
75 1
36 1
22 1
98 1
94 1
66 1
47 1
83 1
14 1
84 1
22 1
31 1
52 1
58 1
75 1
21 1
43 1
82 1
89 1
39 1
41 1
93 1
24 1
80 1
85 1
80 1
54 1
31 1
86 1
50 1
18 1
30 1
87 1
59 1
16 1
15 1
77 1
47 1
81 1
6 1
81 1
21 1
22 1
92 1
55 1
71 1
19 1
12 1
47 1
20 1
2 1
37 1
10 1
45 1
62 1
22 1
85 1
16 1
62 1
58 1
77 1
33 1
57 1
53 1
95 1
71 1
31 1
35 1
41 1
63 1
20 1
24 1
57 1
65 1
67 1
48 1
57 1
95 1
42 1
89 1
27 1
48 1
15 1
75 1
57 1
9 1
57 1
62 1
29 1
27 1
28 1
80 1
86 1
31 1
57 1
16 1
60 1
78 1
36 1
79 1
25 1
88 1
72 1
61 1
99 1
92 1
78 1
86 1
31 1
96 1
100 1
14 1
22 1
52 1
90 1
44 1
83 1
74 1
99 1
36 1
25 1
44 1
40 1
32 1
29 1
99 1
30 1
63 1
49 1
93 1
34 1
60 1
41 1
78 1
58 1
12 1
17 1
36 1
65 1
39 1
80 1
68 1
11 1
66 1
75 1
24 1
26 1
32 1
65 1
14 1
92 1
46 1
34 1
55 1
78 1
96 1
44 1
24 1
52 1
62 1
28 1
38 1
71 1
91 1
80 1
73 1
14 1
42 1
73 1
90 1
24 1
85 1
32 1
42 1
57 1
48 1
26 1
64 1
63 1
23 1
56 1
85 1
52 1
69 1
67 1
5 1
9 1
96 1
100 1
27 1
62 1
98 1
66 1
41 1
30 1
77 1
9 1
95 1
90 1
85 1
77 1
3 1
44 1
47 1
42 1
78 1
86 1
80 1
21 1
80 1
79 1
95 1
88 1
25 1
12 1
49 1
87 1
99 1
90 1
4 1
88 1
61 1
65 1
77 1
33 1
40 1
35 1
19 1
72 1
49 1
49 1
46 1
95 1
84 1
1 1
95 1
91 1
73 1
7 1
4 1
5 1
89 1
91 1
21 1
65 1
56 1
17 1
2 1
9 1
98 1
67 1
36 1
28 1
13 1
28 1
26 1
99 1
79 1
46 1
14 1
88 1
24 1
68 1
2 1
42 1
97 1
59 1
43 1
88 1
52 1
97 1
81 1
25 1
13 1
55 1
73 1
73 1
83 1
27 1
13 1
1 1
22 1
74 1
54 1
68 1
100 1
83 1
93 1
38 1
12 1
66 1
53 1
55 1
90 1
39 1
98 1
85 1
67 1
74 1
49 1
66 1
76 1
94 1
95 1
31 1
86 1
67 1
12 1
71 1
92 1
14 1
39 1
79 1
48 1
35 1
66 1
79 1
76 1
26 1
45 1
25 1
99 1
33 1
24 1
46 1
1 1
69 1
51 1
43 1
73 1
88 1
19 1
88 1
40 1
2 1
48 1
71 1
45 1
62 1
1 1
95 1
55 1
69 1
5 1
13 1
11 1
64 1
23 1
61 1
24 1
17 1
70 1
36 1
8 1
26 1
9 1
10 1
93 1
76 1
46 1
87 1
57 1
35 1
3 1
40 1
67 1
86 1
62 1
100 1
38 1
12 1
93 1
59 1
23 1
91 1
10 1
24 1
4 1
62 1
23 1
39 1
61 1
81 1
75 1
48 1
15 1
65 1
86 1
74 1
86 1
95 1
42 1
37 1
13 1
35 1
96 1
37 1
18 1
78 1
81 1
69 1
21 1
31 1
39 1
52 1
32 1
96 1
19 1
85 1
78 1
20 1
9 1
68 1
38 1
4 1
89 1
41 1
5 1
5 1
28 1
41 1
82 1
73 1
65 1
68 1
97 1
100 1
39 1
20 1
83 1
74 1
68 1
34 1
55 1
70 1
84 1
40 1
1 1
16 1
70 1
20 1
41 1
20 1
70 1
25 1
38 1
41 1
61 1
96 1
68 1
43 1
4 1
90 1
66 1
73 1
12 1
5 1
21 1
29 1
17 1
56 1
87 1
33 1
8 1
52 1
12 1
20 1
71 1
67 1
32 1
94 1
71 1
5 1
60 1
29 1
39 1
16 1
77 1
6 1
60 1
95 1
4 1
15 1
76 1
77 1
5 1
71 1
51 1
23 1
56 1
11 1
62 1
38 1
88 1
78 1
3 1
81 1
71 1
10 1
34 1
51 1
7 1
88 1
99 1
68 1
58 1
6 1
95 1
74 1
2 1
80 1
75 1
22 1
22 1
94 1
4 1
35 1
49 1
57 1
22 1
52 1
30 1
24 1
51 1
89 1
74 1
96 1
80 1
80 1
17 1
10 1
7 1
88 1
95 1
69 1
4 1
86 1
19 1
99 1
63 1
57 1
96 1
8 1
15 1
62 1
35 1
95 1
43 1
73 1
33 1
35 1
31 1
71 1
27 1
34 1
5 1
54 1
70 1
40 1
82 1
11 1
44 1
27 1
15 1
51 1
45 1
25 1
3 1
91 1
80 1
44 1
11 1
50 1
73 1
99 1
10 1
3 1
67 1
68 1
42 1
77 1
73 1
22 1
58 1
10 1
93 1
98 1
92 1
7 1
30 1
23 1
74 1
37 1
55 1
8 1
82 1
89 1
89 1
56 1
86 1
64 1
41 1
66 1
55 1
66 1
79 1
24 1
12 1
33 1
50 1
7 1
46 1
8 1
67 1
53 1
51 1
54 1
29 1
61 1
24 1
48 1
43 1
27 1
43 1
22 1
59 1
40 1
24 1
27 1
44 1
76 1
11 1
40 1
57 1
81 1
56 1
43 1
95 1
20 1
89 1
43 1
20 1
41 1
96 1
7 1
96 1
72 1
31 1
36 1
93 1
56 1
60 1
5 1
30 1
94 1
93 1
33 1
73 1
47 1
55 1
68 1
6 1
13 1
8 1
3 1
40 1
90 1
17 1
46 1
33 1
89 1
34 1
24 1
25 1
40 1
26 1
88 1
27 1
41 1
87 1
42 1
4 1
7 1
1 1
30 1
46 1
33 1
51 1
36 1
23 1
93 1
83 1
91 1
57 1
10 1
78 1
90 1
62 1
88 1
91 1
67 1
38 1
94 1
57 1
70 1
20 1
13 1
68 1
43 1
6 1
34 1
78 1
1 300000
10 1
35 1
25 1
97 1
4 1
76 1
15 1
63 1
1 1
43 1
82 1
11 1
49 1
62 1
24 1
89 1
89 1
52 1
56 1
74 1
23 1
90 1
64 1
90 1
75 1
65 1
7 1
48 1
41 1
63 1
39 1
36 1
29 1
21 1
13 1
42 1
32 1
42 1
76 1
95 1
99 1
72 1
57 1
39 1
76 1
65 1
24 1
84 1
40 1
96 1
65 1
6 1
59 1
98 1
94 1
85 1
37 1
31 1
10 1
88 1
27 1
11 1
59 1
60 1
38 1
50 1
61 1
74 1
48 1
94 1
16 1
36 1
2 1
60 1
97 1
60 1
80 1
98 1
96 1
71 1
35 1
39 1
74 1
75 1
48 1
7 1
38 1
13 1
52 1
96 1
47 1
4 1
23 1
47 1
10 1
22 1
32 1
72 1
47 1
79 1
11 1
20 1
98 1
91 1
83 1
64 1
25 1
64 1
45 1
72 1
39 1
34 1
16 1
83 1
33 1
13 1
85 1
93 1
19 1
67 1
21 1
45 1
82 1
8 1
26 1
48 1
25 1
63 1
53 1
93 1
41 1
85 1
8 1
35 1
51 1
88 1
18 1
47 1
98 1
37 1
33 1
82 1
64 1
22 1
78 1
88 1
79 1
97 1
97 1
67 1
21 1
60 1
45 1
72 1
21 1
8 1
12 1
77 1
46 1
95 1
96 1
77 1
100 1
68 1
50 1
93 1
67 1
76 1
85 1
83 1
16 1
57 1
83 1
6 1
100 1
58 1
67 1
72 1
40 1
50 1
34 1
70 1
93 1
25 1
27 1
77 1
6 1
7 1
33 1
77 1
34 1
99 1
8 1
46 1
70 1
48 1
79 1
75 1
3 1
22 1
61 1
50 1
17 1
100 1
9 1
5 1
86 1
33 1
81 1
11 1
32 1
39 1
73 1
77 1
49 1
16 1
70 1
69 1
20 1
3 1
15 1
76 1
61 1
27 1
89 1
79 1
87 1
91 1
58 1
100 1
77 1
15 1
26 1
37 1
76 1
37 1
1 1
22 1
78 1
11 1
69 1
38 1
59 1
79 1
19 1
96 1
66 1
5 1
81 1
65 1
82 1
90 1
63 1
84 1
14 1
3 1
87 1
14 1
76 1
7 1
81 1
15 1
75 1
64 1
63 1
40 1
11 1
35 1
29 1
84 1
45 1
23 1
31 1
45 1
16 1
27 1
1 1
69 1
85 1
87 1
67 1
91 1
55 1
55 1
59 1
92 1
94 1
18 1
5 1
46 1
50 1
54 1
66 1
4 1
45 1
98 1
54 1
61 1
74 1
54 1
35 1
99 1
70 1
73 1
21 1
80 1
87 1
88 1
79 1
68 1
12 1
76 1
38 1
77 1
36 1
83 1
59 1
78 1
17 1
36 1
95 1
27 1
13 1
32 1
59 1
81 1
99 1
67 1
84 1
13 1
61 1
51 1
42 1
60 1
51 1
34 1
41 1
52 1
43 1
11 1
34 1
1 1
15 1
7 1
2 1
64 1
65 1
53 1
100 1
99 1
11 1
91 1
62 1
70 1
56 1
89 1
32 1
94 1
13 1
40 1
40 1
14 1
4 1
79 1
46 1
41 1
97 1
49 1
48 1
24 1
46 1
90 1
78 1
6 1
29 1
35 1
74 1
1 1
18 1
40 1
89 1
96 1
19 1
86 1
63 1
43 1
60 1
17 1
84 1
24 1
29 1
7 1
9 1
91 1
75 1
84 1
22 1
1 1
36 1
33 1
48 1
19 1
47 1
66 1
47 1
55 1
51 1
35 1
66 1
43 1
13 1
14 1
17 1
93 1
100 1
95 1
5 1
71 1
96 1
53 1
40 1
84 1
51 1
79 1
80 1
79 1
86 1
9 1
20 1
78 1
5 1
70 1
100 1
17 1
85 1
24 1
5 1
53 1
43 1
2 1
93 1
53 1
5 1
40 1
45 1
97 1
24 1
63 1
48 1
40 1
21 1
80 1
51 1
21 1
47 1
86 1
46 1
20 1
85 1
92 1
67 1
97 1
58 1
13 1
14 1
58 1
88 1
93 1
42 1
38 1
29 1
52 1
73 1
4 1
88 1
79 1
15 1
98 1
77 1
4 1
2 1
92 1
85 1
26 1
96 1
13 1
50 1
79 1
98 1
65 1
63 1
66 1
66 1
64 1
64 1
89 1
51 1
36 1
75 1
50 1
75 1
80 1
1 1
22 1
24 1
74 1
96 1
87 1
43 1
68 1
59 1
4 1
30 1
26 1
25 1
65 1
80 1
72 1
57 1
31 1
30 1
72 1
48 1
61 1
99 1
67 1
3 1
92 1
26 1
6 1
52 1
17 1
46 1
83 1
12 1
68 1
65 1
50 1
2 1
14 1
23 1
62 1
82 1
17 1
46 1
100 1
66 1
16 1
34 1
43 1
28 1
31 1
39 1
7 1
6 1
99 1
22 1
77 1
70 1
87 1
3 1
79 1
15 1
59 1
25 1
82 1
79 1
67 1
18 1
27 1
17 1
8 1
25 1
19 1
75 1
69 1
16 1
31 1
25 1
43 1
16 1
3 1
89 1
93 1
21 1
43 1
45 1
99 1
69 1
50 1
77 1
11 1
98 1
25 1
48 1
88 1
9 1
47 1
84 1
16 1
7 1
8 1
94 1
10 1
96 1
58 1
79 1
57 1
56 1
90 1
5 1
54 1
11 1
63 1
29 1
49 1
75 1
63 1
9 1
77 1
49 1
23 1
46 1
69 1
79 1
72 1
27 1
61 1
21 1
79 1
75 1
32 1
55 1
4 1
20 1
57 1
59 1
84 1
50 1
46 1
36 1
10 1
100 1
6 1
29 1
66 1
100 1
50 1
1 1
55 1
83 1
43 1
48 1
15 1
15 1
38 1
67 1
3 1
12 1
82 1
9 1
12 1
59 1
53 1
89 1
32 1
26 1
82 1
14 1
84 1
58 1
72 1
76 1
79 1
93 1
97 1
10 1
87 1
20 1
71 1
3 1
16 1
91 1
100 1
31 1
29 1
35 1
65 1
30 1
62 1
58 1
96 1
51 1
14 1
13 1
37 1
36 1
19 1
80 1
13 1
37 1
26 1
86 1
44 1
48 1
44 1
54 1
74 1
16 1
36 1
70 1
4 1
82 1
53 1
95 1
50 1
36 1
52 1
74 1
66 1
94 1
51 1
4 1
98 1
47 1
86 1
73 1
63 1
27 1
99 1
88 1
72 1
82 1
62 1
33 1
38 1
75 1
11 1
46 1
26 1
38 1
54 1
95 1
63 1
45 1
77 1
97 1
89 1
79 1
52 1
11 1
30 1
31 1
26 1
81 1
26 1
28 1
59 1
43 1
28 1
91 1
13 1
97 1
79 1
76 1
28 1
11 1
1 1
32 1
40 1
16 1
91 1
95 1
15 1
4 1
81 1
97 1
9 1
38 1
7 1
55 1
79 1
39 1
13 1
68 1
5 1
8 1
62 1
49 1
1 1
87 1
53 1
62 1
11 1
92 1
46 1
28 1
41 1
45 1
51 1
45 1
53 1
5 1
48 1
29 1
27 1
70 1
13 1
47 1
78 1
97 1
91 1
31 1
69 1
68 1
44 1
81 1
62 1
93 1
38 1
93 1
8 1
38 1
77 1
72 1
51 1
97 1
83 1
18 1
2 1
77 1
77 1
94 1
28 1
40 1
25 1
12 1
29 1
32 1
33 1
5 1
20 1
92 1
22 1
54 1
37 1
18 1
20 1
100 1
29 1
35 1
25 1
68 1
14 1
89 1
58 1
58 1
97 1
76 1
94 1
7 1
94 1
59 1
37 1
7 1
100 1
37 1
94 1
41 1
95 1
89 1
36 1
82 1
79 1
83 1
79 1
46 1
84 1
27 1
11 1
5 1
96 1
18 1
45 1
9 1
81 1
98 1
77 1
57 1
22 1
32 1
78 1
30 1
83 1
60 1
60 1
65 1
63 1
4 1
72 1
38 1
29 1
9 1
37 1
91 1
7 1
66 1
31 1
6 1
93 1
45 1
55 1
29 1
9 1
19 1
62 1
78 1
7 1
89 1
34 1
8 1
8 1
4 1
32 1
99 1
18 1
63 1
44 1
2 1
69 1
34 1
21 1
55 1
70 1
20 1
71 1
46 1
64 1
77 1
49 1
10 1
28 1
35 1
62 1
54 1
76 1
3 1
86 1
64 1
22 1
47 1
50 1
50 1
43 1
75 1
44 1
4 1
31 1
64 1
59 1
2 1
27 1
12 1
49 1
67 1
90 1
17 1
95 1
63 1
16 1
91 1
93 1
10 1
38 1
77 1
12 1
16 1
58 1
22 1
73 1
82 1
89 1
24 1
66 1
25 1
23 1
64 1
1 1
9 1
37 1
73 1
45 1
1 1
4 1
11 1
10 1
79 1
93 1
56 1
1 300000
