5000
999 101
998 102
997 103
996 104
995 105
994 106
993 107
992 108
991 109
990 110
989 111
988 112
987 113
986 114
985 115
984 116
983 117
982 118
981 119
980 120
979 121
978 122
977 123
976 124
975 125
974 126
973 127
972 128
971 129
970 130
969 131
968 132
967 133
966 134
965 135
964 136
963 137
962 138
961 139
960 140
959 141
958 142
957 143
956 144
955 145
954 146
953 147
952 148
951 149
950 150
949 151
948 152
947 153
946 154
945 155
944 156
943 157
942 158
941 159
940 160
939 161
938 162
937 163
936 164
935 165
934 166
933 167
932 168
931 169
930 170
929 171
928 172
927 173
926 174
925 175
924 176
923 177
922 178
921 179
920 180
919 181
918 182
917 183
916 184
915 185
914 186
913 187
912 188
911 189
910 190
909 191
908 192
907 193
906 194
905 195
904 196
903 197
902 198
901 199
900 100
899 101
898 102
897 103
896 104
895 105
894 106
893 107
892 108
891 109
890 110
889 111
888 112
887 113
886 114
885 115
884 116
883 117
882 118
881 119
880 120
879 121
878 122
877 123
876 124
875 125
874 126
873 127
872 128
871 129
870 130
869 131
868 132
867 133
866 134
865 135
864 136
863 137
862 138
861 139
860 140
859 141
858 142
857 143
856 144
855 145
854 146
853 147
852 148
851 149
850 150
849 151
848 152
847 153
846 154
845 155
844 156
843 157
842 158
841 159
840 160
839 161
838 162
837 163
836 164
835 165
834 166
833 167
832 168
831 169
830 170
829 171
828 172
827 173
826 174
825 175
824 176
823 177
822 178
821 179
820 180
819 181
818 182
817 183
816 184
815 185
814 186
813 187
812 188
811 189
810 190
809 191
808 192
807 193
806 194
805 195
804 196
803 197
802 198
801 199
800 100
799 101
798 102
797 103
796 104
795 105
794 106
793 107
792 108
791 109
790 110
789 111
788 112
787 113
786 114
785 115
784 116
783 117
782 118
781 119
780 120
779 121
778 122
777 123
776 124
775 125
774 126
773 127
772 128
771 129
770 130
769 131
768 132
767 133
766 134
765 135
764 136
763 137
762 138
761 139
760 140
759 141
758 142
757 143
756 144
755 145
754 146
753 147
752 148
751 149
750 150
749 151
748 152
747 153
746 154
745 155
744 156
743 157
742 158
741 159
740 160
739 161
738 162
737 163
736 164
735 165
734 166
733 167
732 168
731 169
730 170
729 171
728 172
727 173
726 174
725 175
724 176
723 177
722 178
721 179
720 180
719 181
718 182
717 183
716 184
715 185
714 186
713 187
712 188
711 189
710 190
709 191
708 192
707 193
706 194
705 195
704 196
703 197
702 198
701 199
700 100
699 101
698 102
697 103
696 104
695 105
694 106
693 107
692 108
691 109
690 110
689 111
688 112
687 113
686 114
685 115
684 116
683 117
682 118
681 119
680 120
679 121
678 122
677 123
676 124
675 125
674 126
673 127
672 128
671 129
670 130
669 131
668 132
667 133
666 134
665 135
664 136
663 137
662 138
661 139
660 140
659 141
658 142
657 143
656 144
655 145
654 146
653 147
652 148
651 149
650 150
649 151
648 152
647 153
646 154
645 155
644 156
643 157
642 158
641 159
640 160
639 161
638 162
637 163
636 164
635 165
634 166
633 167
632 168
631 169
630 170
629 171
628 172
627 173
626 174
625 175
624 176
623 177
622 178
621 179
620 180
619 181
618 182
617 183
616 184
615 185
614 186
613 187
612 188
611 189
610 190
609 191
608 192
607 193
606 194
605 195
604 196
603 197
602 198
601 199
600 100
599 101
598 102
597 103
596 104
595 105
594 106
593 107
592 108
591 109
590 110
589 111
588 112
587 113
586 114
585 115
584 116
583 117
582 118
581 119
580 120
579 121
578 122
577 123
576 124
575 125
574 126
573 127
572 128
571 129
570 130
569 131
568 132
567 133
566 134
565 135
564 136
563 137
562 138
561 139
560 140
559 141
558 142
557 143
556 144
555 145
554 146
553 147
552 148
551 149
550 150
549 151
548 152
547 153
546 154
545 155
544 156
543 157
542 158
541 159
540 160
539 161
538 162
537 163
536 164
535 165
534 166
533 167
532 168
531 169
530 170
529 171
528 172
527 173
526 174
525 175
524 176
523 177
522 178
521 179
520 180
519 181
518 182
517 183
516 184
515 185
514 186
513 187
512 188
511 189
510 190
509 191
508 192
507 193
506 194
505 195
504 196
503 197
502 198
501 199
500 100
499 101
498 102
497 103
496 104
495 105
494 106
493 107
492 108
491 109
490 110
489 111
488 112
487 113
486 114
485 115
484 116
483 117
482 118
481 119
480 120
479 121
478 122
477 123
476 124
475 125
474 126
473 127
472 128
471 129
470 130
469 131
468 132
467 133
466 134
465 135
464 136
463 137
462 138
461 139
460 140
459 141
458 142
457 143
456 144
455 145
454 146
453 147
452 148
451 149
450 150
449 151
448 152
447 153
446 154
445 155
444 156
443 157
442 158
441 159
440 160
439 161
438 162
437 163
436 164
435 165
434 166
433 167
432 168
431 169
430 170
429 171
428 172
427 173
426 174
425 175
424 176
423 177
422 178
421 179
420 180
419 181
418 182
417 183
416 184
415 185
414 186
413 187
412 188
411 189
410 190
409 191
408 192
407 193
406 194
405 195
404 196
403 197
402 198
401 199
400 100
399 101
398 102
397 103
396 104
395 105
394 106
393 107
392 108
391 109
390 110
389 111
388 112
387 113
386 114
385 115
384 116
383 117
382 118
381 119
380 120
379 121
378 122
377 123
376 124
375 125
374 126
373 127
372 128
371 129
370 130
369 131
368 132
367 133
366 134
365 135
364 136
363 137
362 138
361 139
360 140
359 141
358 142
357 143
356 144
355 145
354 146
353 147
352 148
351 149
350 150
349 151
348 152
347 153
346 154
345 155
344 156
343 157
342 158
341 159
340 160
339 161
338 162
337 163
336 164
335 165
334 166
333 167
332 168
331 169
330 170
329 171
328 172
327 173
326 174
325 175
324 176
323 177
322 178
321 179
320 180
319 181
318 182
317 183
316 184
315 185
314 186
313 187
312 188
311 189
310 190
309 191
308 192
307 193
306 194
305 195
304 196
303 197
302 198
301 199
300 100
299 101
298 102
297 103
296 104
295 105
294 106
293 107
292 108
291 109
290 110
289 111
288 112
287 113
286 114
285 115
284 116
283 117
282 118
281 119
280 120
279 121
278 122
277 123
276 124
275 125
274 126
273 127
272 128
271 129
270 130
269 131
268 132
267 133
266 134
265 135
264 136
263 137
262 138
261 139
260 140
259 141
258 142
257 143
256 144
255 145
254 146
253 147
252 148
251 149
250 150
249 151
248 152
247 153
246 154
245 155
244 156
243 157
242 158
241 159
240 160
239 161
238 162
237 163
236 164
235 165
234 166
233 167
232 168
231 169
230 170
229 171
228 172
227 173
226 174
225 175
224 176
223 177
222 178
221 179
220 180
219 181
218 182
217 183
216 184
215 185
214 186
213 187
212 188
211 189
210 190
209 191
208 192
207 193
206 194
205 195
204 196
203 197
202 198
201 199
200 100
199 101
198 102
197 103
196 104
195 105
194 106
193 107
192 108
191 109
190 110
189 111
188 112
187 113
186 114
185 115
184 116
183 117
182 118
181 119
180 120
179 121
178 122
177 123
176 124
175 125
174 126
173 127
172 128
171 129
170 130
169 131
168 132
167 133
166 134
165 135
164 136
163 137
162 138
161 139
160 140
159 141
158 142
157 143
156 144
155 145
154 146
153 147
152 148
151 149
150 150
149 151
148 152
147 153
146 154
145 155
144 156
143 157
142 158
141 159
140 160
139 161
138 162
137 163
136 164
135 165
134 166
133 167
132 168
131 169
130 170
129 171
128 172
127 173
126 174
125 175
124 176
123 177
122 178
121 179
120 180
119 181
118 182
117 183
116 184
115 185
114 186
113 187
112 188
111 189
110 190
109 191
108 192
107 193
106 194
105 195
104 196
103 197
102 198
101 199
100 100
99 101
98 102
97 103
96 104
95 105
94 106
93 107
92 108
91 109
90 110
89 111
88 112
87 113
86 114
85 115
84 116
83 117
82 118
81 119
80 120
79 121
78 122
77 123
76 124
75 125
74 126
73 127
72 128
71 129
70 130
69 131
68 132
67 133
66 134
65 135
64 136
63 137
62 138
61 139
60 140
59 141
58 142
57 143
56 144
55 145
54 146
53 147
52 148
51 149
50 150
49 151
48 152
47 153
46 154
45 155
44 156
43 157
42 158
41 159
40 160
39 161
38 162
37 163
36 164
35 165
34 166
33 167
32 168
31 169
30 170
29 171
28 172
27 173
26 174
25 175
24 176
23 177
22 178
21 179
20 180
19 181
18 182
17 183
16 184
15 185
14 186
13 187
12 188
11 189
10 190
9 191
8 192
7 193
6 194
5 195
4 196
3 197
2 198
1 199
0 100
999 101
998 102
997 103
996 104
995 105
994 106
993 107
992 108
991 109
990 110
989 111
988 112
987 113
986 114
985 115
984 116
983 117
982 118
981 119
980 120
979 121
978 122
977 123
976 124
975 125
974 126
973 127
972 128
971 129
970 130
969 131
968 132
967 133
966 134
965 135
964 136
963 137
962 138
961 139
960 140
959 141
958 142
957 143
956 144
955 145
954 146
953 147
952 148
951 149
950 150
949 151
948 152
947 153
946 154
945 155
944 156
943 157
942 158
941 159
940 160
939 161
938 162
937 163
936 164
935 165
934 166
933 167
932 168
931 169
930 170
929 171
928 172
927 173
926 174
925 175
924 176
923 177
922 178
921 179
920 180
919 181
918 182
917 183
916 184
915 185
914 186
913 187
912 188
911 189
910 190
909 191
908 192
907 193
906 194
905 195
904 196
903 197
902 198
901 199
900 100
899 101
898 102
897 103
896 104
895 105
894 106
893 107
892 108
891 109
890 110
889 111
888 112
887 113
886 114
885 115
884 116
883 117
882 118
881 119
880 120
879 121
878 122
877 123
876 124
875 125
874 126
873 127
872 128
871 129
870 130
869 131
868 132
867 133
866 134
865 135
864 136
863 137
862 138
861 139
860 140
859 141
858 142
857 143
856 144
855 145
854 146
853 147
852 148
851 149
850 150
849 151
848 152
847 153
846 154
845 155
844 156
843 157
842 158
841 159
840 160
839 161
838 162
837 163
836 164
835 165
834 166
833 167
832 168
831 169
830 170
829 171
828 172
827 173
826 174
825 175
824 176
823 177
822 178
821 179
820 180
819 181
818 182
817 183
816 184
815 185
814 186
813 187
812 188
811 189
810 190
809 191
808 192
807 193
806 194
805 195
804 196
803 197
802 198
801 199
800 100
799 101
798 102
797 103
796 104
795 105
794 106
793 107
792 108
791 109
790 110
789 111
788 112
787 113
786 114
785 115
784 116
783 117
782 118
781 119
780 120
779 121
778 122
777 123
776 124
775 125
774 126
773 127
772 128
771 129
770 130
769 131
768 132
767 133
766 134
765 135
764 136
763 137
762 138
761 139
760 140
759 141
758 142
757 143
756 144
755 145
754 146
753 147
752 148
751 149
750 150
749 151
748 152
747 153
746 154
745 155
744 156
743 157
742 158
741 159
740 160
739 161
738 162
737 163
736 164
735 165
734 166
733 167
732 168
731 169
730 170
729 171
728 172
727 173
726 174
725 175
724 176
723 177
722 178
721 179
720 180
719 181
718 182
717 183
716 184
715 185
714 186
713 187
712 188
711 189
710 190
709 191
708 192
707 193
706 194
705 195
704 196
703 197
702 198
701 199
700 100
699 101
698 102
697 103
696 104
695 105
694 106
693 107
692 108
691 109
690 110
689 111
688 112
687 113
686 114
685 115
684 116
683 117
682 118
681 119
680 120
679 121
678 122
677 123
676 124
675 125
674 126
673 127
672 128
671 129
670 130
669 131
668 132
667 133
666 134
665 135
664 136
663 137
662 138
661 139
660 140
659 141
658 142
657 143
656 144
655 145
654 146
653 147
652 148
651 149
650 150
649 151
648 152
647 153
646 154
645 155
644 156
643 157
642 158
641 159
640 160
639 161
638 162
637 163
636 164
635 165
634 166
633 167
632 168
631 169
630 170
629 171
628 172
627 173
626 174
625 175
624 176
623 177
622 178
621 179
620 180
619 181
618 182
617 183
616 184
615 185
614 186
613 187
612 188
611 189
610 190
609 191
608 192
607 193
606 194
605 195
604 196
603 197
602 198
601 199
600 100
599 101
598 102
597 103
596 104
595 105
594 106
593 107
592 108
591 109
590 110
589 111
588 112
587 113
586 114
585 115
584 116
583 117
582 118
581 119
580 120
579 121
578 122
577 123
576 124
575 125
574 126
573 127
572 128
571 129
570 130
569 131
568 132
567 133
566 134
565 135
564 136
563 137
562 138
561 139
560 140
559 141
558 142
557 143
556 144
555 145
554 146
553 147
552 148
551 149
550 150
549 151
548 152
547 153
546 154
545 155
544 156
543 157
542 158
541 159
540 160
539 161
538 162
537 163
536 164
535 165
534 166
533 167
532 168
531 169
530 170
529 171
528 172
527 173
526 174
525 175
524 176
523 177
522 178
521 179
520 180
519 181
518 182
517 183
516 184
515 185
514 186
513 187
512 188
511 189
510 190
509 191
508 192
507 193
506 194
505 195
504 196
503 197
502 198
501 199
500 100
499 101
498 102
497 103
496 104
495 105
494 106
493 107
492 108
491 109
490 110
489 111
488 112
487 113
486 114
485 115
484 116
483 117
482 118
481 119
480 120
479 121
478 122
477 123
476 124
475 125
474 126
473 127
472 128
471 129
470 130
469 131
468 132
467 133
466 134
465 135
464 136
463 137
462 138
461 139
460 140
459 141
458 142
457 143
456 144
455 145
454 146
453 147
452 148
451 149
450 150
449 151
448 152
447 153
446 154
445 155
444 156
443 157
442 158
441 159
440 160
439 161
438 162
437 163
436 164
435 165
434 166
433 167
432 168
431 169
430 170
429 171
428 172
427 173
426 174
425 175
424 176
423 177
422 178
421 179
420 180
419 181
418 182
417 183
416 184
415 185
414 186
413 187
412 188
411 189
410 190
409 191
408 192
407 193
406 194
405 195
404 196
403 197
402 198
401 199
400 100
399 101
398 102
397 103
396 104
395 105
394 106
393 107
392 108
391 109
390 110
389 111
388 112
387 113
386 114
385 115
384 116
383 117
382 118
381 119
380 120
379 121
378 122
377 123
376 124
375 125
374 126
373 127
372 128
371 129
370 130
369 131
368 132
367 133
366 134
365 135
364 136
363 137
362 138
361 139
360 140
359 141
358 142
357 143
356 144
355 145
354 146
353 147
352 148
351 149
350 150
349 151
348 152
347 153
346 154
345 155
344 156
343 157
342 158
341 159
340 160
339 161
338 162
337 163
336 164
335 165
334 166
333 167
332 168
331 169
330 170
329 171
328 172
327 173
326 174
325 175
324 176
323 177
322 178
321 179
320 180
319 181
318 182
317 183
316 184
315 185
314 186
313 187
312 188
311 189
310 190
309 191
308 192
307 193
306 194
305 195
304 196
303 197
302 198
301 199
300 100
299 101
298 102
297 103
296 104
295 105
294 106
293 107
292 108
291 109
290 110
289 111
288 112
287 113
286 114
285 115
284 116
283 117
282 118
281 119
280 120
279 121
278 122
277 123
276 124
275 125
274 126
273 127
272 128
271 129
270 130
269 131
268 132
267 133
266 134
265 135
264 136
263 137
262 138
261 139
260 140
259 141
258 142
257 143
256 144
255 145
254 146
253 147
252 148
251 149
250 150
249 151
248 152
247 153
246 154
245 155
244 156
243 157
242 158
241 159
240 160
239 161
238 162
237 163
236 164
235 165
234 166
233 167
232 168
231 169
230 170
229 171
228 172
227 173
226 174
225 175
224 176
223 177
222 178
221 179
220 180
219 181
218 182
217 183
216 184
215 185
214 186
213 187
212 188
211 189
210 190
209 191
208 192
207 193
206 194
205 195
204 196
203 197
202 198
201 199
200 100
199 101
198 102
197 103
196 104
195 105
194 106
193 107
192 108
191 109
190 110
189 111
188 112
187 113
186 114
185 115
184 116
183 117
182 118
181 119
180 120
179 121
178 122
177 123
176 124
175 125
174 126
173 127
172 128
171 129
170 130
169 131
168 132
167 133
166 134
165 135
164 136
163 137
162 138
161 139
160 140
159 141
158 142
157 143
156 144
155 145
154 146
153 147
152 148
151 149
150 150
149 151
148 152
147 153
146 154
145 155
144 156
143 157
142 158
141 159
140 160
139 161
138 162
137 163
136 164
135 165
134 166
133 167
132 168
131 169
130 170
129 171
128 172
127 173
126 174
125 175
124 176
123 177
122 178
121 179
120 180
119 181
118 182
117 183
116 184
115 185
114 186
113 187
112 188
111 189
110 190
109 191
108 192
107 193
106 194
105 195
104 196
103 197
102 198
101 199
100 100
99 101
98 102
97 103
96 104
95 105
94 106
93 107
92 108
91 109
90 110
89 111
88 112
87 113
86 114
85 115
84 116
83 117
82 118
81 119
80 120
79 121
78 122
77 123
76 124
75 125
74 126
73 127
72 128
71 129
70 130
69 131
68 132
67 133
66 134
65 135
64 136
63 137
62 138
61 139
60 140
59 141
58 142
57 143
56 144
55 145
54 146
53 147
52 148
51 149
50 150
49 151
48 152
47 153
46 154
45 155
44 156
43 157
42 158
41 159
40 160
39 161
38 162
37 163
36 164
35 165
34 166
33 167
32 168
31 169
30 170
29 171
28 172
27 173
26 174
25 175
24 176
23 177
22 178
21 179
20 180
19 181
18 182
17 183
16 184
15 185
14 186
13 187
12 188
11 189
10 190
9 191
8 192
7 193
6 194
5 195
4 196
3 197
2 198
1 199
0 100
999 101
998 102
997 103
996 104
995 105
994 106
993 107
992 108
991 109
990 110
989 111
988 112
987 113
986 114
985 115
984 116
983 117
982 118
981 119
980 120
979 121
978 122
977 123
976 124
975 125
974 126
973 127
972 128
971 129
970 130
969 131
968 132
967 133
966 134
965 135
964 136
963 137
962 138
961 139
960 140
959 141
958 142
957 143
956 144
955 145
954 146
953 147
952 148
951 149
950 150
949 151
948 152
947 153
946 154
945 155
944 156
943 157
942 158
941 159
940 160
939 161
938 162
937 163
936 164
935 165
934 166
933 167
932 168
931 169
930 170
929 171
928 172
927 173
926 174
925 175
924 176
923 177
922 178
921 179
920 180
919 181
918 182
917 183
916 184
915 185
914 186
913 187
912 188
911 189
910 190
909 191
908 192
907 193
906 194
905 195
904 196
903 197
902 198
901 199
900 100
899 101
898 102
897 103
896 104
895 105
894 106
893 107
892 108
891 109
890 110
889 111
888 112
887 113
886 114
885 115
884 116
883 117
882 118
881 119
880 120
879 121
878 122
877 123
876 124
875 125
874 126
873 127
872 128
871 129
870 130
869 131
868 132
867 133
866 134
865 135
864 136
863 137
862 138
861 139
860 140
859 141
858 142
857 143
856 144
855 145
854 146
853 147
852 148
851 149
850 150
849 151
848 152
847 153
846 154
845 155
844 156
843 157
842 158
841 159
840 160
839 161
838 162
837 163
836 164
835 165
834 166
833 167
832 168
831 169
830 170
829 171
828 172
827 173
826 174
825 175
824 176
823 177
822 178
821 179
820 180
819 181
818 182
817 183
816 184
815 185
814 186
813 187
812 188
811 189
810 190
809 191
808 192
807 193
806 194
805 195
804 196
803 197
802 198
801 199
800 100
799 101
798 102
797 103
796 104
795 105
794 106
793 107
792 108
791 109
790 110
789 111
788 112
787 113
786 114
785 115
784 116
783 117
782 118
781 119
780 120
779 121
778 122
777 123
776 124
775 125
774 126
773 127
772 128
771 129
770 130
769 131
768 132
767 133
766 134
765 135
764 136
763 137
762 138
761 139
760 140
759 141
758 142
757 143
756 144
755 145
754 146
753 147
752 148
751 149
750 150
749 151
748 152
747 153
746 154
745 155
744 156
743 157
742 158
741 159
740 160
739 161
738 162
737 163
736 164
735 165
734 166
733 167
732 168
731 169
730 170
729 171
728 172
727 173
726 174
725 175
724 176
723 177
722 178
721 179
720 180
719 181
718 182
717 183
716 184
715 185
714 186
713 187
712 188
711 189
710 190
709 191
708 192
707 193
706 194
705 195
704 196
703 197
702 198
701 199
700 100
699 101
698 102
697 103
696 104
695 105
694 106
693 107
692 108
691 109
690 110
689 111
688 112
687 113
686 114
685 115
684 116
683 117
682 118
681 119
680 120
679 121
678 122
677 123
676 124
675 125
674 126
673 127
672 128
671 129
670 130
669 131
668 132
667 133
666 134
665 135
664 136
663 137
662 138
661 139
660 140
659 141
658 142
657 143
656 144
655 145
654 146
653 147
652 148
651 149
650 150
649 151
648 152
647 153
646 154
645 155
644 156
643 157
642 158
641 159
640 160
639 161
638 162
637 163
636 164
635 165
634 166
633 167
632 168
631 169
630 170
629 171
628 172
627 173
626 174
625 175
624 176
623 177
622 178
621 179
620 180
619 181
618 182
617 183
616 184
615 185
614 186
613 187
612 188
611 189
610 190
609 191
608 192
607 193
606 194
605 195
604 196
603 197
602 198
601 199
600 100
599 101
598 102
597 103
596 104
595 105
594 106
593 107
592 108
591 109
590 110
589 111
588 112
587 113
586 114
585 115
584 116
583 117
582 118
581 119
580 120
579 121
578 122
577 123
576 124
575 125
574 126
573 127
572 128
571 129
570 130
569 131
568 132
567 133
566 134
565 135
564 136
563 137
562 138
561 139
560 140
559 141
558 142
557 143
556 144
555 145
554 146
553 147
552 148
551 149
550 150
549 151
548 152
547 153
546 154
545 155
544 156
543 157
542 158
541 159
540 160
539 161
538 162
537 163
536 164
535 165
534 166
533 167
532 168
531 169
530 170
529 171
528 172
527 173
526 174
525 175
524 176
523 177
522 178
521 179
520 180
519 181
518 182
517 183
516 184
515 185
514 186
513 187
512 188
511 189
510 190
509 191
508 192
507 193
506 194
505 195
504 196
503 197
502 198
501 199
500 100
499 101
498 102
497 103
496 104
495 105
494 106
493 107
492 108
491 109
490 110
489 111
488 112
487 113
486 114
485 115
484 116
483 117
482 118
481 119
480 120
479 121
478 122
477 123
476 124
475 125
474 126
473 127
472 128
471 129
470 130
469 131
468 132
467 133
466 134
465 135
464 136
463 137
462 138
461 139
460 140
459 141
458 142
457 143
456 144
455 145
454 146
453 147
452 148
451 149
450 150
449 151
448 152
447 153
446 154
445 155
444 156
443 157
442 158
441 159
440 160
439 161
438 162
437 163
436 164
435 165
434 166
433 167
432 168
431 169
430 170
429 171
428 172
427 173
426 174
425 175
424 176
423 177
422 178
421 179
420 180
419 181
418 182
417 183
416 184
415 185
414 186
413 187
412 188
411 189
410 190
409 191
408 192
407 193
406 194
405 195
404 196
403 197
402 198
401 199
400 100
399 101
398 102
397 103
396 104
395 105
394 106
393 107
392 108
391 109
390 110
389 111
388 112
387 113
386 114
385 115
384 116
383 117
382 118
381 119
380 120
379 121
378 122
377 123
376 124
375 125
374 126
373 127
372 128
371 129
370 130
369 131
368 132
367 133
366 134
365 135
364 136
363 137
362 138
361 139
360 140
359 141
358 142
357 143
356 144
355 145
354 146
353 147
352 148
351 149
350 150
349 151
348 152
347 153
346 154
345 155
344 156
343 157
342 158
341 159
340 160
339 161
338 162
337 163
336 164
335 165
334 166
333 167
332 168
331 169
330 170
329 171
328 172
327 173
326 174
325 175
324 176
323 177
322 178
321 179
320 180
319 181
318 182
317 183
316 184
315 185
314 186
313 187
312 188
311 189
310 190
309 191
308 192
307 193
306 194
305 195
304 196
303 197
302 198
301 199
300 100
299 101
298 102
297 103
296 104
295 105
294 106
293 107
292 108
291 109
290 110
289 111
288 112
287 113
286 114
285 115
284 116
283 117
282 118
281 119
280 120
279 121
278 122
277 123
276 124
275 125
274 126
273 127
272 128
271 129
270 130
269 131
268 132
267 133
266 134
265 135
264 136
263 137
262 138
261 139
260 140
259 141
258 142
257 143
256 144
255 145
254 146
253 147
252 148
251 149
250 150
249 151
248 152
247 153
246 154
245 155
244 156
243 157
242 158
241 159
240 160
239 161
238 162
237 163
236 164
235 165
234 166
233 167
232 168
231 169
230 170
229 171
228 172
227 173
226 174
225 175
224 176
223 177
222 178
221 179
220 180
219 181
218 182
217 183
216 184
215 185
214 186
213 187
212 188
211 189
210 190
209 191
208 192
207 193
206 194
205 195
204 196
203 197
202 198
201 199
200 100
199 101
198 102
197 103
196 104
195 105
194 106
193 107
192 108
191 109
190 110
189 111
188 112
187 113
186 114
185 115
184 116
183 117
182 118
181 119
180 120
179 121
178 122
177 123
176 124
175 125
174 126
173 127
172 128
171 129
170 130
169 131
168 132
167 133
166 134
165 135
164 136
163 137
162 138
161 139
160 140
159 141
158 142
157 143
156 144
155 145
154 146
153 147
152 148
151 149
150 150
149 151
148 152
147 153
146 154
145 155
144 156
143 157
142 158
141 159
140 160
139 161
138 162
137 163
136 164
135 165
134 166
133 167
132 168
131 169
130 170
129 171
128 172
127 173
126 174
125 175
124 176
123 177
122 178
121 179
120 180
119 181
118 182
117 183
116 184
115 185
114 186
113 187
112 188
111 189
110 190
109 191
108 192
107 193
106 194
105 195
104 196
103 197
102 198
101 199
100 100
99 101
98 102
97 103
96 104
95 105
94 106
93 107
92 108
91 109
90 110
89 111
88 112
87 113
86 114
85 115
84 116
83 117
82 118
81 119
80 120
79 121
78 122
77 123
76 124
75 125
74 126
73 127
72 128
71 129
70 130
69 131
68 132
67 133
66 134
65 135
64 136
63 137
62 138
61 139
60 140
59 141
58 142
57 143
56 144
55 145
54 146
53 147
52 148
51 149
50 150
49 151
48 152
47 153
46 154
45 155
44 156
43 157
42 158
41 159
40 160
39 161
38 162
37 163
36 164
35 165
34 166
33 167
32 168
31 169
30 170
29 171
28 172
27 173
26 174
25 175
24 176
23 177
22 178
21 179
20 180
19 181
18 182
17 183
16 184
15 185
14 186
13 187
12 188
11 189
10 190
9 191
8 192
7 193
6 194
5 195
4 196
3 197
2 198
1 199
0 100
1 101
2 102
3 103
4 104
5 105
6 106
7 107
8 108
9 109
10 110
11 111
12 112
13 113
14 114
15 115
16 116
17 117
18 118
19 119
20 120
21 121
22 122
23 123
24 124
25 125
26 126
27 127
28 128
29 129
30 130
31 131
32 132
33 133
34 134
35 135
36 136
37 137
38 138
39 139
40 140
41 141
42 142
43 143
44 144
45 145
46 146
47 147
48 148
49 149
50 150
51 151
52 152
53 153
54 154
55 155
56 156
57 157
58 158
59 159
60 160
61 161
62 162
63 163
64 164
65 165
66 166
67 167
68 168
69 169
70 170
71 171
72 172
73 173
74 174
75 175
76 176
77 177
78 178
79 179
80 180
81 181
82 182
83 183
84 184
85 185
86 186
87 187
88 188
89 189
90 190
91 191
92 192
93 193
94 194
95 195
96 196
97 197
98 198
99 199
100 100
101 101
102 102
103 103
104 104
105 105
106 106
107 107
108 108
109 109
110 110
111 111
112 112
113 113
114 114
115 115
116 116
117 117
118 118
119 119
120 120
121 121
122 122
123 123
124 124
125 125
126 126
127 127
128 128
129 129
130 130
131 131
132 132
133 133
134 134
135 135
136 136
137 137
138 138
139 139
140 140
141 141
142 142
143 143
144 144
145 145
146 146
147 147
148 148
149 149
150 150
151 151
152 152
153 153
154 154
155 155
156 156
157 157
158 158
159 159
160 160
161 161
162 162
163 163
164 164
165 165
166 166
167 167
168 168
169 169
170 170
171 171
172 172
173 173
174 174
175 175
176 176
177 177
178 178
179 179
180 180
181 181
182 182
183 183
184 184
185 185
186 186
187 187
188 188
189 189
190 190
191 191
192 192
193 193
194 194
195 195
196 196
197 197
198 198
199 199
200 100
201 101
202 102
203 103
204 104
205 105
206 106
207 107
208 108
209 109
210 110
211 111
212 112
213 113
214 114
215 115
216 116
217 117
218 118
219 119
220 120
221 121
222 122
223 123
224 124
225 125
226 126
227 127
228 128
229 129
230 130
231 131
232 132
233 133
234 134
235 135
236 136
237 137
238 138
239 139
240 140
241 141
242 142
243 143
244 144
245 145
246 146
247 147
248 148
249 149
250 150
251 151
252 152
253 153
254 154
255 155
256 156
257 157
258 158
259 159
260 160
261 161
262 162
263 163
264 164
265 165
266 166
267 167
268 168
269 169
270 170
271 171
272 172
273 173
274 174
275 175
276 176
277 177
278 178
279 179
280 180
281 181
282 182
283 183
284 184
285 185
286 186
287 187
288 188
289 189
290 190
291 191
292 192
293 193
294 194
295 195
296 196
297 197
298 198
299 199
300 100
301 101
302 102
303 103
304 104
305 105
306 106
307 107
308 108
309 109
310 110
311 111
312 112
313 113
314 114
315 115
316 116
317 117
318 118
319 119
320 120
321 121
322 122
323 123
324 124
325 125
326 126
327 127
328 128
329 129
330 130
331 131
332 132
333 133
334 134
335 135
336 136
337 137
338 138
339 139
340 140
341 141
342 142
343 143
344 144
345 145
346 146
347 147
348 148
349 149
350 150
351 151
352 152
353 153
354 154
355 155
356 156
357 157
358 158
359 159
360 160
361 161
362 162
363 163
364 164
365 165
366 166
367 167
368 168
369 169
370 170
371 171
372 172
373 173
374 174
375 175
376 176
377 177
378 178
379 179
380 180
381 181
382 182
383 183
384 184
385 185
386 186
387 187
388 188
389 189
390 190
391 191
392 192
393 193
394 194
395 195
396 196
397 197
398 198
399 199
400 100
401 101
402 102
403 103
404 104
405 105
406 106
407 107
408 108
409 109
410 110
411 111
412 112
413 113
414 114
415 115
416 116
417 117
418 118
419 119
420 120
421 121
422 122
423 123
424 124
425 125
426 126
427 127
428 128
429 129
430 130
431 131
432 132
433 133
434 134
435 135
436 136
437 137
438 138
439 139
440 140
441 141
442 142
443 143
444 144
445 145
446 146
447 147
448 148
449 149
450 150
451 151
452 152
453 153
454 154
455 155
456 156
457 157
458 158
459 159
460 160
461 161
462 162
463 163
464 164
465 165
466 166
467 167
468 168
469 169
470 170
471 171
472 172
473 173
474 174
475 175
476 176
477 177
478 178
479 179
480 180
481 181
482 182
483 183
484 184
485 185
486 186
487 187
488 188
489 189
490 190
491 191
492 192
493 193
494 194
495 195
496 196
497 197
498 198
499 199
500 100
501 101
502 102
503 103
504 104
505 105
506 106
507 107
508 108
509 109
510 110
511 111
512 112
513 113
514 114
515 115
516 116
517 117
518 118
519 119
520 120
521 121
522 122
523 123
524 124
525 125
526 126
527 127
528 128
529 129
530 130
531 131
532 132
533 133
534 134
535 135
536 136
537 137
538 138
539 139
540 140
541 141
542 142
543 143
544 144
545 145
546 146
547 147
548 148
549 149
550 150
551 151
552 152
553 153
554 154
555 155
556 156
557 157
558 158
559 159
560 160
561 161
562 162
563 163
564 164
565 165
566 166
567 167
568 168
569 169
570 170
571 171
572 172
573 173
574 174
575 175
576 176
577 177
578 178
579 179
580 180
581 181
582 182
583 183
584 184
585 185
586 186
587 187
588 188
589 189
590 190
591 191
592 192
593 193
594 194
595 195
596 196
597 197
598 198
599 199
600 100
601 101
602 102
603 103
604 104
605 105
606 106
607 107
608 108
609 109
610 110
611 111
612 112
613 113
614 114
615 115
616 116
617 117
618 118
619 119
620 120
621 121
622 122
623 123
624 124
625 125
626 126
627 127
628 128
629 129
630 130
631 131
632 132
633 133
634 134
635 135
636 136
637 137
638 138
639 139
640 140
641 141
642 142
643 143
644 144
645 145
646 146
647 147
648 148
649 149
650 150
651 151
652 152
653 153
654 154
655 155
656 156
657 157
658 158
659 159
660 160
661 161
662 162
663 163
664 164
665 165
666 166
667 167
668 168
669 169
670 170
671 171
672 172
673 173
674 174
675 175
676 176
677 177
678 178
679 179
680 180
681 181
682 182
683 183
684 184
685 185
686 186
687 187
688 188
689 189
690 190
691 191
692 192
693 193
694 194
695 195
696 196
697 197
698 198
699 199
700 100
701 101
702 102
703 103
704 104
705 105
706 106
707 107
708 108
709 109
710 110
711 111
712 112
713 113
714 114
715 115
716 116
717 117
718 118
719 119
720 120
721 121
722 122
723 123
724 124
725 125
726 126
727 127
728 128
729 129
730 130
731 131
732 132
733 133
734 134
735 135
736 136
737 137
738 138
739 139
740 140
741 141
742 142
743 143
744 144
745 145
746 146
747 147
748 148
749 149
750 150
751 151
752 152
753 153
754 154
755 155
756 156
757 157
758 158
759 159
760 160
761 161
762 162
763 163
764 164
765 165
766 166
767 167
768 168
769 169
770 170
771 171
772 172
773 173
774 174
775 175
776 176
777 177
778 178
779 179
780 180
781 181
782 182
783 183
784 184
785 185
786 186
787 187
788 188
789 189
790 190
791 191
792 192
793 193
794 194
795 195
796 196
797 197
798 198
799 199
800 100
801 101
802 102
803 103
804 104
805 105
806 106
807 107
808 108
809 109
810 110
811 111
812 112
813 113
814 114
815 115
816 116
817 117
818 118
819 119
820 120
821 121
822 122
823 123
824 124
825 125
826 126
827 127
828 128
829 129
830 130
831 131
832 132
833 133
834 134
835 135
836 136
837 137
838 138
839 139
840 140
841 141
842 142
843 143
844 144
845 145
846 146
847 147
848 148
849 149
850 150
851 151
852 152
853 153
854 154
855 155
856 156
857 157
858 158
859 159
860 160
861 161
862 162
863 163
864 164
865 165
866 166
867 167
868 168
869 169
870 170
871 171
872 172
873 173
874 174
875 175
876 176
877 177
878 178
879 179
880 180
881 181
882 182
883 183
884 184
885 185
886 186
887 187
888 188
889 189
890 190
891 191
892 192
893 193
894 194
895 195
896 196
897 197
898 198
899 199
900 100
901 101
902 102
903 103
904 104
905 105
906 106
907 107
908 108
909 109
910 110
911 111
912 112
913 113
914 114
915 115
916 116
917 117
918 118
919 119
920 120
921 121
922 122
923 123
924 124
925 125
926 126
927 127
928 128
929 129
930 130
931 131
932 132
933 133
934 134
935 135
936 136
937 137
938 138
939 139
940 140
941 141
942 142
943 143
944 144
945 145
946 146
947 147
948 148
949 149
950 150
951 151
952 152
953 153
954 154
955 155
956 156
957 157
958 158
959 159
960 160
961 161
962 162
963 163
964 164
965 165
966 166
967 167
968 168
969 169
970 170
971 171
972 172
973 173
974 174
975 175
976 176
977 177
978 178
979 179
980 180
981 181
982 182
983 183
984 184
985 185
986 186
987 187
988 188
989 189
990 190
991 191
992 192
993 193
994 194
995 195
996 196
997 197
998 198
999 199
0 100
1 101
2 102
3 103
4 104
5 105
6 106
7 107
8 108
9 109
10 110
11 111
12 112
13 113
14 114
15 115
16 116
17 117
18 118
19 119
20 120
21 121
22 122
23 123
24 124
25 125
26 126
27 127
28 128
29 129
30 130
31 131
32 132
33 133
34 134
35 135
36 136
37 137
38 138
39 139
40 140
41 141
42 142
43 143
44 144
45 145
46 146
47 147
48 148
49 149
50 150
51 151
52 152
53 153
54 154
55 155
56 156
57 157
58 158
59 159
60 160
61 161
62 162
63 163
64 164
65 165
66 166
67 167
68 168
69 169
70 170
71 171
72 172
73 173
74 174
75 175
76 176
77 177
78 178
79 179
80 180
81 181
82 182
83 183
84 184
85 185
86 186
87 187
88 188
89 189
90 190
91 191
92 192
93 193
94 194
95 195
96 196
97 197
98 198
99 199
100 100
101 101
102 102
103 103
104 104
105 105
106 106
107 107
108 108
109 109
110 110
111 111
112 112
113 113
114 114
115 115
116 116
117 117
118 118
119 119
120 120
121 121
122 122
123 123
124 124
125 125
126 126
127 127
128 128
129 129
130 130
131 131
132 132
133 133
134 134
135 135
136 136
137 137
138 138
139 139
140 140
141 141
142 142
143 143
144 144
145 145
146 146
147 147
148 148
149 149
150 150
151 151
152 152
153 153
154 154
155 155
156 156
157 157
158 158
159 159
160 160
161 161
162 162
163 163
164 164
165 165
166 166
167 167
168 168
169 169
170 170
171 171
172 172
173 173
174 174
175 175
176 176
177 177
178 178
179 179
180 180
181 181
182 182
183 183
184 184
185 185
186 186
187 187
188 188
189 189
190 190
191 191
192 192
193 193
194 194
195 195
196 196
197 197
198 198
199 199
200 100
201 101
202 102
203 103
204 104
205 105
206 106
207 107
208 108
209 109
210 110
211 111
212 112
213 113
214 114
215 115
216 116
217 117
218 118
219 119
220 120
221 121
222 122
223 123
224 124
225 125
226 126
227 127
228 128
229 129
230 130
231 131
232 132
233 133
234 134
235 135
236 136
237 137
238 138
239 139
240 140
241 141
242 142
243 143
244 144
245 145
246 146
247 147
248 148
249 149
250 150
251 151
252 152
253 153
254 154
255 155
256 156
257 157
258 158
259 159
260 160
261 161
262 162
263 163
264 164
265 165
266 166
267 167
268 168
269 169
270 170
271 171
272 172
273 173
274 174
275 175
276 176
277 177
278 178
279 179
280 180
281 181
282 182
283 183
284 184
285 185
286 186
287 187
288 188
289 189
290 190
291 191
292 192
293 193
294 194
295 195
296 196
297 197
298 198
299 199
300 100
301 101
302 102
303 103
304 104
305 105
306 106
307 107
308 108
309 109
310 110
311 111
312 112
313 113
314 114
315 115
316 116
317 117
318 118
319 119
320 120
321 121
322 122
323 123
324 124
325 125
326 126
327 127
328 128
329 129
330 130
331 131
332 132
333 133
334 134
335 135
336 136
337 137
338 138
339 139
340 140
341 141
342 142
343 143
344 144
345 145
346 146
347 147
348 148
349 149
350 150
351 151
352 152
353 153
354 154
355 155
356 156
357 157
358 158
359 159
360 160
361 161
362 162
363 163
364 164
365 165
366 166
367 167
368 168
369 169
370 170
371 171
372 172
373 173
374 174
375 175
376 176
377 177
378 178
379 179
380 180
381 181
382 182
383 183
384 184
385 185
386 186
387 187
388 188
389 189
390 190
391 191
392 192
393 193
394 194
395 195
396 196
397 197
398 198
399 199
400 100
401 101
402 102
403 103
404 104
405 105
406 106
407 107
408 108
409 109
410 110
411 111
412 112
413 113
414 114
415 115
416 116
417 117
418 118
419 119
420 120
421 121
422 122
423 123
424 124
425 125
426 126
427 127
428 128
429 129
430 130
431 131
432 132
433 133
434 134
435 135
436 136
437 137
438 138
439 139
440 140
441 141
442 142
443 143
444 144
445 145
446 146
447 147
448 148
449 149
450 150
451 151
452 152
453 153
454 154
455 155
456 156
457 157
458 158
459 159
460 160
461 161
462 162
463 163
464 164
465 165
466 166
467 167
468 168
469 169
470 170
471 171
472 172
473 173
474 174
475 175
476 176
477 177
478 178
479 179
480 180
481 181
482 182
483 183
484 184
485 185
486 186
487 187
488 188
489 189
490 190
491 191
492 192
493 193
494 194
495 195
496 196
497 197
498 198
499 199
500 100
501 101
502 102
503 103
504 104
505 105
506 106
507 107
508 108
509 109
510 110
511 111
512 112
513 113
514 114
515 115
516 116
517 117
518 118
519 119
520 120
521 121
522 122
523 123
524 124
525 125
526 126
527 127
528 128
529 129
530 130
531 131
532 132
533 133
534 134
535 135
536 136
537 137
538 138
539 139
540 140
541 141
542 142
543 143
544 144
545 145
546 146
547 147
548 148
549 149
550 150
551 151
552 152
553 153
554 154
555 155
556 156
557 157
558 158
559 159
560 160
561 161
562 162
563 163
564 164
565 165
566 166
567 167
568 168
569 169
570 170
571 171
572 172
573 173
574 174
575 175
576 176
577 177
578 178
579 179
580 180
581 181
582 182
583 183
584 184
585 185
586 186
587 187
588 188
589 189
590 190
591 191
592 192
593 193
594 194
595 195
596 196
597 197
598 198
599 199
600 100
601 101
602 102
603 103
604 104
605 105
606 106
607 107
608 108
609 109
610 110
611 111
612 112
613 113
614 114
615 115
616 116
617 117
618 118
619 119
620 120
621 121
622 122
623 123
624 124
625 125
626 126
627 127
628 128
629 129
630 130
631 131
632 132
633 133
634 134
635 135
636 136
637 137
638 138
639 139
640 140
641 141
642 142
643 143
644 144
645 145
646 146
647 147
648 148
649 149
650 150
651 151
652 152
653 153
654 154
655 155
656 156
657 157
658 158
659 159
660 160
661 161
662 162
663 163
664 164
665 165
666 166
667 167
668 168
669 169
670 170
671 171
672 172
673 173
674 174
675 175
676 176
677 177
678 178
679 179
680 180
681 181
682 182
683 183
684 184
685 185
686 186
687 187
688 188
689 189
690 190
691 191
692 192
693 193
694 194
695 195
696 196
697 197
698 198
699 199
700 100
701 101
702 102
703 103
704 104
705 105
706 106
707 107
708 108
709 109
710 110
711 111
712 112
713 113
714 114
715 115
716 116
717 117
718 118
719 119
720 120
721 121
722 122
723 123
724 124
725 125
726 126
727 127
728 128
729 129
730 130
731 131
732 132
733 133
734 134
735 135
736 136
737 137
738 138
739 139
740 140
741 141
742 142
743 143
744 144
745 145
746 146
747 147
748 148
749 149
750 150
751 151
752 152
753 153
754 154
755 155
756 156
757 157
758 158
759 159
760 160
761 161
762 162
763 163
764 164
765 165
766 166
767 167
768 168
769 169
770 170
771 171
772 172
773 173
774 174
775 175
776 176
777 177
778 178
779 179
780 180
781 181
782 182
783 183
784 184
785 185
786 186
787 187
788 188
789 189
790 190
791 191
792 192
793 193
794 194
795 195
796 196
797 197
798 198
799 199
800 100
801 101
802 102
803 103
804 104
805 105
806 106
807 107
808 108
809 109
810 110
811 111
812 112
813 113
814 114
815 115
816 116
817 117
818 118
819 119
820 120
821 121
822 122
823 123
824 124
825 125
826 126
827 127
828 128
829 129
830 130
831 131
832 132
833 133
834 134
835 135
836 136
837 137
838 138
839 139
840 140
841 141
842 142
843 143
844 144
845 145
846 146
847 147
848 148
849 149
850 150
851 151
852 152
853 153
854 154
855 155
856 156
857 157
858 158
859 159
860 160
861 161
862 162
863 163
864 164
865 165
866 166
867 167
868 168
869 169
870 170
871 171
872 172
873 173
874 174
875 175
876 176
877 177
878 178
879 179
880 180
881 181
882 182
883 183
884 184
885 185
886 186
887 187
888 188
889 189
890 190
891 191
892 192
893 193
894 194
895 195
896 196
897 197
898 198
899 199
900 100
901 101
902 102
903 103
904 104
905 105
906 106
907 107
908 108
909 109
910 110
911 111
912 112
913 113
914 114
915 115
916 116
917 117
918 118
919 119
920 120
921 121
922 122
923 123
924 124
925 125
926 126
927 127
928 128
929 129
930 130
931 131
932 132
933 133
934 134
935 135
936 136
937 137
938 138
939 139
940 140
941 141
942 142
943 143
944 144
945 145
946 146
947 147
948 148
949 149
950 150
951 151
952 152
953 153
954 154
955 155
956 156
957 157
958 158
959 159
960 160
961 161
962 162
963 163
964 164
965 165
966 166
967 167
968 168
969 169
970 170
971 171
972 172
973 173
974 174
975 175
976 176
977 177
978 178
979 179
980 180
981 181
982 182
983 183
984 184
985 185
986 186
987 187
988 188
989 189
990 190
991 191
992 192
993 193
994 194
995 195
996 196
997 197
998 198
999 199
0 100
